Running 10s test @ http://localhost
  2 threads and 10 connections
  Thread Stats   Avg      Stdev     Max   +/- Stdev
    Latency     4.95s     2.75s    9.72s    58.44%
    Req/Sec       -nan      -nan   0.00      0.00%
  Latency Distribution (HdrHistogram - Recorded Latency)
 50.000%    4.74s 
 75.000%    7.43s 
 90.000%    8.77s 
 99.000%    9.61s 
 99.900%    9.70s 
 99.990%    9.72s 
 99.999%    9.72s 
100.000%    9.72s 

  Detailed Percentile spectrum:
       Value   Percentile   TotalCount 1/(1-Percentile)

       0.631     0.000000            1         1.00
    1366.015     0.100000        11308         1.11
    2236.415     0.200000        22619         1.25
    3018.751     0.300000        33928         1.43
    3870.719     0.400000        45225         1.67
    4739.071     0.500000        56540         2.00
    5246.975     0.550000        62186         2.22
    5877.759     0.600000        67863         2.50
    6410.239     0.650000        73546         2.86
    6963.199     0.700000        79163         3.33
    7426.047     0.750000        84841         4.00
    7651.327     0.775000        87641         4.44
    7872.511     0.800000        90489         5.00
    8093.695     0.825000        93302         5.71
    8323.071     0.850000        96107         6.67
    8552.447     0.875000        98995         8.00
    8658.943     0.887500       100398         8.89
    8773.631     0.900000       101765        10.00
    8904.703     0.912500       103256        11.43
    9003.007     0.925000       104584        13.33
    9134.079     0.937500       106081        16.00
    9191.423     0.943750       106786        17.78
    9248.767     0.950000       107431        20.00
    9314.303     0.956250       108187        22.86
    9363.455     0.962500       108827        26.67
    9428.991     0.968750       109596        32.00
    9461.759     0.971875       109948        35.56
    9486.335     0.975000       110261        40.00
    9510.911     0.978125       110658        45.71
    9535.487     0.981250       110998        53.33
    9560.063     0.984375       111317        64.00
    9576.447     0.985938       111558        71.11
    9584.639     0.987500       111657        80.00
    9601.023     0.989062       111846        91.43
    9617.407     0.990625       112041       106.67
    9633.791     0.992188       112199       128.00
    9641.983     0.992969       112285       142.22
    9650.175     0.993750       112400       160.00
    9658.367     0.994531       112506       182.86
    9666.559     0.995313       112612       213.33
    9674.751     0.996094       112701       256.00
    9674.751     0.996484       112701       284.44
    9682.943     0.996875       112789       320.00
    9682.943     0.997266       112789       365.71
    9691.135     0.997656       112872       426.67
    9691.135     0.998047       112872       512.00
    9691.135     0.998242       112872       568.89
    9699.327     0.998437       112962       640.00
    9699.327     0.998633       112962       731.43
    9699.327     0.998828       112962       853.33
    9699.327     0.999023       112962      1024.00
    9707.519     0.999121       113024      1137.78
    9707.519     0.999219       113024      1280.00
    9707.519     0.999316       113024      1462.86
    9707.519     0.999414       113024      1706.67
    9707.519     0.999512       113024      2048.00
    9707.519     0.999561       113024      2275.56
    9707.519     0.999609       113024      2560.00
    9707.519     0.999658       113024      2925.71
    9715.711     0.999707       113059      3413.33
    9715.711     0.999756       113059      4096.00
    9715.711     0.999780       113059      4551.11
    9715.711     0.999805       113059      5120.00
    9715.711     0.999829       113059      5851.43
    9715.711     0.999854       113059      6826.67
    9715.711     0.999878       113059      8192.00
    9715.711     0.999890       113059      9102.22
    9715.711     0.999902       113059     10240.00
    9715.711     0.999915       113059     11702.86
    9715.711     0.999927       113059     13653.33
    9715.711     0.999939       113059     16384.00
    9715.711     0.999945       113059     18204.44
    9715.711     0.999951       113059     20480.00
    9715.711     0.999957       113059     23405.71
    9715.711     0.999963       113059     27306.67
    9715.711     0.999969       113059     32768.00
    9715.711     0.999973       113059     36408.89
    9723.903     0.999976       113062     40960.00
    9723.903     1.000000       113062          inf
#[Mean    =     4948.333, StdDeviation   =     2747.159]
#[Max     =     9715.712, Total count    =       113062]
#[Buckets =           27, SubBuckets     =         2048]
----------------------------------------------------------
  113069 requests in 10.00s, 18.87MB read
Requests/sec:  11306.94
Transfer/sec:      1.89MB
