Running 10s test @ http://localhost
  2 threads and 10 connections
  Thread Stats   Avg      Stdev     Max   +/- Stdev
    Latency    30.14ms   50.16ms 287.49ms   89.10%
    Req/Sec       -nan      -nan   0.00      0.00%
  Latency Distribution (HdrHistogram - Recorded Latency)
 50.000%    9.72ms
 75.000%   30.51ms
 90.000%   88.38ms
 99.000%  247.81ms
 99.900%  282.11ms
 99.990%  286.72ms
 99.999%  287.49ms
100.000%  287.74ms

  Detailed Percentile spectrum:
       Value   Percentile   TotalCount 1/(1-Percentile)

       0.096     0.000000            1         1.00
       1.152     0.100000         9980         1.11
       1.878     0.200000        19958         1.25
       3.209     0.300000        29929         1.43
       5.555     0.400000        39901         1.67
       9.719     0.500000        49888         2.00
      12.215     0.550000        54860         2.22
      15.735     0.600000        59850         2.50
      19.743     0.650000        64839         2.86
      24.063     0.700000        69826         3.33
      30.511     0.750000        74808         4.00
      35.391     0.775000        77304         4.44
      42.271     0.800000        79794         5.00
      50.463     0.825000        82286         5.71
      58.911     0.850000        84788         6.67
      70.911     0.875000        87282         8.00
      77.055     0.887500        88517         8.89
      88.383     0.900000        89768        10.00
     102.207     0.912500        91013        11.43
     115.711     0.925000        92258        13.33
     131.007     0.937500        93506        16.00
     138.239     0.943750        94140        17.78
     144.255     0.950000        94757        20.00
     155.391     0.956250        95377        22.86
     165.503     0.962500        96002        26.67
     177.151     0.968750        96628        32.00
     187.007     0.971875        96932        35.56
     198.143     0.975000        97244        40.00
     212.095     0.978125        97558        45.71
     221.311     0.981250        97867        53.33
     231.039     0.984375        98188        64.00
     234.495     0.985938        98337        71.11
     239.615     0.987500        98494        80.00
     243.967     0.989062        98651        91.43
     250.367     0.990625        98803       106.67
     257.407     0.992188        98961       128.00
     262.143     0.992969        99037       142.22
     265.983     0.993750        99117       160.00
     269.055     0.994531        99196       182.86
     271.615     0.995313        99274       213.33
     273.663     0.996094        99358       256.00
     274.431     0.996484        99393       284.44
     275.455     0.996875        99434       320.00
     276.223     0.997266        99468       365.71
     276.991     0.997656        99504       426.67
     278.015     0.998047        99545       512.00
     278.783     0.998242        99568       568.89
     279.295     0.998437        99582       640.00
     280.575     0.998633        99607       731.43
     281.087     0.998828        99622       853.33
     282.367     0.999023        99643      1024.00
     282.879     0.999121        99657      1137.78
     283.135     0.999219        99662      1280.00
     283.391     0.999316        99669      1462.86
     284.159     0.999414        99682      1706.67
     284.671     0.999512        99689      2048.00
     284.927     0.999561        99696      2275.56
     285.183     0.999609        99702      2560.00
     285.439     0.999658        99706      2925.71
     285.695     0.999707        99709      3413.33
     286.207     0.999756        99717      4096.00
     286.207     0.999780        99717      4551.11
     286.463     0.999805        99721      5120.00
     286.463     0.999829        99721      5851.43
     286.719     0.999854        99728      6826.67
     286.719     0.999878        99728      8192.00
     286.719     0.999890        99728      9102.22
     286.719     0.999902        99728     10240.00
     286.975     0.999915        99730     11702.86
     286.975     0.999927        99730     13653.33
     287.231     0.999939        99732     16384.00
     287.231     0.999945        99732     18204.44
     287.487     0.999951        99736     20480.00
     287.487     0.999957        99736     23405.71
     287.487     0.999963        99736     27306.67
     287.487     0.999969        99736     32768.00
     287.487     0.999973        99736     36408.89
     287.487     0.999976        99736     40960.00
     287.487     0.999979        99736     46811.43
     287.487     0.999982        99736     54613.33
     287.487     0.999985        99736     65536.00
     287.487     0.999986        99736     72817.78
     287.487     0.999988        99736     81920.00
     287.487     0.999989        99736     93622.86
     287.743     0.999991        99737    109226.67
     287.743     1.000000        99737          inf
#[Mean    =       30.145, StdDeviation   =       50.164]
#[Max     =      287.488, Total count    =        99737]
#[Buckets =           27, SubBuckets     =         2048]
----------------------------------------------------------
  99742 requests in 10.00s, 16.65MB read
Requests/sec:   9973.98
Transfer/sec:      1.66MB
