Running 10s test @ http://localhost
  2 threads and 10 connections
  Thread Stats   Avg      Stdev     Max   +/- Stdev
    Latency     2.00ms    1.73ms  21.34ms   89.88%
    Req/Sec       -nan      -nan   0.00      0.00%
  Latency Distribution (HdrHistogram - Recorded Latency)
 50.000%    1.54ms
 75.000%    2.25ms
 90.000%    3.74ms
 99.000%    9.09ms
 99.900%   16.36ms
 99.990%   20.66ms
 99.999%   21.36ms
100.000%   21.36ms

  Detailed Percentile spectrum:
       Value   Percentile   TotalCount 1/(1-Percentile)

       0.083     0.000000            1         1.00
       0.724     0.100000         5017         1.11
       0.923     0.200000        10002         1.25
       1.112     0.300000        14989         1.43
       1.318     0.400000        19992         1.67
       1.536     0.500000        24987         2.00
       1.650     0.550000        27482         2.22
       1.775     0.600000        29986         2.50
       1.906     0.650000        32478         2.86
       2.059     0.700000        34996         3.33
       2.253     0.750000        37480         4.00
       2.383     0.775000        38727         4.44
       2.535     0.800000        39967         5.00
       2.721     0.825000        41214         5.71
       2.963     0.850000        42461         6.67
       3.299     0.875000        43712         8.00
       3.503     0.887500        44328         8.89
       3.743     0.900000        44956        10.00
       4.025     0.912500        45580        11.43
       4.347     0.925000        46213        13.33
       4.723     0.937500        46828        16.00
       4.943     0.943750        47138        17.78
       5.187     0.950000        47452        20.00
       5.471     0.956250        47765        22.86
       5.787     0.962500        48079        26.67
       6.183     0.968750        48387        32.00
       6.415     0.971875        48546        35.56
       6.715     0.975000        48699        40.00
       7.031     0.978125        48856        45.71
       7.387     0.981250        49013        53.33
       7.819     0.984375        49168        64.00
       8.087     0.985938        49245        71.11
       8.463     0.987500        49323        80.00
       8.871     0.989062        49401        91.43
       9.295     0.990625        49479       106.67
      10.023     0.992188        49557       128.00
      10.391     0.992969        49597       142.22
      10.783     0.993750        49635       160.00
      11.439     0.994531        49674       182.86
      11.927     0.995313        49714       213.33
      12.639     0.996094        49752       256.00
      13.071     0.996484        49773       284.44
      13.431     0.996875        49791       320.00
      13.863     0.997266        49811       365.71
      14.287     0.997656        49830       426.67
      14.647     0.998047        49850       512.00
      14.959     0.998242        49860       568.89
      15.255     0.998437        49869       640.00
      15.495     0.998633        49879       731.43
      15.783     0.998828        49889       853.33
      16.479     0.999023        49899      1024.00
      16.623     0.999121        49904      1137.78
      17.103     0.999219        49908      1280.00
      17.695     0.999316        49913      1462.86
      18.255     0.999414        49918      1706.67
      18.767     0.999512        49923      2048.00
      19.407     0.999561        49926      2275.56
      19.471     0.999609        49928      2560.00
      19.535     0.999658        49930      2925.71
      19.695     0.999707        49933      3413.33
      19.839     0.999756        49935      4096.00
      19.967     0.999780        49937      4551.11
      20.335     0.999805        49938      5120.00
      20.399     0.999829        49939      5851.43
      20.431     0.999854        49940      6826.67
      20.607     0.999878        49941      8192.00
      20.655     0.999890        49942      9102.22
      20.751     0.999902        49943     10240.00
      20.751     0.999915        49943     11702.86
      21.071     0.999927        49944     13653.33
      21.071     0.999939        49944     16384.00
      21.087     0.999945        49945     18204.44
      21.087     0.999951        49945     20480.00
      21.087     0.999957        49945     23405.71
      21.295     0.999963        49946     27306.67
      21.295     0.999969        49946     32768.00
      21.295     0.999973        49946     36408.89
      21.295     0.999976        49946     40960.00
      21.295     0.999979        49946     46811.43
      21.359     0.999982        49947     54613.33
      21.359     1.000000        49947          inf
#[Mean    =        1.996, StdDeviation   =        1.733]
#[Max     =       21.344, Total count    =        49947]
#[Buckets =           27, SubBuckets     =         2048]
----------------------------------------------------------
  49951 requests in 10.00s, 8.34MB read
Requests/sec:   4994.92
Transfer/sec:    853.62KB
