Running 10s test @ http://localhost
  2 threads and 10 connections
  Thread Stats   Avg      Stdev     Max   +/- Stdev
    Latency     1.92ms    1.60ms  28.27ms   90.78%
    Req/Sec       -nan      -nan   0.00      0.00%
  Latency Distribution (HdrHistogram - Recorded Latency)
 50.000%    1.59ms
 75.000%    2.24ms
 90.000%    3.37ms
 99.000%    6.72ms
 99.900%   21.68ms
 99.990%   26.19ms
 99.999%   28.29ms
100.000%   28.29ms

  Detailed Percentile spectrum:
       Value   Percentile   TotalCount 1/(1-Percentile)

       0.149     0.000000            1         1.00
       0.738     0.100000         5009         1.11
       0.974     0.200000        10008         1.25
       1.165     0.300000        14991         1.43
       1.362     0.400000        19982         1.67
       1.586     0.500000        24992         2.00
       1.704     0.550000        27474         2.22
       1.829     0.600000        29986         2.50
       1.956     0.650000        32485         2.86
       2.091     0.700000        34977         3.33
       2.241     0.750000        37461         4.00
       2.339     0.775000        38729         4.44
       2.459     0.800000        39960         5.00
       2.601     0.825000        41217         5.71
       2.793     0.850000        42458         6.67
       3.045     0.875000        43707         8.00
       3.189     0.887500        44329         8.89
       3.367     0.900000        44961        10.00
       3.553     0.912500        45579        11.43
       3.771     0.925000        46203        13.33
       4.035     0.937500        46828        16.00
       4.187     0.943750        47143        17.78
       4.351     0.950000        47461        20.00
       4.519     0.956250        47769        22.86
       4.715     0.962500        48075        26.67
       4.963     0.968750        48388        32.00
       5.115     0.971875        48546        35.56
       5.263     0.975000        48700        40.00
       5.439     0.978125        48859        45.71
       5.643     0.981250        49014        53.33
       5.923     0.984375        49169        64.00
       6.079     0.985938        49246        71.11
       6.263     0.987500        49324        80.00
       6.519     0.989062        49402        91.43
       6.859     0.990625        49480       106.67
       7.395     0.992188        49559       128.00
       7.735     0.992969        49597       142.22
       8.431     0.993750        49636       160.00
       9.471     0.994531        49675       182.86
      11.239     0.995313        49715       213.33
      12.655     0.996094        49753       256.00
      13.487     0.996484        49773       284.44
      14.111     0.996875        49792       320.00
      15.399     0.997266        49812       365.71
      16.463     0.997656        49831       426.67
      17.743     0.998047        49851       512.00
      18.351     0.998242        49861       568.89
      19.039     0.998437        49870       640.00
      19.855     0.998633        49880       731.43
      20.927     0.998828        49890       853.33
      21.775     0.999023        49900      1024.00
      22.223     0.999121        49905      1137.78
      22.511     0.999219        49909      1280.00
      22.847     0.999316        49914      1462.86
      23.247     0.999414        49919      1706.67
      23.807     0.999512        49924      2048.00
      23.951     0.999561        49927      2275.56
      24.207     0.999609        49929      2560.00
      24.463     0.999658        49932      2925.71
      24.703     0.999707        49934      3413.33
      25.087     0.999756        49936      4096.00
      25.279     0.999780        49938      4551.11
      25.407     0.999805        49939      5120.00
      25.551     0.999829        49940      5851.43
      26.047     0.999854        49941      6826.67
      26.063     0.999878        49942      8192.00
      26.191     0.999890        49943      9102.22
      26.463     0.999902        49944     10240.00
      26.463     0.999915        49944     11702.86
      26.495     0.999927        49945     13653.33
      26.495     0.999939        49945     16384.00
      27.119     0.999945        49946     18204.44
      27.119     0.999951        49946     20480.00
      27.119     0.999957        49946     23405.71
      27.663     0.999963        49947     27306.67
      27.663     0.999969        49947     32768.00
      27.663     0.999973        49947     36408.89
      27.663     0.999976        49947     40960.00
      27.663     0.999979        49947     46811.43
      28.287     0.999982        49948     54613.33
      28.287     1.000000        49948          inf
#[Mean    =        1.918, StdDeviation   =        1.599]
#[Max     =       28.272, Total count    =        49948]
#[Buckets =           27, SubBuckets     =         2048]
----------------------------------------------------------
  49951 requests in 10.00s, 8.34MB read
Requests/sec:   4995.03
Transfer/sec:    853.64KB
