Running 10s test @ http://localhost
  2 threads and 10 connections
  Thread Stats   Avg      Stdev     Max   +/- Stdev
    Latency     1.31ms    0.97ms  24.40ms   95.18%
    Req/Sec       -nan      -nan   0.00      0.00%
  Latency Distribution (HdrHistogram - Recorded Latency)
 50.000%    1.24ms
 75.000%    1.59ms
 90.000%    1.89ms
 99.000%    4.29ms
 99.900%   15.38ms
 99.990%   24.19ms
 99.999%   24.42ms
100.000%   24.42ms

  Detailed Percentile spectrum:
       Value   Percentile   TotalCount 1/(1-Percentile)

       0.176     0.000000            1         1.00
       0.567     0.100000         1000         1.11
       0.743     0.200000         2001         1.25
       0.924     0.300000         3002         1.43
       1.089     0.400000         3998         1.67
       1.244     0.500000         5001         2.00
       1.316     0.550000         5506         2.22
       1.389     0.600000         5996         2.50
       1.455     0.650000         6496         2.86
       1.524     0.700000         6995         3.33
       1.592     0.750000         7499         4.00
       1.633     0.775000         7749         4.44
       1.672     0.800000         8000         5.00
       1.715     0.825000         8246         5.71
       1.762     0.850000         8498         6.67
       1.823     0.875000         8744         8.00
       1.853     0.887500         8869         8.89
       1.894     0.900000         8996        10.00
       1.939     0.912500         9118        11.43
       1.996     0.925000         9244        13.33
       2.059     0.937500         9370        16.00
       2.095     0.943750         9430        17.78
       2.143     0.950000         9497        20.00
       2.197     0.956250         9555        22.86
       2.269     0.962500         9621        26.67
       2.375     0.968750         9680        32.00
       2.453     0.971875         9712        35.56
       2.597     0.975000         9744        40.00
       2.799     0.978125         9774        45.71
       3.139     0.981250         9805        53.33
       3.397     0.984375         9836        64.00
       3.691     0.985938         9852        71.11
       3.987     0.987500         9868        80.00
       4.211     0.989062         9885        91.43
       4.343     0.990625         9899       106.67
       4.659     0.992188         9914       128.00
       4.743     0.992969         9922       142.22
       4.879     0.993750         9930       160.00
       5.027     0.994531         9938       182.86
       5.215     0.995313         9946       213.33
       5.499     0.996094         9953       256.00
       5.603     0.996484         9957       284.44
       6.075     0.996875         9961       320.00
       6.615     0.997266         9965       365.71
       7.731     0.997656         9969       426.67
      10.367     0.998047         9973       512.00
      10.495     0.998242         9975       568.89
      11.319     0.998437         9977       640.00
      14.759     0.998633         9979       731.43
      14.903     0.998828         9981       853.33
      15.743     0.999023         9983      1024.00
      15.839     0.999121         9984      1137.78
      17.967     0.999219         9985      1280.00
      19.519     0.999316         9986      1462.86
      19.663     0.999414         9987      1706.67
      20.143     0.999512         9988      2048.00
      20.143     0.999561         9988      2275.56
      20.239     0.999609         9989      2560.00
      20.239     0.999658         9989      2925.71
      23.935     0.999707         9990      3413.33
      23.935     0.999756         9990      4096.00
      23.935     0.999780         9990      4551.11
      24.191     0.999805         9991      5120.00
      24.191     0.999829         9991      5851.43
      24.191     0.999854         9991      6826.67
      24.191     0.999878         9991      8192.00
      24.191     0.999890         9991      9102.22
      24.415     0.999902         9992     10240.00
      24.415     1.000000         9992          inf
#[Mean    =        1.307, StdDeviation   =        0.966]
#[Max     =       24.400, Total count    =         9992]
#[Buckets =           27, SubBuckets     =         2048]
----------------------------------------------------------
  9997 requests in 10.00s, 1.67MB read
Requests/sec:    999.52
Transfer/sec:    170.82KB
