Running 10s test @ http://localhost
  2 threads and 10 connections
  Thread Stats   Avg      Stdev     Max   +/- Stdev
    Latency     2.94ms    2.88ms  49.34ms   94.86%
    Req/Sec       -nan      -nan   0.00      0.00%
  Latency Distribution (HdrHistogram - Recorded Latency)
 50.000%    2.39ms
 75.000%    3.07ms
 90.000%    4.27ms
 99.000%   12.60ms
 99.900%   41.50ms
 99.990%   49.31ms
 99.999%   49.38ms
100.000%   49.38ms

  Detailed Percentile spectrum:
       Value   Percentile   TotalCount 1/(1-Percentile)

       0.548     0.000000            1         1.00
       1.487     0.100000         1003         1.11
       1.782     0.200000         1999         1.25
       1.994     0.300000         2998         1.43
       2.195     0.400000         3997         1.67
       2.387     0.500000         4996         2.00
       2.495     0.550000         5497         2.22
       2.617     0.600000         5998         2.50
       2.747     0.650000         6496         2.86
       2.897     0.700000         6998         3.33
       3.073     0.750000         7499         4.00
       3.175     0.775000         7744         4.44
       3.293     0.800000         7998         5.00
       3.445     0.825000         8245         5.71
       3.637     0.850000         8495         6.67
       3.895     0.875000         8744         8.00
       4.057     0.887500         8870         8.89
       4.271     0.900000         8996        10.00
       4.523     0.912500         9119        11.43
       4.843     0.925000         9245        13.33
       5.331     0.937500         9368        16.00
       5.603     0.943750         9430        17.78
       5.899     0.950000         9493        20.00
       6.315     0.956250         9556        22.86
       6.803     0.962500         9618        26.67
       7.499     0.968750         9680        32.00
       7.939     0.971875         9711        35.56
       8.351     0.975000         9744        40.00
       8.791     0.978125         9774        45.71
       9.375     0.981250         9805        53.33
      10.103     0.984375         9837        64.00
      10.871     0.985938         9852        71.11
      11.503     0.987500         9868        80.00
      12.319     0.989062         9883        91.43
      13.007     0.990625         9899       106.67
      15.839     0.992188         9914       128.00
      16.375     0.992969         9922       142.22
      17.615     0.993750         9931       160.00
      18.271     0.994531         9938       182.86
      20.943     0.995313         9946       213.33
      26.431     0.996094         9953       256.00
      27.807     0.996484         9957       284.44
      32.399     0.996875         9961       320.00
      33.535     0.997266         9965       365.71
      35.807     0.997656         9969       426.67
      36.703     0.998047         9973       512.00
      37.375     0.998242         9975       568.89
      38.783     0.998437         9977       640.00
      40.639     0.998633         9979       731.43
      41.247     0.998828         9981       853.33
      43.871     0.999023         9983      1024.00
      44.223     0.999121         9984      1137.78
      44.319     0.999219         9985      1280.00
      44.479     0.999316         9986      1462.86
      44.543     0.999414         9987      1706.67
      44.959     0.999512         9988      2048.00
      44.959     0.999561         9988      2275.56
      48.735     0.999609         9989      2560.00
      48.735     0.999658         9989      2925.71
      49.087     0.999707         9990      3413.33
      49.087     0.999756         9990      4096.00
      49.087     0.999780         9990      4551.11
      49.311     0.999805         9991      5120.00
      49.311     0.999829         9991      5851.43
      49.311     0.999854         9991      6826.67
      49.311     0.999878         9991      8192.00
      49.311     0.999890         9991      9102.22
      49.375     0.999902         9992     10240.00
      49.375     1.000000         9992          inf
#[Mean    =        2.936, StdDeviation   =        2.880]
#[Max     =       49.344, Total count    =         9992]
#[Buckets =           27, SubBuckets     =         2048]
----------------------------------------------------------
  9997 requests in 10.00s, 1.67MB read
Requests/sec:    999.46
Transfer/sec:    170.81KB
