Running 10s test @ http://localhost
  2 threads and 10 connections
  Thread Stats   Avg      Stdev     Max   +/- Stdev
    Latency    27.93ms   51.33ms 264.96ms   87.55%
    Req/Sec       -nan      -nan   0.00      0.00%
  Latency Distribution (HdrHistogram - Recorded Latency)
 50.000%    3.90ms
 75.000%   24.77ms
 90.000%   95.29ms
 99.000%  230.14ms
 99.900%  254.59ms
 99.990%  261.50ms
 99.999%  264.70ms
100.000%  265.21ms

  Detailed Percentile spectrum:
       Value   Percentile   TotalCount 1/(1-Percentile)

       0.091     0.000000            1         1.00
       0.972     0.100000         8989         1.11
       1.403     0.200000        17996         1.25
       1.881     0.300000        26973         1.43
       2.633     0.400000        35963         1.67
       3.901     0.500000        44944         2.00
       4.747     0.550000        49455         2.22
       5.971     0.600000        53937         2.50
       8.067     0.650000        58433         2.86
      12.919     0.700000        62929         3.33
      24.767     0.750000        67419         4.00
      36.959     0.775000        69669         4.44
      47.103     0.800000        71912         5.00
      57.919     0.825000        74161         5.71
      68.351     0.850000        76412         6.67
      78.975     0.875000        78655         8.00
      86.911     0.887500        79782         8.89
      95.295     0.900000        80905        10.00
     102.975     0.912500        82026        11.43
     113.471     0.925000        83148        13.33
     131.071     0.937500        84271        16.00
     143.359     0.943750        84833        17.78
     158.463     0.950000        85397        20.00
     170.239     0.956250        85960        22.86
     179.199     0.962500        86520        26.67
     190.463     0.968750        87088        32.00
     197.119     0.971875        87363        35.56
     203.519     0.975000        87642        40.00
     208.767     0.978125        87925        45.71
     214.271     0.981250        88210        53.33
     219.903     0.984375        88484        64.00
     223.103     0.985938        88625        71.11
     226.175     0.987500        88765        80.00
     228.863     0.989062        88912        91.43
     231.423     0.990625        89054       106.67
     234.367     0.992188        89194       128.00
     236.031     0.992969        89260       142.22
     238.463     0.993750        89332       160.00
     241.535     0.994531        89397       182.86
     243.583     0.995313        89472       213.33
     244.991     0.996094        89538       256.00
     245.887     0.996484        89577       284.44
     247.295     0.996875        89611       320.00
     249.471     0.997266        89644       365.71
     250.623     0.997656        89679       426.67
     251.775     0.998047        89717       512.00
     252.031     0.998242        89730       568.89
     252.671     0.998437        89750       640.00
     253.567     0.998633        89768       731.43
     254.079     0.998828        89787       853.33
     254.847     0.999023        89801      1024.00
     255.615     0.999121        89810      1137.78
     256.127     0.999219        89819      1280.00
     257.023     0.999316        89827      1462.86
     257.663     0.999414        89836      1706.67
     258.687     0.999512        89847      2048.00
     259.071     0.999561        89849      2275.56
     259.327     0.999609        89854      2560.00
     259.711     0.999658        89860      2925.71
     259.967     0.999707        89863      3413.33
     260.351     0.999756        89867      4096.00
     260.479     0.999780        89870      4551.11
     260.607     0.999805        89872      5120.00
     260.735     0.999829        89873      5851.43
     260.863     0.999854        89875      6826.67
     261.247     0.999878        89878      8192.00
     261.503     0.999890        89879      9102.22
     261.631     0.999902        89880     10240.00
     262.399     0.999915        89882     11702.86
     262.399     0.999927        89882     13653.33
     262.655     0.999939        89883     16384.00
     262.911     0.999945        89884     18204.44
     262.911     0.999951        89884     20480.00
     263.679     0.999957        89885     23405.71
     263.679     0.999963        89885     27306.67
     263.935     0.999969        89886     32768.00
     263.935     0.999973        89886     36408.89
     263.935     0.999976        89886     40960.00
     264.703     0.999979        89887     46811.43
     264.703     0.999982        89887     54613.33
     264.703     0.999985        89887     65536.00
     264.703     0.999986        89887     72817.78
     264.703     0.999988        89887     81920.00
     265.215     0.999989        89888     93622.86
     265.215     1.000000        89888          inf
#[Mean    =       27.926, StdDeviation   =       51.327]
#[Max     =      264.960, Total count    =        89888]
#[Buckets =           27, SubBuckets     =         2048]
----------------------------------------------------------
  89892 requests in 10.00s, 15.00MB read
Requests/sec:   8989.20
Transfer/sec:      1.50MB
