Running 10s test @ http://localhost
  2 threads and 10 connections
  Thread Stats   Avg      Stdev     Max   +/- Stdev
    Latency    22.28ms   49.61ms 283.14ms   90.05%
    Req/Sec       -nan      -nan   0.00      0.00%
  Latency Distribution (HdrHistogram - Recorded Latency)
 50.000%    3.69ms
 75.000%   10.85ms
 90.000%   71.49ms
 99.000%  244.74ms
 99.900%  270.33ms
 99.990%  281.86ms
 99.999%  283.39ms
100.000%  283.39ms

  Detailed Percentile spectrum:
       Value   Percentile   TotalCount 1/(1-Percentile)

       0.096     0.000000            1         1.00
       0.969     0.100000         9008         1.11
       1.392     0.200000        17995         1.25
       1.882     0.300000        26964         1.43
       2.615     0.400000        35958         1.67
       3.695     0.500000        44948         2.00
       4.359     0.550000        49454         2.22
       5.167     0.600000        53942         2.50
       6.287     0.650000        58426         2.86
       7.983     0.700000        62911         3.33
      10.847     0.750000        67406         4.00
      13.207     0.775000        69647         4.44
      16.735     0.800000        71893         5.00
      22.015     0.825000        74142         5.71
      30.735     0.850000        76387         6.67
      43.551     0.875000        78635         8.00
      58.527     0.887500        79762         8.89
      71.487     0.900000        80884        10.00
      88.895     0.912500        82004        11.43
     106.111     0.925000        83133        13.33
     130.303     0.937500        84251        16.00
     141.055     0.943750        84818        17.78
     152.447     0.950000        85374        20.00
     161.535     0.956250        85935        22.86
     174.207     0.962500        86498        26.67
     184.319     0.968750        87058        32.00
     191.231     0.971875        87342        35.56
     203.391     0.975000        87621        40.00
     211.327     0.978125        87901        45.71
     219.647     0.981250        88188        53.33
     225.919     0.984375        88462        64.00
     229.631     0.985938        88605        71.11
     234.367     0.987500        88744        80.00
     241.535     0.989062        88885        91.43
     246.527     0.990625        89025       106.67
     250.239     0.992188        89164       128.00
     251.903     0.992969        89237       142.22
     253.311     0.993750        89305       160.00
     254.847     0.994531        89376       182.86
     256.639     0.995313        89446       213.33
     258.687     0.996094        89516       256.00
     259.839     0.996484        89551       284.44
     261.247     0.996875        89586       320.00
     262.911     0.997266        89627       365.71
     264.447     0.997656        89657       426.67
     266.495     0.998047        89691       512.00
     267.519     0.998242        89714       568.89
     267.775     0.998437        89729       640.00
     268.543     0.998633        89747       731.43
     269.311     0.998828        89761       853.33
     270.591     0.999023        89779      1024.00
     271.871     0.999121        89789      1137.78
     272.639     0.999219        89800      1280.00
     274.431     0.999316        89805      1462.86
     276.735     0.999414        89815      1706.67
     277.503     0.999512        89825      2048.00
     277.759     0.999561        89828      2275.56
     278.015     0.999609        89831      2560.00
     279.039     0.999658        89836      2925.71
     279.551     0.999707        89840      3413.33
     280.063     0.999756        89845      4096.00
     280.575     0.999780        89850      4551.11
     280.575     0.999805        89850      5120.00
     281.087     0.999829        89851      5851.43
     281.343     0.999854        89854      6826.67
     281.855     0.999878        89858      8192.00
     281.855     0.999890        89858      9102.22
     281.855     0.999902        89858     10240.00
     282.111     0.999915        89859     11702.86
     282.367     0.999927        89861     13653.33
     282.367     0.999939        89861     16384.00
     282.623     0.999945        89862     18204.44
     282.623     0.999951        89862     20480.00
     282.879     0.999957        89864     23405.71
     282.879     0.999963        89864     27306.67
     282.879     0.999969        89864     32768.00
     282.879     0.999973        89864     36408.89
     282.879     0.999976        89864     40960.00
     283.391     0.999979        89866     46811.43
     283.391     1.000000        89866          inf
#[Mean    =       22.276, StdDeviation   =       49.615]
#[Max     =      283.136, Total count    =        89866]
#[Buckets =           27, SubBuckets     =         2048]
----------------------------------------------------------
  89870 requests in 10.00s, 15.00MB read
Requests/sec:   8986.76
Transfer/sec:      1.50MB
