Running 10s test @ http://localhost
  2 threads and 10 connections
  Thread Stats   Avg      Stdev     Max   +/- Stdev
    Latency    62.70ms   78.58ms 386.05ms   88.03%
    Req/Sec       -nan      -nan   0.00      0.00%
  Latency Distribution (HdrHistogram - Recorded Latency)
 50.000%   38.21ms
 75.000%   77.12ms
 90.000%  172.93ms
 99.000%  350.72ms
 99.900%  376.58ms
 99.990%  384.00ms
 99.999%  385.79ms
100.000%  386.30ms

  Detailed Percentile spectrum:
       Value   Percentile   TotalCount 1/(1-Percentile)

       0.130     0.000000            1         1.00
       1.586     0.100000         9991         1.11
       4.491     0.200000        19966         1.25
      12.831     0.300000        29940         1.43
      24.319     0.400000        39935         1.67
      38.207     0.500000        49904         2.00
      46.431     0.550000        54894         2.22
      53.375     0.600000        59891         2.50
      59.999     0.650000        64877         2.86
      68.159     0.700000        69886         3.33
      77.119     0.750000        74850         4.00
      82.943     0.775000        77348         4.44
      89.087     0.800000        79848         5.00
      96.255     0.825000        82335         5.71
     107.455     0.850000        84838         6.67
     134.399     0.875000        87327         8.00
     150.783     0.887500        88578         8.89
     172.927     0.900000        89821        10.00
     197.759     0.912500        91071        11.43
     217.215     0.925000        92316        13.33
     238.591     0.937500        93562        16.00
     249.599     0.943750        94191        17.78
     262.399     0.950000        94817        20.00
     272.895     0.956250        95450        22.86
     285.439     0.962500        96067        26.67
     295.935     0.968750        96688        32.00
     300.287     0.971875        96994        35.56
     307.199     0.975000        97312        40.00
     315.647     0.978125        97618        45.71
     323.327     0.981250        97931        53.33
     330.751     0.984375        98241        64.00
     337.151     0.985938        98403        71.11
     341.759     0.987500        98557        80.00
     347.135     0.989062        98710        91.43
     352.767     0.990625        98870       106.67
     357.375     0.992188        99030       128.00
     359.167     0.992969        99108       142.22
     362.239     0.993750        99178       160.00
     364.031     0.994531        99261       182.86
     366.079     0.995313        99336       213.33
     368.383     0.996094        99411       256.00
     369.919     0.996484        99454       284.44
     371.455     0.996875        99496       320.00
     372.479     0.997266        99529       365.71
     373.503     0.997656        99568       426.67
     374.271     0.998047        99609       512.00
     374.783     0.998242        99632       568.89
     375.295     0.998437        99654       640.00
     375.551     0.998633        99667       731.43
     376.063     0.998828        99689       853.33
     376.575     0.999023        99704      1024.00
     377.087     0.999121        99718      1137.78
     377.343     0.999219        99725      1280.00
     377.855     0.999316        99733      1462.86
     378.623     0.999414        99741      1706.67
     379.647     0.999512        99752      2048.00
     380.159     0.999561        99756      2275.56
     380.927     0.999609        99763      2560.00
     381.183     0.999658        99766      2925.71
     381.439     0.999707        99770      3413.33
     381.951     0.999756        99776      4096.00
     382.207     0.999780        99779      4551.11
     382.463     0.999805        99780      5120.00
     382.719     0.999829        99783      5851.43
     383.487     0.999854        99787      6826.67
     383.487     0.999878        99787      8192.00
     383.999     0.999890        99790      9102.22
     383.999     0.999902        99790     10240.00
     384.255     0.999915        99793     11702.86
     384.255     0.999927        99793     13653.33
     384.255     0.999939        99793     16384.00
     384.511     0.999945        99794     18204.44
     385.023     0.999951        99795     20480.00
     385.023     0.999957        99795     23405.71
     385.279     0.999963        99796     27306.67
     385.279     0.999969        99796     32768.00
     385.535     0.999973        99797     36408.89
     385.535     0.999976        99797     40960.00
     385.535     0.999979        99797     46811.43
     385.791     0.999982        99798     54613.33
     385.791     0.999985        99798     65536.00
     385.791     0.999986        99798     72817.78
     385.791     0.999988        99798     81920.00
     385.791     0.999989        99798     93622.86
     386.303     0.999991        99799    109226.67
     386.303     1.000000        99799          inf
#[Mean    =       62.705, StdDeviation   =       78.576]
#[Max     =      386.048, Total count    =        99799]
#[Buckets =           27, SubBuckets     =         2048]
----------------------------------------------------------
  99803 requests in 10.00s, 16.66MB read
Requests/sec:   9980.17
Transfer/sec:      1.67MB
