Running 10s test @ http://localhost
  2 threads and 10 connections
  Thread Stats   Avg      Stdev     Max   +/- Stdev
    Latency     4.65s     2.83s    9.72s    57.64%
    Req/Sec       -nan      -nan   0.00      0.00%
  Latency Distribution (HdrHistogram - Recorded Latency)
 50.000%    4.50s 
 75.000%    7.12s 
 90.000%    8.64s 
 99.000%    9.60s 
 99.900%    9.71s 
 99.990%    9.72s 
 99.999%    9.73s 
100.000%    9.73s 

  Detailed Percentile spectrum:
       Value   Percentile   TotalCount 1/(1-Percentile)

       0.356     0.000000            1         1.00
     708.095     0.100000        10895         1.11
    1652.735     0.200000        21794         1.25
    2807.807     0.300000        32699         1.43
    3557.375     0.400000        43576         1.67
    4497.407     0.500000        54462         2.00
    4993.023     0.550000        59936         2.22
    5525.503     0.600000        65350         2.50
    6074.367     0.650000        70818         2.86
    6619.135     0.700000        76266         3.33
    7118.847     0.750000        81676         4.00
    7364.607     0.775000        84416         4.44
    7610.367     0.800000        87139         5.00
    7847.935     0.825000        89856         5.71
    8089.599     0.850000        92565         6.67
    8359.935     0.875000        95286         8.00
    8511.487     0.887500        96651         8.89
    8642.559     0.900000        98021        10.00
    8806.399     0.912500        99423        11.43
    8929.279     0.925000       100832        13.33
    9068.543     0.937500       102093        16.00
    9134.079     0.943750       102827        17.78
    9191.423     0.950000       103529        20.00
    9265.151     0.956250       104178        22.86
    9322.495     0.962500       104817        26.67
    9396.223     0.968750       105515        32.00
    9428.991     0.971875       105902        35.56
    9453.567     0.975000       106195        40.00
    9486.335     0.978125       106578        45.71
    9527.295     0.981250       106924        53.33
    9551.871     0.984375       107237        64.00
    9568.255     0.985938       107405        71.11
    9584.639     0.987500       107597        80.00
    9592.831     0.989062       107712        91.43
    9609.215     0.990625       107885       106.67
    9633.791     0.992188       108084       128.00
    9641.983     0.992969       108159       142.22
    9650.175     0.993750       108235       160.00
    9658.367     0.994531       108312       182.86
    9666.559     0.995313       108396       213.33
    9674.751     0.996094       108482       256.00
    9682.943     0.996484       108588       284.44
    9682.943     0.996875       108588       320.00
    9691.135     0.997266       108673       365.71
    9691.135     0.997656       108673       426.67
    9699.327     0.998047       108746       512.00
    9699.327     0.998242       108746       568.89
    9699.327     0.998437       108746       640.00
    9707.519     0.998633       108821       731.43
    9707.519     0.998828       108821       853.33
    9707.519     0.999023       108821      1024.00
    9707.519     0.999121       108821      1137.78
    9707.519     0.999219       108821      1280.00
    9715.711     0.999316       108867      1462.86
    9715.711     0.999414       108867      1706.67
    9715.711     0.999512       108867      2048.00
    9715.711     0.999561       108867      2275.56
    9715.711     0.999609       108867      2560.00
    9715.711     0.999658       108867      2925.71
    9715.711     0.999707       108867      3413.33
    9723.903     0.999756       108894      4096.00
    9723.903     0.999780       108894      4551.11
    9723.903     0.999805       108894      5120.00
    9723.903     0.999829       108894      5851.43
    9723.903     0.999854       108894      6826.67
    9723.903     0.999878       108894      8192.00
    9723.903     0.999890       108894      9102.22
    9723.903     0.999902       108894     10240.00
    9723.903     0.999915       108894     11702.86
    9723.903     0.999927       108894     13653.33
    9723.903     0.999939       108894     16384.00
    9723.903     0.999945       108894     18204.44
    9723.903     0.999951       108894     20480.00
    9723.903     0.999957       108894     23405.71
    9732.095     0.999963       108898     27306.67
    9732.095     1.000000       108898          inf
#[Mean    =     4648.285, StdDeviation   =     2832.132]
#[Max     =     9723.904, Total count    =       108898]
#[Buckets =           27, SubBuckets     =         2048]
----------------------------------------------------------
  108908 requests in 10.00s, 18.18MB read
Requests/sec:  10887.93
Transfer/sec:      1.82MB
