Running 10s test @ http://localhost
  2 threads and 10 connections
  Thread Stats   Avg      Stdev     Max   +/- Stdev
    Latency     2.09ms    2.66ms  36.19ms   93.04%
    Req/Sec       -nan      -nan   0.00      0.00%
  Latency Distribution (HdrHistogram - Recorded Latency)
 50.000%    1.40ms
 75.000%    2.14ms
 90.000%    3.68ms
 99.000%   15.45ms
 99.900%   27.04ms
 99.990%   32.24ms
 99.999%   35.81ms
100.000%   36.22ms

  Detailed Percentile spectrum:
       Value   Percentile   TotalCount 1/(1-Percentile)

       0.128     0.000000            1         1.00
       0.612     0.100000        10034         1.11
       0.802     0.200000        20020         1.25
       0.987     0.300000        29986         1.43
       1.189     0.400000        39996         1.67
       1.405     0.500000        49964         2.00
       1.517     0.550000        54973         2.22
       1.637     0.600000        59960         2.50
       1.777     0.650000        64929         2.86
       1.937     0.700000        69931         3.33
       2.145     0.750000        74931         4.00
       2.275     0.775000        77408         4.44
       2.433     0.800000        79910         5.00
       2.617     0.825000        82399         5.71
       2.855     0.850000        84915         6.67
       3.185     0.875000        87396         8.00
       3.413     0.887500        88652         8.89
       3.687     0.900000        89899        10.00
       4.027     0.912500        91139        11.43
       4.499     0.925000        92395        13.33
       5.187     0.937500        93642        16.00
       5.659     0.943750        94260        17.78
       6.167     0.950000        94888        20.00
       6.791     0.956250        95508        22.86
       7.571     0.962500        96132        26.67
       8.575     0.968750        96756        32.00
       9.175     0.971875        97069        35.56
       9.903     0.975000        97381        40.00
      10.767     0.978125        97693        45.71
      11.711     0.981250        98008        53.33
      12.927     0.984375        98318        64.00
      13.639     0.985938        98473        71.11
      14.311     0.987500        98629        80.00
      14.999     0.989062        98785        91.43
      15.759     0.990625        98941       106.67
      16.719     0.992188        99097       128.00
      17.263     0.992969        99176       142.22
      17.711     0.993750        99253       160.00
      18.223     0.994531        99332       182.86
      18.847     0.995313        99410       213.33
      19.503     0.996094        99487       256.00
      19.935     0.996484        99526       284.44
      20.463     0.996875        99565       320.00
      21.135     0.997266        99604       365.71
      22.063     0.997656        99643       426.67
      23.199     0.998047        99682       512.00
      24.063     0.998242        99702       568.89
      24.751     0.998437        99721       640.00
      25.871     0.998633        99741       731.43
      26.575     0.998828        99761       853.33
      27.199     0.999023        99780      1024.00
      27.535     0.999121        99790      1137.78
      27.983     0.999219        99799      1280.00
      28.287     0.999316        99811      1462.86
      28.575     0.999414        99819      1706.67
      29.023     0.999512        99830      2048.00
      29.295     0.999561        99834      2275.56
      29.503     0.999609        99838      2560.00
      29.727     0.999658        99843      2925.71
      29.855     0.999707        99848      3413.33
      30.415     0.999756        99853      4096.00
      30.687     0.999780        99856      4551.11
      30.815     0.999805        99858      5120.00
      31.135     0.999829        99860      5851.43
      31.503     0.999854        99863      6826.67
      31.823     0.999878        99865      8192.00
      32.239     0.999890        99867      9102.22
      32.655     0.999902        99868     10240.00
      33.343     0.999915        99869     11702.86
      33.695     0.999927        99870     13653.33
      33.855     0.999939        99871     16384.00
      34.111     0.999945        99872     18204.44
      34.431     0.999951        99873     20480.00
      34.431     0.999957        99873     23405.71
      34.975     0.999963        99874     27306.67
      34.975     0.999969        99874     32768.00
      35.391     0.999973        99875     36408.89
      35.391     0.999976        99875     40960.00
      35.391     0.999979        99875     46811.43
      35.807     0.999982        99876     54613.33
      35.807     0.999985        99876     65536.00
      35.807     0.999986        99876     72817.78
      35.807     0.999988        99876     81920.00
      35.807     0.999989        99876     93622.86
      36.223     0.999991        99877    109226.67
      36.223     1.000000        99877          inf
#[Mean    =        2.094, StdDeviation   =        2.659]
#[Max     =       36.192, Total count    =        99877]
#[Buckets =           27, SubBuckets     =         2048]
----------------------------------------------------------
  99884 requests in 10.00s, 16.67MB read
Requests/sec:   9989.32
Transfer/sec:      1.67MB
