Running 10s test @ http://localhost
  2 threads and 10 connections
  Thread Stats   Avg      Stdev     Max   +/- Stdev
    Latency     2.78ms    4.00ms  47.46ms   91.59%
    Req/Sec       -nan      -nan   0.00      0.00%
  Latency Distribution (HdrHistogram - Recorded Latency)
 50.000%    1.55ms
 75.000%    2.51ms
 90.000%    5.63ms
 99.000%   21.07ms
 99.900%   36.54ms
 99.990%   44.42ms
 99.999%   46.85ms
100.000%   47.49ms

  Detailed Percentile spectrum:
       Value   Percentile   TotalCount 1/(1-Percentile)

       0.143     0.000000            1         1.00
       0.682     0.100000        10002         1.11
       0.910     0.200000        19961         1.25
       1.124     0.300000        29955         1.43
       1.330     0.400000        39926         1.67
       1.546     0.500000        49903         2.00
       1.675     0.550000        54898         2.22
       1.821     0.600000        59869         2.50
       1.999     0.650000        64855         2.86
       2.213     0.700000        69845         3.33
       2.513     0.750000        74841         4.00
       2.715     0.775000        77334         4.44
       2.981     0.800000        79815         5.00
       3.323     0.825000        82313         5.71
       3.793     0.850000        84805         6.67
       4.507     0.875000        87292         8.00
       5.011     0.887500        88543         8.89
       5.627     0.900000        89790        10.00
       6.487     0.912500        91033        11.43
       7.627     0.925000        92283        13.33
       9.103     0.937500        93528        16.00
      10.031     0.943750        94153        17.78
      10.903     0.950000        94778        20.00
      11.767     0.956250        95400        22.86
      12.743     0.962500        96024        26.67
      13.807     0.968750        96645        32.00
      14.487     0.971875        96956        35.56
      15.167     0.975000        97268        40.00
      16.175     0.978125        97579        45.71
      17.327     0.981250        97894        53.33
      18.527     0.984375        98207        64.00
      19.135     0.985938        98359        71.11
      19.743     0.987500        98515        80.00
      20.495     0.989062        98672        91.43
      21.439     0.990625        98826       106.67
      22.495     0.992188        98983       128.00
      23.103     0.992969        99063       142.22
      23.999     0.993750        99139       160.00
      24.975     0.994531        99216       182.86
      26.015     0.995313        99294       213.33
      27.567     0.996094        99372       256.00
      28.431     0.996484        99411       284.44
      29.391     0.996875        99451       320.00
      30.463     0.997266        99489       365.71
      31.919     0.997656        99528       426.67
      33.279     0.998047        99568       512.00
      34.015     0.998242        99586       568.89
      34.655     0.998437        99606       640.00
      35.135     0.998633        99625       731.43
      35.999     0.998828        99645       853.33
      36.607     0.999023        99665      1024.00
      37.151     0.999121        99674      1137.78
      38.079     0.999219        99684      1280.00
      38.879     0.999316        99693      1462.86
      39.935     0.999414        99703      1706.67
      40.575     0.999512        99713      2048.00
      41.311     0.999561        99718      2275.56
      42.079     0.999609        99723      2560.00
      42.751     0.999658        99727      2925.71
      43.039     0.999707        99732      3413.33
      43.583     0.999756        99737      4096.00
      43.775     0.999780        99740      4551.11
      43.935     0.999805        99743      5120.00
      44.031     0.999829        99745      5851.43
      44.223     0.999854        99748      6826.67
      44.287     0.999878        99749      8192.00
      44.415     0.999890        99752      9102.22
      44.415     0.999902        99752     10240.00
      44.511     0.999915        99753     11702.86
      44.639     0.999927        99754     13653.33
      44.831     0.999939        99755     16384.00
      44.959     0.999945        99756     18204.44
      45.311     0.999951        99758     20480.00
      45.311     0.999957        99758     23405.71
      45.311     0.999963        99758     27306.67
      45.311     0.999969        99758     32768.00
      46.111     0.999973        99759     36408.89
      46.111     0.999976        99759     40960.00
      46.111     0.999979        99759     46811.43
      46.847     0.999982        99760     54613.33
      46.847     0.999985        99760     65536.00
      46.847     0.999986        99760     72817.78
      46.847     0.999988        99760     81920.00
      46.847     0.999989        99760     93622.86
      47.487     0.999991        99761    109226.67
      47.487     1.000000        99761          inf
#[Mean    =        2.777, StdDeviation   =        4.000]
#[Max     =       47.456, Total count    =        99761]
#[Buckets =           27, SubBuckets     =         2048]
----------------------------------------------------------
  99763 requests in 10.00s, 16.65MB read
Requests/sec:   9976.45
Transfer/sec:      1.67MB
