Running 10s test @ http://localhost
  2 threads and 10 connections
  Thread Stats   Avg      Stdev     Max   +/- Stdev
    Latency     2.07ms    3.23ms  43.33ms   95.28%
    Req/Sec       -nan      -nan   0.00      0.00%
  Latency Distribution (HdrHistogram - Recorded Latency)
 50.000%    1.38ms
 75.000%    2.02ms
 90.000%    3.20ms
 99.000%   21.26ms
 99.900%   35.04ms
 99.990%   42.21ms
 99.999%   43.07ms
100.000%   43.36ms

  Detailed Percentile spectrum:
       Value   Percentile   TotalCount 1/(1-Percentile)

       0.091     0.000000            1         1.00
       0.630     0.100000        10025         1.11
       0.820     0.200000        20020         1.25
       1.000     0.300000        30002         1.43
       1.185     0.400000        39972         1.67
       1.377     0.500000        49968         2.00
       1.479     0.550000        54950         2.22
       1.589     0.600000        59956         2.50
       1.708     0.650000        64927         2.86
       1.847     0.700000        69936         3.33
       2.022     0.750000        74938         4.00
       2.129     0.775000        77453         4.44
       2.245     0.800000        79925         5.00
       2.389     0.825000        82418         5.71
       2.577     0.850000        84906         6.67
       2.827     0.875000        87416         8.00
       2.989     0.887500        88653         8.89
       3.197     0.900000        89899        10.00
       3.457     0.912500        91150        11.43
       3.793     0.925000        92396        13.33
       4.267     0.937500        93649        16.00
       4.599     0.943750        94278        17.78
       5.043     0.950000        94893        20.00
       5.683     0.956250        95522        22.86
       6.479     0.962500        96142        26.67
       7.459     0.968750        96766        32.00
       8.123     0.971875        97078        35.56
       8.903     0.975000        97390        40.00
       9.991     0.978125        97705        45.71
      11.583     0.981250        98015        53.33
      13.647     0.984375        98327        64.00
      14.967     0.985938        98483        71.11
      17.487     0.987500        98639        80.00
      20.015     0.989062        98797        91.43
      22.239     0.990625        98951       106.67
      24.303     0.992188        99108       128.00
      24.879     0.992969        99186       142.22
      25.487     0.993750        99266       160.00
      25.983     0.994531        99341       182.86
      26.703     0.995313        99420       213.33
      27.535     0.996094        99498       256.00
      28.111     0.996484        99536       284.44
      28.607     0.996875        99576       320.00
      29.327     0.997266        99614       365.71
      29.871     0.997656        99654       426.67
      30.527     0.998047        99692       512.00
      31.135     0.998242        99712       568.89
      31.903     0.998437        99731       640.00
      32.927     0.998633        99751       731.43
      33.791     0.998828        99770       853.33
      35.167     0.999023        99790      1024.00
      35.583     0.999121        99800      1137.78
      36.031     0.999219        99809      1280.00
      37.023     0.999316        99819      1462.86
      38.015     0.999414        99829      1706.67
      38.751     0.999512        99839      2048.00
      39.327     0.999561        99844      2275.56
      40.223     0.999609        99848      2560.00
      40.927     0.999658        99853      2925.71
      41.055     0.999707        99858      3413.33
      41.343     0.999756        99864      4096.00
      41.439     0.999780        99866      4551.11
      41.471     0.999805        99868      5120.00
      41.567     0.999829        99870      5851.43
      41.791     0.999854        99873      6826.67
      42.047     0.999878        99875      8192.00
      42.207     0.999890        99877      9102.22
      42.239     0.999902        99878     10240.00
      42.367     0.999915        99879     11702.86
      42.399     0.999927        99880     13653.33
      42.559     0.999939        99881     16384.00
      42.719     0.999945        99882     18204.44
      42.751     0.999951        99883     20480.00
      42.751     0.999957        99883     23405.71
      43.039     0.999963        99885     27306.67
      43.039     0.999969        99885     32768.00
      43.039     0.999973        99885     36408.89
      43.039     0.999976        99885     40960.00
      43.039     0.999979        99885     46811.43
      43.071     0.999982        99886     54613.33
      43.071     0.999985        99886     65536.00
      43.071     0.999986        99886     72817.78
      43.071     0.999988        99886     81920.00
      43.071     0.999989        99886     93622.86
      43.359     0.999991        99887    109226.67
      43.359     1.000000        99887          inf
#[Mean    =        2.070, StdDeviation   =        3.226]
#[Max     =       43.328, Total count    =        99887]
#[Buckets =           27, SubBuckets     =         2048]
----------------------------------------------------------
  99893 requests in 10.00s, 16.67MB read
Requests/sec:   9989.34
Transfer/sec:      1.67MB
