Running 10s test @ http://localhost
  2 threads and 10 connections
  Thread Stats   Avg      Stdev     Max   +/- Stdev
    Latency     2.88ms    5.59ms  53.34ms   94.52%
    Req/Sec       -nan      -nan   0.00      0.00%
  Latency Distribution (HdrHistogram - Recorded Latency)
 50.000%    1.50ms
 75.000%    2.21ms
 90.000%    4.06ms
 99.000%   36.77ms
 99.900%   46.91ms
 99.990%   52.06ms
 99.999%   53.22ms
100.000%   53.38ms

  Detailed Percentile spectrum:
       Value   Percentile   TotalCount 1/(1-Percentile)

       0.154     0.000000            1         1.00
       0.710     0.100000        10020         1.11
       0.954     0.200000        19985         1.25
       1.144     0.300000        29971         1.43
       1.312     0.400000        39961         1.67
       1.500     0.500000        49937         2.00
       1.605     0.550000        54936         2.22
       1.725     0.600000        59957         2.50
       1.864     0.650000        64964         2.86
       2.025     0.700000        69923         3.33
       2.209     0.750000        74910         4.00
       2.329     0.775000        77429         4.44
       2.481     0.800000        79925         5.00
       2.675     0.825000        82397         5.71
       2.953     0.850000        84907         6.67
       3.367     0.875000        87392         8.00
       3.669     0.887500        88643         8.89
       4.063     0.900000        89889        10.00
       4.619     0.912500        91143        11.43
       5.487     0.925000        92385        13.33
       7.043     0.937500        93634        16.00
       8.159     0.943750        94259        17.78
       9.647     0.950000        94884        20.00
      11.703     0.956250        95506        22.86
      14.399     0.962500        96129        26.67
      17.727     0.968750        96754        32.00
      19.519     0.971875        97066        35.56
      21.487     0.975000        97378        40.00
      23.535     0.978125        97692        45.71
      25.663     0.981250        98002        53.33
      28.639     0.984375        98314        64.00
      30.527     0.985938        98470        71.11
      33.055     0.987500        98627        80.00
      35.647     0.989062        98783        91.43
      37.439     0.990625        98938       106.67
      38.687     0.992188        99098       128.00
      39.263     0.992969        99173       142.22
      39.935     0.993750        99250       160.00
      40.575     0.994531        99329       182.86
      41.151     0.995313        99408       213.33
      42.079     0.996094        99485       256.00
      42.559     0.996484        99526       284.44
      42.975     0.996875        99563       320.00
      43.519     0.997266        99604       365.71
      43.903     0.997656        99641       426.67
      44.511     0.998047        99679       512.00
      44.927     0.998242        99699       568.89
      45.247     0.998437        99718       640.00
      45.727     0.998633        99738       731.43
      46.303     0.998828        99757       853.33
      47.231     0.999023        99777      1024.00
      47.487     0.999121        99788      1137.78
      47.743     0.999219        99798      1280.00
      47.903     0.999316        99807      1462.86
      48.351     0.999414        99816      1706.67
      48.543     0.999512        99826      2048.00
      48.639     0.999561        99831      2275.56
      48.831     0.999609        99836      2560.00
      49.215     0.999658        99840      2925.71
      49.791     0.999707        99845      3413.33
      50.239     0.999756        99850      4096.00
      50.687     0.999780        99853      4551.11
      51.231     0.999805        99856      5120.00
      51.551     0.999829        99857      5851.43
      51.839     0.999854        99860      6826.67
      51.871     0.999878        99862      8192.00
      52.063     0.999890        99864      9102.22
      52.159     0.999902        99865     10240.00
      52.319     0.999915        99866     11702.86
      52.447     0.999927        99868     13653.33
      52.447     0.999939        99868     16384.00
      52.479     0.999945        99870     18204.44
      52.479     0.999951        99870     20480.00
      52.479     0.999957        99870     23405.71
      52.799     0.999963        99871     27306.67
      52.799     0.999969        99871     32768.00
      52.927     0.999973        99872     36408.89
      52.927     0.999976        99872     40960.00
      52.927     0.999979        99872     46811.43
      53.215     0.999982        99873     54613.33
      53.215     0.999985        99873     65536.00
      53.215     0.999986        99873     72817.78
      53.215     0.999988        99873     81920.00
      53.215     0.999989        99873     93622.86
      53.375     0.999991        99874    109226.67
      53.375     1.000000        99874          inf
#[Mean    =        2.880, StdDeviation   =        5.589]
#[Max     =       53.344, Total count    =        99874]
#[Buckets =           27, SubBuckets     =         2048]
----------------------------------------------------------
  99880 requests in 10.00s, 16.67MB read
Requests/sec:   9988.05
Transfer/sec:      1.67MB
