Running 10s test @ http://localhost
  2 threads and 10 connections
  Thread Stats   Avg      Stdev     Max   +/- Stdev
    Latency     2.06ms    3.49ms  57.95ms   95.60%
    Req/Sec       -nan      -nan   0.00      0.00%
  Latency Distribution (HdrHistogram - Recorded Latency)
 50.000%    1.40ms
 75.000%    2.00ms
 90.000%    2.92ms
 99.000%   18.70ms
 99.900%   42.69ms
 99.990%   55.71ms
 99.999%   57.85ms
100.000%   57.98ms

  Detailed Percentile spectrum:
       Value   Percentile   TotalCount 1/(1-Percentile)

       0.127     0.000000            1         1.00
       0.628     0.100000        10014         1.11
       0.835     0.200000        19995         1.25
       1.029     0.300000        29968         1.43
       1.218     0.400000        39999         1.67
       1.402     0.500000        49966         2.00
       1.497     0.550000        54943         2.22
       1.603     0.600000        59977         2.50
       1.716     0.650000        64929         2.86
       1.846     0.700000        69935         3.33
       1.998     0.750000        74951         4.00
       2.083     0.775000        77425         4.44
       2.187     0.800000        79920         5.00
       2.303     0.825000        82428         5.71
       2.439     0.850000        84904         6.67
       2.631     0.875000        87416         8.00
       2.761     0.887500        88667         8.89
       2.925     0.900000        89908        10.00
       3.151     0.912500        91150        11.43
       3.487     0.925000        92399        13.33
       4.001     0.937500        93648        16.00
       4.383     0.943750        94269        17.78
       4.879     0.950000        94895        20.00
       5.587     0.956250        95517        22.86
       6.383     0.962500        96140        26.67
       7.391     0.968750        96764        32.00
       7.919     0.971875        97077        35.56
       8.639     0.975000        97392        40.00
       9.495     0.978125        97701        45.71
      10.671     0.981250        98014        53.33
      12.223     0.984375        98327        64.00
      13.175     0.985938        98481        71.11
      14.863     0.987500        98637        80.00
      17.247     0.989062        98793        91.43
      20.111     0.990625        98949       106.67
      24.623     0.992188        99105       128.00
      26.895     0.992969        99184       142.22
      28.783     0.993750        99261       160.00
      29.743     0.994531        99342       182.86
      30.639     0.995313        99419       213.33
      31.647     0.996094        99495       256.00
      32.335     0.996484        99536       284.44
      32.927     0.996875        99573       320.00
      33.887     0.997266        99613       365.71
      34.879     0.997656        99651       426.67
      37.119     0.998047        99690       512.00
      38.175     0.998242        99710       568.89
      39.487     0.998437        99729       640.00
      40.703     0.998633        99749       731.43
      41.919     0.998828        99769       853.33
      43.167     0.999023        99788      1024.00
      44.127     0.999121        99799      1137.78
      45.375     0.999219        99807      1280.00
      46.751     0.999316        99818      1462.86
      47.583     0.999414        99827      1706.67
      48.415     0.999512        99837      2048.00
      49.407     0.999561        99842      2275.56
      50.111     0.999609        99846      2560.00
      50.591     0.999658        99851      2925.71
      51.647     0.999707        99856      3413.33
      52.511     0.999756        99861      4096.00
      52.863     0.999780        99864      4551.11
      53.311     0.999805        99866      5120.00
      53.919     0.999829        99868      5851.43
      54.463     0.999854        99871      6826.67
      55.231     0.999878        99873      8192.00
      55.711     0.999890        99875      9102.22
      55.903     0.999902        99876     10240.00
      55.967     0.999915        99877     11702.86
      56.095     0.999927        99878     13653.33
      56.511     0.999939        99879     16384.00
      57.055     0.999945        99880     18204.44
      57.439     0.999951        99881     20480.00
      57.439     0.999957        99881     23405.71
      57.471     0.999963        99882     27306.67
      57.471     0.999969        99882     32768.00
      57.631     0.999973        99883     36408.89
      57.631     0.999976        99883     40960.00
      57.631     0.999979        99883     46811.43
      57.855     0.999982        99884     54613.33
      57.855     0.999985        99884     65536.00
      57.855     0.999986        99884     72817.78
      57.855     0.999988        99884     81920.00
      57.855     0.999989        99884     93622.86
      57.983     0.999991        99885    109226.67
      57.983     1.000000        99885          inf
#[Mean    =        2.063, StdDeviation   =        3.492]
#[Max     =       57.952, Total count    =        99885]
#[Buckets =           27, SubBuckets     =         2048]
----------------------------------------------------------
  99887 requests in 10.00s, 16.67MB read
Requests/sec:   9988.97
Transfer/sec:      1.67MB
