Running 10s test @ http://localhost
  2 threads and 10 connections
  Thread Stats   Avg      Stdev     Max   +/- Stdev
    Latency     2.50ms    3.83ms  51.04ms   94.21%
    Req/Sec       -nan      -nan   0.00      0.00%
  Latency Distribution (HdrHistogram - Recorded Latency)
 50.000%    1.58ms
 75.000%    2.39ms
 90.000%    4.16ms
 99.000%   22.33ms
 99.900%   40.86ms
 99.990%   49.53ms
 99.999%   50.91ms
100.000%   51.07ms

  Detailed Percentile spectrum:
       Value   Percentile   TotalCount 1/(1-Percentile)

       0.114     0.000000            1         1.00
       0.680     0.100000        10012         1.11
       0.925     0.200000        19984         1.25
       1.149     0.300000        29982         1.43
       1.363     0.400000        39977         1.67
       1.575     0.500000        49961         2.00
       1.693     0.550000        54936         2.22
       1.830     0.600000        59917         2.50
       1.984     0.650000        64934         2.86
       2.159     0.700000        69937         3.33
       2.395     0.750000        74934         4.00
       2.533     0.775000        77415         4.44
       2.705     0.800000        79892         5.00
       2.929     0.825000        82390         5.71
       3.213     0.850000        84887         6.67
       3.609     0.875000        87380         8.00
       3.851     0.887500        88629         8.89
       4.155     0.900000        89880        10.00
       4.551     0.912500        91132        11.43
       5.107     0.925000        92375        13.33
       5.927     0.937500        93619        16.00
       6.487     0.943750        94244        17.78
       7.119     0.950000        94867        20.00
       7.907     0.956250        95495        22.86
       9.015     0.962500        96118        26.67
      10.407     0.968750        96741        32.00
      11.335     0.971875        97052        35.56
      12.439     0.975000        97365        40.00
      13.567     0.978125        97678        45.71
      14.887     0.981250        97989        53.33
      16.927     0.984375        98302        64.00
      18.479     0.985938        98456        71.11
      19.999     0.987500        98613        80.00
      21.519     0.989062        98768        91.43
      23.215     0.990625        98924       106.67
      25.871     0.992188        99081       128.00
      26.607     0.992969        99160       142.22
      27.615     0.993750        99236       160.00
      29.263     0.994531        99315       182.86
      30.207     0.995313        99392       213.33
      31.487     0.996094        99470       256.00
      32.415     0.996484        99509       284.44
      33.183     0.996875        99548       320.00
      34.271     0.997266        99589       365.71
      35.167     0.997656        99628       426.67
      36.447     0.998047        99665       512.00
      37.087     0.998242        99685       568.89
      37.855     0.998437        99705       640.00
      38.719     0.998633        99725       731.43
      39.871     0.998828        99743       853.33
      41.247     0.999023        99764      1024.00
      42.303     0.999121        99773      1137.78
      43.551     0.999219        99782      1280.00
      44.063     0.999316        99792      1462.86
      44.959     0.999414        99802      1706.67
      46.239     0.999512        99813      2048.00
      46.687     0.999561        99818      2275.56
      46.783     0.999609        99821      2560.00
      47.231     0.999658        99826      2925.71
      47.647     0.999707        99831      3413.33
      48.255     0.999756        99836      4096.00
      48.479     0.999780        99839      4551.11
      48.767     0.999805        99842      5120.00
      48.895     0.999829        99843      5851.43
      49.151     0.999854        99846      6826.67
      49.439     0.999878        99848      8192.00
      49.535     0.999890        99850      9102.22
      49.567     0.999902        99851     10240.00
      49.631     0.999915        99852     11702.86
      49.855     0.999927        99853     13653.33
      49.887     0.999939        99854     16384.00
      49.951     0.999945        99855     18204.44
      50.111     0.999951        99856     20480.00
      50.111     0.999957        99856     23405.71
      50.175     0.999963        99857     27306.67
      50.175     0.999969        99857     32768.00
      50.655     0.999973        99858     36408.89
      50.655     0.999976        99858     40960.00
      50.655     0.999979        99858     46811.43
      50.911     0.999982        99859     54613.33
      50.911     0.999985        99859     65536.00
      50.911     0.999986        99859     72817.78
      50.911     0.999988        99859     81920.00
      50.911     0.999989        99859     93622.86
      51.071     0.999991        99860    109226.67
      51.071     1.000000        99860          inf
#[Mean    =        2.499, StdDeviation   =        3.827]
#[Max     =       51.040, Total count    =        99860]
#[Buckets =           27, SubBuckets     =         2048]
----------------------------------------------------------
  99867 requests in 10.00s, 16.67MB read
Requests/sec:   9986.84
Transfer/sec:      1.67MB
