Running 10s test @ http://localhost
  2 threads and 10 connections
  Thread Stats   Avg      Stdev     Max   +/- Stdev
    Latency     2.17ms    3.10ms  46.24ms   92.91%
    Req/Sec       -nan      -nan   0.00      0.00%
  Latency Distribution (HdrHistogram - Recorded Latency)
 50.000%    1.38ms
 75.000%    2.08ms
 90.000%    3.81ms
 99.000%   16.67ms
 99.900%   32.90ms
 99.990%   43.46ms
 99.999%   46.11ms
100.000%   46.27ms

  Detailed Percentile spectrum:
       Value   Percentile   TotalCount 1/(1-Percentile)

       0.097     0.000000            1         1.00
       0.599     0.100000        10014         1.11
       0.801     0.200000        19980         1.25
       0.992     0.300000        30004         1.43
       1.181     0.400000        39963         1.67
       1.385     0.500000        49966         2.00
       1.490     0.550000        54951         2.22
       1.603     0.600000        59952         2.50
       1.732     0.650000        64933         2.86
       1.890     0.700000        69943         3.33
       2.081     0.750000        74926         4.00
       2.197     0.775000        77462         4.44
       2.337     0.800000        79927         5.00
       2.519     0.825000        82420         5.71
       2.769     0.850000        84909         6.67
       3.137     0.875000        87408         8.00
       3.431     0.887500        88662         8.89
       3.809     0.900000        89903        10.00
       4.339     0.912500        91153        11.43
       4.991     0.925000        92401        13.33
       5.875     0.937500        93651        16.00
       6.459     0.943750        94277        17.78
       7.059     0.950000        94902        20.00
       7.767     0.956250        95522        22.86
       8.495     0.962500        96149        26.67
       9.327     0.968750        96774        32.00
       9.791     0.971875        97084        35.56
      10.359     0.975000        97397        40.00
      11.103     0.978125        97711        45.71
      11.959     0.981250        98023        53.33
      13.127     0.984375        98333        64.00
      13.911     0.985938        98488        71.11
      14.799     0.987500        98646        80.00
      16.015     0.989062        98800        91.43
      17.215     0.990625        98957       106.67
      18.975     0.992188        99115       128.00
      19.983     0.992969        99193       142.22
      21.327     0.993750        99268       160.00
      22.671     0.994531        99346       182.86
      23.999     0.995313        99424       213.33
      25.343     0.996094        99502       256.00
      26.095     0.996484        99544       284.44
      26.943     0.996875        99580       320.00
      27.775     0.997266        99619       365.71
      28.623     0.997656        99658       426.67
      29.471     0.998047        99698       512.00
      29.855     0.998242        99717       568.89
      30.591     0.998437        99736       640.00
      31.391     0.998633        99756       731.43
      32.303     0.998828        99775       853.33
      32.959     0.999023        99796      1024.00
      33.183     0.999121        99805      1137.78
      33.503     0.999219        99814      1280.00
      33.695     0.999316        99824      1462.86
      34.207     0.999414        99834      1706.67
      34.783     0.999512        99844      2048.00
      35.231     0.999561        99849      2275.56
      35.711     0.999609        99853      2560.00
      37.343     0.999658        99858      2925.71
      39.167     0.999707        99863      3413.33
      40.991     0.999756        99868      4096.00
      41.759     0.999780        99872      4551.11
      41.791     0.999805        99873      5120.00
      41.983     0.999829        99875      5851.43
      42.495     0.999854        99878      6826.67
      43.039     0.999878        99880      8192.00
      43.455     0.999890        99882      9102.22
      43.807     0.999902        99883     10240.00
      43.967     0.999915        99884     11702.86
      44.383     0.999927        99885     13653.33
      44.607     0.999939        99886     16384.00
      44.831     0.999945        99887     18204.44
      44.895     0.999951        99888     20480.00
      44.895     0.999957        99888     23405.71
      45.119     0.999963        99889     27306.67
      45.119     0.999969        99889     32768.00
      45.727     0.999973        99890     36408.89
      45.727     0.999976        99890     40960.00
      45.727     0.999979        99890     46811.43
      46.111     0.999982        99891     54613.33
      46.111     0.999985        99891     65536.00
      46.111     0.999986        99891     72817.78
      46.111     0.999988        99891     81920.00
      46.111     0.999989        99891     93622.86
      46.271     0.999991        99892    109226.67
      46.271     1.000000        99892          inf
#[Mean    =        2.169, StdDeviation   =        3.098]
#[Max     =       46.240, Total count    =        99892]
#[Buckets =           27, SubBuckets     =         2048]
----------------------------------------------------------
  99896 requests in 10.00s, 16.67MB read
Requests/sec:   9989.44
Transfer/sec:      1.67MB
