Running 10s test @ http://localhost
  2 threads and 10 connections
  Thread Stats   Avg      Stdev     Max   +/- Stdev
    Latency     1.88ms    1.88ms  24.72ms   92.11%
    Req/Sec       -nan      -nan   0.00      0.00%
  Latency Distribution (HdrHistogram - Recorded Latency)
 50.000%    1.39ms
 75.000%    2.08ms
 90.000%    3.31ms
 99.000%   11.08ms
 99.900%   17.65ms
 99.990%   21.17ms
 99.999%   24.01ms
100.000%   24.74ms

  Detailed Percentile spectrum:
       Value   Percentile   TotalCount 1/(1-Percentile)

       0.077     0.000000            1         1.00
       0.616     0.100000        10030         1.11
       0.830     0.200000        20013         1.25
       1.021     0.300000        29993         1.43
       1.201     0.400000        39974         1.67
       1.395     0.500000        49957         2.00
       1.500     0.550000        54969         2.22
       1.617     0.600000        59940         2.50
       1.751     0.650000        64966         2.86
       1.901     0.700000        69934         3.33
       2.083     0.750000        74929         4.00
       2.191     0.775000        77426         4.44
       2.325     0.800000        79937         5.00
       2.481     0.825000        82410         5.71
       2.675     0.850000        84908         6.67
       2.955     0.875000        87409         8.00
       3.115     0.887500        88668         8.89
       3.313     0.900000        89906        10.00
       3.549     0.912500        91160        11.43
       3.857     0.925000        92402        13.33
       4.251     0.937500        93649        16.00
       4.499     0.943750        94273        17.78
       4.819     0.950000        94902        20.00
       5.195     0.956250        95523        22.86
       5.659     0.962500        96145        26.67
       6.299     0.968750        96771        32.00
       6.683     0.971875        97085        35.56
       7.111     0.975000        97393        40.00
       7.655     0.978125        97705        45.71
       8.303     0.981250        98019        53.33
       9.047     0.984375        98332        64.00
       9.503     0.985938        98488        71.11
      10.039     0.987500        98642        80.00
      10.647     0.989062        98798        91.43
      11.351     0.990625        98955       106.67
      12.127     0.992188        99111       128.00
      12.551     0.992969        99188       142.22
      13.071     0.993750        99266       160.00
      13.479     0.994531        99345       182.86
      13.911     0.995313        99422       213.33
      14.423     0.996094        99500       256.00
      14.679     0.996484        99539       284.44
      14.983     0.996875        99578       320.00
      15.415     0.997266        99617       365.71
      15.767     0.997656        99657       426.67
      16.143     0.998047        99695       512.00
      16.319     0.998242        99715       568.89
      16.495     0.998437        99734       640.00
      16.879     0.998633        99755       731.43
      17.343     0.998828        99773       853.33
      17.679     0.999023        99793      1024.00
      17.871     0.999121        99803      1137.78
      18.287     0.999219        99812      1280.00
      18.559     0.999316        99822      1462.86
      18.879     0.999414        99832      1706.67
      19.279     0.999512        99842      2048.00
      19.391     0.999561        99847      2275.56
      19.599     0.999609        99851      2560.00
      19.919     0.999658        99856      2925.71
      19.983     0.999707        99861      3413.33
      20.191     0.999756        99866      4096.00
      20.319     0.999780        99869      4551.11
      20.383     0.999805        99871      5120.00
      20.447     0.999829        99874      5851.43
      20.639     0.999854        99876      6826.67
      20.767     0.999878        99878      8192.00
      21.167     0.999890        99880      9102.22
      21.407     0.999902        99881     10240.00
      21.647     0.999915        99882     11702.86
      21.919     0.999927        99883     13653.33
      22.175     0.999939        99884     16384.00
      22.543     0.999945        99885     18204.44
      22.847     0.999951        99886     20480.00
      22.847     0.999957        99886     23405.71
      23.247     0.999963        99887     27306.67
      23.247     0.999969        99887     32768.00
      23.439     0.999973        99888     36408.89
      23.439     0.999976        99888     40960.00
      23.439     0.999979        99888     46811.43
      24.015     0.999982        99889     54613.33
      24.015     0.999985        99889     65536.00
      24.015     0.999986        99889     72817.78
      24.015     0.999988        99889     81920.00
      24.015     0.999989        99889     93622.86
      24.735     0.999991        99890    109226.67
      24.735     1.000000        99890          inf
#[Mean    =        1.875, StdDeviation   =        1.880]
#[Max     =       24.720, Total count    =        99890]
#[Buckets =           27, SubBuckets     =         2048]
----------------------------------------------------------
  99893 requests in 10.00s, 16.67MB read
Requests/sec:   9988.49
Transfer/sec:      1.67MB
