Running 10s test @ http://localhost
  2 threads and 10 connections
  Thread Stats   Avg      Stdev     Max   +/- Stdev
    Latency     2.26ms    3.02ms  45.82ms   93.44%
    Req/Sec       -nan      -nan   0.00      0.00%
  Latency Distribution (HdrHistogram - Recorded Latency)
 50.000%    1.49ms
 75.000%    2.28ms
 90.000%    3.93ms
 99.000%   17.12ms
 99.900%   30.93ms
 99.990%   44.42ms
 99.999%   45.60ms
100.000%   45.85ms

  Detailed Percentile spectrum:
       Value   Percentile   TotalCount 1/(1-Percentile)

       0.087     0.000000            1         1.00
       0.663     0.100000        10019         1.11
       0.878     0.200000        20023         1.25
       1.081     0.300000        30004         1.43
       1.283     0.400000        39960         1.67
       1.492     0.500000        49985         2.00
       1.608     0.550000        54961         2.22
       1.734     0.600000        59961         2.50
       1.880     0.650000        64937         2.86
       2.061     0.700000        69934         3.33
       2.281     0.750000        74922         4.00
       2.417     0.775000        77427         4.44
       2.577     0.800000        79916         5.00
       2.783     0.825000        82418         5.71
       3.039     0.850000        84918         6.67
       3.405     0.875000        87402         8.00
       3.641     0.887500        88652         8.89
       3.927     0.900000        89903        10.00
       4.335     0.912500        91149        11.43
       4.831     0.925000        92400        13.33
       5.463     0.937500        93641        16.00
       5.879     0.943750        94264        17.78
       6.403     0.950000        94888        20.00
       7.095     0.956250        95513        22.86
       7.999     0.962500        96139        26.67
       9.191     0.968750        96764        32.00
       9.863     0.971875        97074        35.56
      10.719     0.975000        97386        40.00
      11.575     0.978125        97698        45.71
      12.591     0.981250        98010        53.33
      14.039     0.984375        98322        64.00
      14.767     0.985938        98478        71.11
      15.671     0.987500        98634        80.00
      16.591     0.989062        98792        91.43
      17.503     0.990625        98946       106.67
      18.943     0.992188        99105       128.00
      19.647     0.992969        99180       142.22
      20.399     0.993750        99260       160.00
      21.343     0.994531        99336       182.86
      22.623     0.995313        99414       213.33
      24.271     0.996094        99492       256.00
      24.767     0.996484        99531       284.44
      25.327     0.996875        99571       320.00
      26.159     0.997266        99609       365.71
      27.327     0.997656        99648       426.67
      28.415     0.998047        99687       512.00
      28.895     0.998242        99707       568.89
      29.423     0.998437        99727       640.00
      29.919     0.998633        99746       731.43
      30.351     0.998828        99765       853.33
      30.991     0.999023        99786      1024.00
      31.391     0.999121        99795      1137.78
      31.839     0.999219        99804      1280.00
      32.111     0.999316        99814      1462.86
      32.671     0.999414        99824      1706.67
      33.183     0.999512        99835      2048.00
      33.279     0.999561        99839      2275.56
      33.535     0.999609        99843      2560.00
      33.823     0.999658        99848      2925.71
      35.519     0.999707        99853      3413.33
      37.727     0.999756        99858      4096.00
      39.551     0.999780        99861      4551.11
      40.063     0.999805        99863      5120.00
      41.119     0.999829        99865      5851.43
      42.783     0.999854        99868      6826.67
      43.775     0.999878        99870      8192.00
      44.415     0.999890        99872      9102.22
      44.543     0.999902        99873     10240.00
      44.767     0.999915        99874     11702.86
      44.799     0.999927        99875     13653.33
      44.927     0.999939        99876     16384.00
      45.151     0.999945        99877     18204.44
      45.279     0.999951        99878     20480.00
      45.279     0.999957        99878     23405.71
      45.439     0.999963        99879     27306.67
      45.439     0.999969        99879     32768.00
      45.535     0.999973        99880     36408.89
      45.535     0.999976        99880     40960.00
      45.535     0.999979        99880     46811.43
      45.599     0.999982        99881     54613.33
      45.599     0.999985        99881     65536.00
      45.599     0.999986        99881     72817.78
      45.599     0.999988        99881     81920.00
      45.599     0.999989        99881     93622.86
      45.855     0.999991        99882    109226.67
      45.855     1.000000        99882          inf
#[Mean    =        2.262, StdDeviation   =        3.018]
#[Max     =       45.824, Total count    =        99882]
#[Buckets =           27, SubBuckets     =         2048]
----------------------------------------------------------
  99884 requests in 10.00s, 16.67MB read
Requests/sec:   9988.00
Transfer/sec:      1.67MB
