Running 10s test @ http://localhost
  2 threads and 10 connections
  Thread Stats   Avg      Stdev     Max   +/- Stdev
    Latency     2.42ms    3.36ms  43.97ms   92.88%
    Req/Sec       -nan      -nan   0.00      0.00%
  Latency Distribution (HdrHistogram - Recorded Latency)
 50.000%    1.50ms
 75.000%    2.39ms
 90.000%    4.41ms
 99.000%   18.78ms
 99.900%   33.66ms
 99.990%   41.60ms
 99.999%   43.26ms
100.000%   44.00ms

  Detailed Percentile spectrum:
       Value   Percentile   TotalCount 1/(1-Percentile)

       0.095     0.000000            1         1.00
       0.648     0.100000        10012         1.11
       0.854     0.200000        20001         1.25
       1.060     0.300000        29980         1.43
       1.279     0.400000        39939         1.67
       1.504     0.500000        49927         2.00
       1.631     0.550000        54915         2.22
       1.769     0.600000        59930         2.50
       1.932     0.650000        64923         2.86
       2.131     0.700000        69911         3.33
       2.389     0.750000        74895         4.00
       2.551     0.775000        77379         4.44
       2.751     0.800000        79886         5.00
       3.005     0.825000        82389         5.71
       3.343     0.850000        84871         6.67
       3.781     0.875000        87365         8.00
       4.045     0.887500        88612         8.89
       4.415     0.900000        89859        10.00
       4.891     0.912500        91105        11.43
       5.551     0.925000        92357        13.33
       6.431     0.937500        93603        16.00
       6.955     0.943750        94224        17.78
       7.671     0.950000        94850        20.00
       8.439     0.956250        95475        22.86
       9.359     0.962500        96101        26.67
      10.591     0.968750        96725        32.00
      11.431     0.971875        97035        35.56
      12.319     0.975000        97344        40.00
      13.263     0.978125        97657        45.71
      14.583     0.981250        97969        53.33
      15.855     0.984375        98281        64.00
      16.639     0.985938        98436        71.11
      17.407     0.987500        98592        80.00
      18.207     0.989062        98749        91.43
      19.279     0.990625        98906       106.67
      20.431     0.992188        99060       128.00
      21.023     0.992969        99138       142.22
      21.663     0.993750        99216       160.00
      22.655     0.994531        99294       182.86
      23.711     0.995313        99374       213.33
      25.359     0.996094        99450       256.00
      26.127     0.996484        99490       284.44
      27.135     0.996875        99528       320.00
      28.095     0.997266        99568       365.71
      28.815     0.997656        99606       426.67
      30.911     0.998047        99645       512.00
      31.503     0.998242        99665       568.89
      31.967     0.998437        99685       640.00
      32.495     0.998633        99704       731.43
      33.055     0.998828        99723       853.33
      33.823     0.999023        99743      1024.00
      34.175     0.999121        99753      1137.78
      34.527     0.999219        99762      1280.00
      35.007     0.999316        99772      1462.86
      35.647     0.999414        99782      1706.67
      37.023     0.999512        99792      2048.00
      37.791     0.999561        99797      2275.56
      38.271     0.999609        99801      2560.00
      39.295     0.999658        99806      2925.71
      39.871     0.999707        99811      3413.33
      40.095     0.999756        99816      4096.00
      40.319     0.999780        99819      4551.11
      40.511     0.999805        99821      5120.00
      40.575     0.999829        99823      5851.43
      40.735     0.999854        99826      6826.67
      41.247     0.999878        99828      8192.00
      41.599     0.999890        99830      9102.22
      41.663     0.999902        99831     10240.00
      41.791     0.999915        99832     11702.86
      41.823     0.999927        99833     13653.33
      41.951     0.999939        99834     16384.00
      41.983     0.999945        99835     18204.44
      42.015     0.999951        99836     20480.00
      42.015     0.999957        99836     23405.71
      42.559     0.999963        99837     27306.67
      42.559     0.999969        99837     32768.00
      42.687     0.999973        99838     36408.89
      42.687     0.999976        99838     40960.00
      42.687     0.999979        99838     46811.43
      43.263     0.999982        99839     54613.33
      43.263     0.999985        99839     65536.00
      43.263     0.999986        99839     72817.78
      43.263     0.999988        99839     81920.00
      43.263     0.999989        99839     93622.86
      43.999     0.999991        99840    109226.67
      43.999     1.000000        99840          inf
#[Mean    =        2.421, StdDeviation   =        3.357]
#[Max     =       43.968, Total count    =        99840]
#[Buckets =           27, SubBuckets     =         2048]
----------------------------------------------------------
  99842 requests in 10.00s, 16.66MB read
Requests/sec:   9983.94
Transfer/sec:      1.67MB
