Running 10s test @ http://localhost
  2 threads and 10 connections
  Thread Stats   Avg      Stdev     Max   +/- Stdev
    Latency     2.35ms    3.11ms  47.01ms   92.32%
    Req/Sec       -nan      -nan   0.00      0.00%
  Latency Distribution (HdrHistogram - Recorded Latency)
 50.000%    1.48ms
 75.000%    2.33ms
 90.000%    4.36ms
 99.000%   16.21ms
 99.900%   30.82ms
 99.990%   45.47ms
 99.999%   46.85ms
100.000%   47.04ms

  Detailed Percentile spectrum:
       Value   Percentile   TotalCount 1/(1-Percentile)

       0.118     0.000000            1         1.00
       0.642     0.100000        10005         1.11
       0.837     0.200000        20019         1.25
       1.040     0.300000        30004         1.43
       1.254     0.400000        39975         1.67
       1.481     0.500000        49937         2.00
       1.600     0.550000        54960         2.22
       1.733     0.600000        59966         2.50
       1.886     0.650000        64932         2.86
       2.077     0.700000        69933         3.33
       2.331     0.750000        74908         4.00
       2.493     0.775000        77413         4.44
       2.687     0.800000        79897         5.00
       2.933     0.825000        82395         5.71
       3.255     0.850000        84902         6.67
       3.709     0.875000        87393         8.00
       3.987     0.887500        88637         8.89
       4.363     0.900000        89897        10.00
       4.855     0.912500        91132        11.43
       5.575     0.925000        92382        13.33
       6.635     0.937500        93631        16.00
       7.263     0.943750        94255        17.78
       7.919     0.950000        94880        20.00
       8.631     0.956250        95507        22.86
       9.447     0.962500        96125        26.67
      10.447     0.968750        96750        32.00
      10.975     0.971875        97068        35.56
      11.615     0.975000        97375        40.00
      12.287     0.978125        97689        45.71
      13.031     0.981250        98000        53.33
      13.943     0.984375        98314        64.00
      14.399     0.985938        98468        71.11
      14.983     0.987500        98623        80.00
      15.759     0.989062        98778        91.43
      16.527     0.990625        98939       106.67
      17.583     0.992188        99092       128.00
      18.223     0.992969        99168       142.22
      19.071     0.993750        99247       160.00
      20.079     0.994531        99324       182.86
      21.487     0.995313        99403       213.33
      22.767     0.996094        99480       256.00
      23.423     0.996484        99519       284.44
      24.079     0.996875        99558       320.00
      24.991     0.997266        99597       365.71
      26.639     0.997656        99636       426.67
      27.439     0.998047        99675       512.00
      27.839     0.998242        99696       568.89
      28.175     0.998437        99714       640.00
      28.799     0.998633        99734       731.43
      29.663     0.998828        99753       853.33
      30.847     0.999023        99774      1024.00
      31.503     0.999121        99783      1137.78
      32.383     0.999219        99792      1280.00
      33.183     0.999316        99802      1462.86
      34.399     0.999414        99812      1706.67
      36.959     0.999512        99823      2048.00
      37.631     0.999561        99827      2275.56
      38.367     0.999609        99831      2560.00
      39.455     0.999658        99836      2925.71
      40.223     0.999707        99841      3413.33
      41.791     0.999756        99846      4096.00
      43.295     0.999780        99849      4551.11
      43.935     0.999805        99851      5120.00
      44.447     0.999829        99853      5851.43
      45.087     0.999854        99856      6826.67
      45.311     0.999878        99858      8192.00
      45.471     0.999890        99860      9102.22
      45.503     0.999902        99861     10240.00
      45.663     0.999915        99862     11702.86
      45.727     0.999927        99863     13653.33
      45.855     0.999939        99864     16384.00
      45.919     0.999945        99866     18204.44
      45.919     0.999951        99866     20480.00
      45.919     0.999957        99866     23405.71
      46.175     0.999963        99867     27306.67
      46.175     0.999969        99867     32768.00
      46.303     0.999973        99868     36408.89
      46.303     0.999976        99868     40960.00
      46.303     0.999979        99868     46811.43
      46.847     0.999982        99869     54613.33
      46.847     0.999985        99869     65536.00
      46.847     0.999986        99869     72817.78
      46.847     0.999988        99869     81920.00
      46.847     0.999989        99869     93622.86
      47.039     0.999991        99870    109226.67
      47.039     1.000000        99870          inf
#[Mean    =        2.346, StdDeviation   =        3.111]
#[Max     =       47.008, Total count    =        99870]
#[Buckets =           27, SubBuckets     =         2048]
----------------------------------------------------------
  99872 requests in 10.00s, 16.67MB read
Requests/sec:   9987.10
Transfer/sec:      1.67MB
