Running 10s test @ http://localhost
  2 threads and 10 connections
  Thread Stats   Avg      Stdev     Max   +/- Stdev
    Latency     2.10ms    2.57ms  47.84ms   93.41%
    Req/Sec       -nan      -nan   0.00      0.00%
  Latency Distribution (HdrHistogram - Recorded Latency)
 50.000%    1.47ms
 75.000%    2.21ms
 90.000%    3.62ms
 99.000%   13.51ms
 99.900%   28.43ms
 99.990%   44.61ms
 99.999%   47.62ms
100.000%   47.87ms

  Detailed Percentile spectrum:
       Value   Percentile   TotalCount 1/(1-Percentile)

       0.119     0.000000            1         1.00
       0.653     0.100000        10024         1.11
       0.865     0.200000        19980         1.25
       1.067     0.300000        29979         1.43
       1.272     0.400000        39989         1.67
       1.474     0.500000        49967         2.00
       1.585     0.550000        54956         2.22
       1.704     0.600000        59934         2.50
       1.840     0.650000        64945         2.86
       2.004     0.700000        69936         3.33
       2.211     0.750000        74944         4.00
       2.327     0.775000        77406         4.44
       2.473     0.800000        79914         5.00
       2.651     0.825000        82401         5.71
       2.879     0.850000        84905         6.67
       3.193     0.875000        87405         8.00
       3.395     0.887500        88644         8.89
       3.625     0.900000        89894        10.00
       3.911     0.912500        91139        11.43
       4.311     0.925000        92401        13.33
       4.819     0.937500        93637        16.00
       5.179     0.943750        94263        17.78
       5.667     0.950000        94889        20.00
       6.219     0.956250        95510        22.86
       6.939     0.962500        96134        26.67
       7.883     0.968750        96760        32.00
       8.471     0.971875        97073        35.56
       9.031     0.975000        97384        40.00
       9.711     0.978125        97697        45.71
      10.407     0.981250        98006        53.33
      11.215     0.984375        98320        64.00
      11.671     0.985938        98475        71.11
      12.199     0.987500        98631        80.00
      12.871     0.989062        98786        91.43
      13.959     0.990625        98943       106.67
      15.359     0.992188        99099       128.00
      16.079     0.992969        99178       142.22
      16.847     0.993750        99255       160.00
      17.695     0.994531        99333       182.86
      18.911     0.995313        99411       213.33
      20.255     0.996094        99488       256.00
      21.039     0.996484        99527       284.44
      21.871     0.996875        99567       320.00
      22.543     0.997266        99605       365.71
      23.391     0.997656        99645       426.67
      24.463     0.998047        99683       512.00
      25.183     0.998242        99703       568.89
      25.807     0.998437        99722       640.00
      26.495     0.998633        99742       731.43
      27.407     0.998828        99761       853.33
      28.671     0.999023        99781      1024.00
      29.071     0.999121        99791      1137.78
      29.727     0.999219        99800      1280.00
      30.575     0.999316        99811      1462.86
      32.031     0.999414        99820      1706.67
      33.407     0.999512        99830      2048.00
      33.631     0.999561        99836      2275.56
      34.175     0.999609        99839      2560.00
      34.847     0.999658        99844      2925.71
      36.127     0.999707        99849      3413.33
      37.439     0.999756        99854      4096.00
      39.199     0.999780        99857      4551.11
      40.095     0.999805        99859      5120.00
      40.543     0.999829        99861      5851.43
      42.367     0.999854        99864      6826.67
      43.135     0.999878        99866      8192.00
      44.607     0.999890        99868      9102.22
      44.767     0.999902        99869     10240.00
      44.927     0.999915        99870     11702.86
      45.535     0.999927        99871     13653.33
      46.079     0.999939        99872     16384.00
      46.207     0.999945        99873     18204.44
      46.559     0.999951        99874     20480.00
      46.559     0.999957        99874     23405.71
      47.135     0.999963        99875     27306.67
      47.135     0.999969        99875     32768.00
      47.487     0.999973        99876     36408.89
      47.487     0.999976        99876     40960.00
      47.487     0.999979        99876     46811.43
      47.615     0.999982        99877     54613.33
      47.615     0.999985        99877     65536.00
      47.615     0.999986        99877     72817.78
      47.615     0.999988        99877     81920.00
      47.615     0.999989        99877     93622.86
      47.871     0.999991        99878    109226.67
      47.871     1.000000        99878          inf
#[Mean    =        2.099, StdDeviation   =        2.572]
#[Max     =       47.840, Total count    =        99878]
#[Buckets =           27, SubBuckets     =         2048]
----------------------------------------------------------
  99881 requests in 10.00s, 16.67MB read
Requests/sec:   9988.11
Transfer/sec:      1.67MB
