Running 10s test @ http://localhost
  2 threads and 10 connections
  Thread Stats   Avg      Stdev     Max   +/- Stdev
    Latency     3.27ms    6.31ms  74.82ms   93.80%
    Req/Sec       -nan      -nan   0.00      0.00%
  Latency Distribution (HdrHistogram - Recorded Latency)
 50.000%    1.57ms
 75.000%    2.59ms
 90.000%    5.89ms
 99.000%   38.69ms
 99.900%   59.46ms
 99.990%   71.17ms
 99.999%   74.11ms
100.000%   74.88ms

  Detailed Percentile spectrum:
       Value   Percentile   TotalCount 1/(1-Percentile)

       0.095     0.000000            1         1.00
       0.687     0.100000        10017         1.11
       0.914     0.200000        20013         1.25
       1.127     0.300000        30000         1.43
       1.344     0.400000        39961         1.67
       1.571     0.500000        49980         2.00
       1.702     0.550000        54955         2.22
       1.854     0.600000        59943         2.50
       2.037     0.650000        64952         2.86
       2.267     0.700000        69933         3.33
       2.593     0.750000        74938         4.00
       2.821     0.775000        77417         4.44
       3.117     0.800000        79913         5.00
       3.509     0.825000        82422         5.71
       4.013     0.850000        84910         6.67
       4.767     0.875000        87410         8.00
       5.263     0.887500        88654         8.89
       5.887     0.900000        89907        10.00
       6.699     0.912500        91153        11.43
       7.835     0.925000        92401        13.33
       9.511     0.937500        93648        16.00
      10.631     0.943750        94274        17.78
      11.751     0.950000        94903        20.00
      13.175     0.956250        95522        22.86
      15.063     0.962500        96152        26.67
      17.519     0.968750        96772        32.00
      18.799     0.971875        97086        35.56
      20.559     0.975000        97396        40.00
      22.735     0.978125        97707        45.71
      25.503     0.981250        98019        53.33
      29.759     0.984375        98331        64.00
      32.207     0.985938        98487        71.11
      34.463     0.987500        98648        80.00
      36.959     0.989062        98804        91.43
      39.615     0.990625        98956       106.67
      43.231     0.992188        99111       128.00
      44.607     0.992969        99189       142.22
      45.503     0.993750        99267       160.00
      46.431     0.994531        99347       182.86
      47.775     0.995313        99423       213.33
      50.079     0.996094        99501       256.00
      51.103     0.996484        99542       284.44
      52.383     0.996875        99581       320.00
      53.471     0.997266        99619       365.71
      54.879     0.997656        99657       426.67
      55.935     0.998047        99699       512.00
      56.511     0.998242        99716       568.89
      57.183     0.998437        99736       640.00
      57.887     0.998633        99755       731.43
      58.719     0.998828        99774       853.33
      59.775     0.999023        99794      1024.00
      60.607     0.999121        99804      1137.78
      61.599     0.999219        99813      1280.00
      62.591     0.999316        99823      1462.86
      63.455     0.999414        99833      1706.67
      64.863     0.999512        99843      2048.00
      67.263     0.999561        99848      2275.56
      67.775     0.999609        99853      2560.00
      68.415     0.999658        99858      2925.71
      69.119     0.999707        99862      3413.33
      69.503     0.999756        99867      4096.00
      69.951     0.999780        99870      4551.11
      70.143     0.999805        99872      5120.00
      70.463     0.999829        99874      5851.43
      70.847     0.999854        99878      6826.67
      70.911     0.999878        99879      8192.00
      71.167     0.999890        99881      9102.22
      71.551     0.999902        99882     10240.00
      72.319     0.999915        99883     11702.86
      73.023     0.999927        99884     13653.33
      73.599     0.999939        99885     16384.00
      73.919     0.999945        99886     18204.44
      73.983     0.999951        99887     20480.00
      73.983     0.999957        99887     23405.71
      74.047     0.999963        99888     27306.67
      74.047     0.999969        99888     32768.00
      74.111     0.999973        99890     36408.89
      74.111     0.999976        99890     40960.00
      74.111     0.999979        99890     46811.43
      74.111     0.999982        99890     54613.33
      74.111     0.999985        99890     65536.00
      74.111     0.999986        99890     72817.78
      74.111     0.999988        99890     81920.00
      74.111     0.999989        99890     93622.86
      74.879     0.999991        99891    109226.67
      74.879     1.000000        99891          inf
#[Mean    =        3.268, StdDeviation   =        6.311]
#[Max     =       74.816, Total count    =        99891]
#[Buckets =           27, SubBuckets     =         2048]
----------------------------------------------------------
  99896 requests in 10.00s, 16.67MB read
Requests/sec:   9989.76
Transfer/sec:      1.67MB
