Running 10s test @ http://localhost
  2 threads and 10 connections
  Thread Stats   Avg      Stdev     Max   +/- Stdev
    Latency     2.65ms    3.74ms  39.30ms   91.88%
    Req/Sec       -nan      -nan   0.00      0.00%
  Latency Distribution (HdrHistogram - Recorded Latency)
 50.000%    1.54ms
 75.000%    2.38ms
 90.000%    5.09ms
 99.000%   20.98ms
 99.900%   30.90ms
 99.990%   37.38ms
 99.999%   39.10ms
100.000%   39.33ms

  Detailed Percentile spectrum:
       Value   Percentile   TotalCount 1/(1-Percentile)

       0.116     0.000000            1         1.00
       0.684     0.100000         9998         1.11
       0.919     0.200000        19987         1.25
       1.132     0.300000        29981         1.43
       1.333     0.400000        39994         1.67
       1.542     0.500000        49952         2.00
       1.660     0.550000        54946         2.22
       1.792     0.600000        59941         2.50
       1.947     0.650000        64936         2.86
       2.137     0.700000        69944         3.33
       2.375     0.750000        74919         4.00
       2.539     0.775000        77407         4.44
       2.745     0.800000        79904         5.00
       3.029     0.825000        82406         5.71
       3.433     0.850000        84901         6.67
       4.053     0.875000        87395         8.00
       4.503     0.887500        88649         8.89
       5.091     0.900000        89894        10.00
       5.895     0.912500        91140        11.43
       6.959     0.925000        92392        13.33
       8.303     0.937500        93636        16.00
       9.095     0.943750        94260        17.78
      10.047     0.950000        94889        20.00
      11.031     0.956250        95511        22.86
      12.063     0.962500        96133        26.67
      13.359     0.968750        96760        32.00
      14.055     0.971875        97070        35.56
      14.831     0.975000        97383        40.00
      15.783     0.978125        97698        45.71
      16.831     0.981250        98006        53.33
      18.063     0.984375        98322        64.00
      18.751     0.985938        98475        71.11
      19.423     0.987500        98630        80.00
      20.335     0.989062        98787        91.43
      21.423     0.990625        98942       106.67
      22.559     0.992188        99098       128.00
      23.183     0.992969        99180       142.22
      23.807     0.993750        99254       160.00
      24.591     0.994531        99333       182.86
      25.183     0.995313        99411       213.33
      26.159     0.996094        99488       256.00
      26.799     0.996484        99527       284.44
      27.247     0.996875        99567       320.00
      27.695     0.997266        99605       365.71
      28.335     0.997656        99645       426.67
      29.039     0.998047        99686       512.00
      29.327     0.998242        99703       568.89
      29.743     0.998437        99723       640.00
      30.047     0.998633        99742       731.43
      30.431     0.998828        99761       853.33
      31.007     0.999023        99781      1024.00
      31.439     0.999121        99791      1137.78
      31.823     0.999219        99800      1280.00
      32.271     0.999316        99810      1462.86
      32.863     0.999414        99820      1706.67
      33.567     0.999512        99830      2048.00
      33.919     0.999561        99836      2275.56
      34.047     0.999609        99839      2560.00
      34.271     0.999658        99844      2925.71
      34.495     0.999707        99851      3413.33
      34.751     0.999756        99855      4096.00
      34.975     0.999780        99857      4551.11
      35.295     0.999805        99859      5120.00
      35.583     0.999829        99861      5851.43
      36.319     0.999854        99864      6826.67
      36.767     0.999878        99866      8192.00
      37.375     0.999890        99868      9102.22
      37.759     0.999902        99869     10240.00
      38.079     0.999915        99871     11702.86
      38.079     0.999927        99871     13653.33
      38.431     0.999939        99872     16384.00
      38.655     0.999945        99873     18204.44
      38.687     0.999951        99874     20480.00
      38.687     0.999957        99874     23405.71
      38.719     0.999963        99875     27306.67
      38.719     0.999969        99875     32768.00
      38.847     0.999973        99876     36408.89
      38.847     0.999976        99876     40960.00
      38.847     0.999979        99876     46811.43
      39.103     0.999982        99877     54613.33
      39.103     0.999985        99877     65536.00
      39.103     0.999986        99877     72817.78
      39.103     0.999988        99877     81920.00
      39.103     0.999989        99877     93622.86
      39.327     0.999991        99878    109226.67
      39.327     1.000000        99878          inf
#[Mean    =        2.645, StdDeviation   =        3.739]
#[Max     =       39.296, Total count    =        99878]
#[Buckets =           27, SubBuckets     =         2048]
----------------------------------------------------------
  99881 requests in 10.00s, 16.67MB read
Requests/sec:   9988.23
Transfer/sec:      1.67MB
