Running 10s test @ http://localhost
  2 threads and 10 connections
  Thread Stats   Avg      Stdev     Max   +/- Stdev
    Latency     2.31ms    3.19ms  49.70ms   92.61%
    Req/Sec       -nan      -nan   0.00      0.00%
  Latency Distribution (HdrHistogram - Recorded Latency)
 50.000%    1.44ms
 75.000%    2.23ms
 90.000%    4.22ms
 99.000%   17.38ms
 99.900%   35.87ms
 99.990%   48.10ms
 99.999%   49.53ms
100.000%   49.73ms

  Detailed Percentile spectrum:
       Value   Percentile   TotalCount 1/(1-Percentile)

       0.089     0.000000            1         1.00
       0.647     0.100000        10018         1.11
       0.856     0.200000        19989         1.25
       1.048     0.300000        29972         1.43
       1.237     0.400000        39992         1.67
       1.441     0.500000        49939         2.00
       1.554     0.550000        54923         2.22
       1.683     0.600000        59928         2.50
       1.829     0.650000        64925         2.86
       2.004     0.700000        69911         3.33
       2.233     0.750000        74913         4.00
       2.379     0.775000        77395         4.44
       2.557     0.800000        79885         5.00
       2.793     0.825000        82379         5.71
       3.097     0.850000        84878         6.67
       3.541     0.875000        87370         8.00
       3.835     0.887500        88625         8.89
       4.223     0.900000        89867        10.00
       4.723     0.912500        91113        11.43
       5.419     0.925000        92361        13.33
       6.355     0.937500        93612        16.00
       6.891     0.943750        94234        17.78
       7.491     0.950000        94856        20.00
       8.187     0.956250        95481        22.86
       9.007     0.962500        96106        26.67
      10.063     0.968750        96729        32.00
      10.759     0.971875        97042        35.56
      11.471     0.975000        97352        40.00
      12.223     0.978125        97669        45.71
      13.111     0.981250        97976        53.33
      14.343     0.984375        98291        64.00
      15.063     0.985938        98444        71.11
      15.951     0.987500        98601        80.00
      16.751     0.989062        98756        91.43
      17.823     0.990625        98912       106.67
      18.927     0.992188        99068       128.00
      19.631     0.992969        99146       142.22
      20.303     0.993750        99226       160.00
      20.959     0.994531        99304       182.86
      21.759     0.995313        99381       213.33
      22.607     0.996094        99458       256.00
      23.135     0.996484        99497       284.44
      23.839     0.996875        99536       320.00
      24.767     0.997266        99575       365.71
      25.551     0.997656        99614       426.67
      26.767     0.998047        99653       512.00
      28.463     0.998242        99673       568.89
      30.191     0.998437        99692       640.00
      31.983     0.998633        99712       731.43
      33.855     0.998828        99731       853.33
      36.287     0.999023        99751      1024.00
      36.991     0.999121        99761      1137.78
      37.599     0.999219        99771      1280.00
      38.207     0.999316        99781      1462.86
      39.295     0.999414        99790      1706.67
      40.511     0.999512        99800      2048.00
      41.663     0.999561        99805      2275.56
      42.111     0.999609        99809      2560.00
      42.495     0.999658        99814      2925.71
      43.455     0.999707        99820      3413.33
      43.743     0.999756        99824      4096.00
      44.383     0.999780        99827      4551.11
      44.671     0.999805        99829      5120.00
      45.023     0.999829        99832      5851.43
      46.335     0.999854        99834      6826.67
      47.519     0.999878        99836      8192.00
      48.095     0.999890        99838      9102.22
      48.479     0.999902        99839     10240.00
      48.607     0.999915        99840     11702.86
      48.799     0.999927        99841     13653.33
      49.023     0.999939        99842     16384.00
      49.055     0.999945        99843     18204.44
      49.151     0.999951        99844     20480.00
      49.151     0.999957        99844     23405.71
      49.343     0.999963        99845     27306.67
      49.343     0.999969        99845     32768.00
      49.375     0.999973        99846     36408.89
      49.375     0.999976        99846     40960.00
      49.375     0.999979        99846     46811.43
      49.535     0.999982        99847     54613.33
      49.535     0.999985        99847     65536.00
      49.535     0.999986        99847     72817.78
      49.535     0.999988        99847     81920.00
      49.535     0.999989        99847     93622.86
      49.727     0.999991        99848    109226.67
      49.727     1.000000        99848          inf
#[Mean    =        2.306, StdDeviation   =        3.187]
#[Max     =       49.696, Total count    =        99848]
#[Buckets =           27, SubBuckets     =         2048]
----------------------------------------------------------
  99850 requests in 10.00s, 16.66MB read
Requests/sec:   9985.15
Transfer/sec:      1.67MB
