Running 10s test @ http://localhost
  2 threads and 10 connections
  Thread Stats   Avg      Stdev     Max   +/- Stdev
    Latency     2.27ms    2.87ms  45.34ms   92.53%
    Req/Sec       -nan      -nan   0.00      0.00%
  Latency Distribution (HdrHistogram - Recorded Latency)
 50.000%    1.51ms
 75.000%    2.35ms
 90.000%    4.16ms
 99.000%   15.08ms
 99.900%   31.92ms
 99.990%   43.78ms
 99.999%   45.02ms
100.000%   45.38ms

  Detailed Percentile spectrum:
       Value   Percentile   TotalCount 1/(1-Percentile)

       0.130     0.000000            1         1.00
       0.651     0.100000         9995         1.11
       0.880     0.200000        20019         1.25
       1.085     0.300000        29986         1.43
       1.297     0.400000        39963         1.67
       1.512     0.500000        49985         2.00
       1.629     0.550000        54971         2.22
       1.761     0.600000        59934         2.50
       1.919     0.650000        64934         2.86
       2.105     0.700000        69920         3.33
       2.349     0.750000        74928         4.00
       2.499     0.775000        77409         4.44
       2.675     0.800000        79906         5.00
       2.905     0.825000        82416         5.71
       3.195     0.850000        84900         6.67
       3.599     0.875000        87404         8.00
       3.855     0.887500        88653         8.89
       4.159     0.900000        89909        10.00
       4.571     0.912500        91144        11.43
       5.127     0.925000        92392        13.33
       5.879     0.937500        93643        16.00
       6.351     0.943750        94266        17.78
       6.879     0.950000        94890        20.00
       7.495     0.956250        95519        22.86
       8.183     0.962500        96137        26.67
       8.983     0.968750        96762        32.00
       9.487     0.971875        97073        35.56
      10.087     0.975000        97388        40.00
      10.863     0.978125        97702        45.71
      11.687     0.981250        98010        53.33
      12.647     0.984375        98322        64.00
      13.199     0.985938        98479        71.11
      13.975     0.987500        98634        80.00
      14.607     0.989062        98790        91.43
      15.439     0.990625        98947       106.67
      16.623     0.992188        99102       128.00
      17.423     0.992969        99181       142.22
      18.159     0.993750        99257       160.00
      19.071     0.994531        99335       182.86
      19.743     0.995313        99413       213.33
      20.623     0.996094        99491       256.00
      21.759     0.996484        99530       284.44
      23.087     0.996875        99569       320.00
      24.255     0.997266        99608       365.71
      25.135     0.997656        99647       426.67
      26.191     0.998047        99686       512.00
      26.799     0.998242        99706       568.89
      27.551     0.998437        99726       640.00
      28.751     0.998633        99745       731.43
      30.655     0.998828        99764       853.33
      32.143     0.999023        99785      1024.00
      32.863     0.999121        99794      1137.78
      33.407     0.999219        99803      1280.00
      34.047     0.999316        99813      1462.86
      34.591     0.999414        99823      1706.67
      35.615     0.999512        99833      2048.00
      35.999     0.999561        99838      2275.56
      37.215     0.999609        99842      2560.00
      39.487     0.999658        99847      2925.71
      41.279     0.999707        99852      3413.33
      41.759     0.999756        99858      4096.00
      42.143     0.999780        99860      4551.11
      42.367     0.999805        99863      5120.00
      42.655     0.999829        99864      5851.43
      43.167     0.999854        99867      6826.67
      43.583     0.999878        99869      8192.00
      43.775     0.999890        99871      9102.22
      43.967     0.999902        99872     10240.00
      44.063     0.999915        99873     11702.86
      44.127     0.999927        99875     13653.33
      44.127     0.999939        99875     16384.00
      44.479     0.999945        99876     18204.44
      44.511     0.999951        99877     20480.00
      44.511     0.999957        99877     23405.71
      44.639     0.999963        99878     27306.67
      44.639     0.999969        99878     32768.00
      44.735     0.999973        99879     36408.89
      44.735     0.999976        99879     40960.00
      44.735     0.999979        99879     46811.43
      45.023     0.999982        99880     54613.33
      45.023     0.999985        99880     65536.00
      45.023     0.999986        99880     72817.78
      45.023     0.999988        99880     81920.00
      45.023     0.999989        99880     93622.86
      45.375     0.999991        99881    109226.67
      45.375     1.000000        99881          inf
#[Mean    =        2.274, StdDeviation   =        2.868]
#[Max     =       45.344, Total count    =        99881]
#[Buckets =           27, SubBuckets     =         2048]
----------------------------------------------------------
  99883 requests in 10.00s, 16.67MB read
Requests/sec:   9988.39
Transfer/sec:      1.67MB
