Running 10s test @ http://localhost
  2 threads and 10 connections
  Thread Stats   Avg      Stdev     Max   +/- Stdev
    Latency     2.26ms    2.59ms  37.95ms   91.87%
    Req/Sec       -nan      -nan   0.00      0.00%
  Latency Distribution (HdrHistogram - Recorded Latency)
 50.000%    1.52ms
 75.000%    2.36ms
 90.000%    4.18ms
 99.000%   14.14ms
 99.900%   25.06ms
 99.990%   34.40ms
 99.999%   37.47ms
100.000%   37.98ms

  Detailed Percentile spectrum:
       Value   Percentile   TotalCount 1/(1-Percentile)

       0.122     0.000000            1         1.00
       0.665     0.100000        10007         1.11
       0.881     0.200000        20010         1.25
       1.101     0.300000        29999         1.43
       1.312     0.400000        39976         1.67
       1.524     0.500000        49959         2.00
       1.644     0.550000        54940         2.22
       1.779     0.600000        59932         2.50
       1.937     0.650000        64935         2.86
       2.123     0.700000        69939         3.33
       2.363     0.750000        74917         4.00
       2.511     0.775000        77414         4.44
       2.701     0.800000        79916         5.00
       2.921     0.825000        82417         5.71
       3.215     0.850000        84904         6.67
       3.613     0.875000        87398         8.00
       3.857     0.887500        88655         8.89
       4.175     0.900000        89904        10.00
       4.599     0.912500        91153        11.43
       5.175     0.925000        92393        13.33
       6.015     0.937500        93645        16.00
       6.539     0.943750        94266        17.78
       7.111     0.950000        94890        20.00
       7.747     0.956250        95517        22.86
       8.479     0.962500        96138        26.67
       9.255     0.968750        96762        32.00
       9.735     0.971875        97077        35.56
      10.279     0.975000        97388        40.00
      10.903     0.978125        97699        45.71
      11.623     0.981250        98011        53.33
      12.383     0.984375        98324        64.00
      12.815     0.985938        98479        71.11
      13.247     0.987500        98635        80.00
      13.759     0.989062        98791        91.43
      14.423     0.990625        98947       106.67
      15.111     0.992188        99107       128.00
      15.423     0.992969        99184       142.22
      15.751     0.993750        99259       160.00
      16.207     0.994531        99337       182.86
      16.687     0.995313        99415       213.33
      17.119     0.996094        99495       256.00
      17.439     0.996484        99532       284.44
      17.855     0.996875        99571       320.00
      18.383     0.997266        99610       365.71
      19.039     0.997656        99649       426.67
      20.239     0.998047        99688       512.00
      20.767     0.998242        99708       568.89
      21.535     0.998437        99727       640.00
      22.335     0.998633        99747       731.43
      23.823     0.998828        99766       853.33
      25.231     0.999023        99786      1024.00
      25.951     0.999121        99796      1137.78
      26.527     0.999219        99805      1280.00
      27.279     0.999316        99815      1462.86
      28.223     0.999414        99826      1706.67
      29.199     0.999512        99836      2048.00
      29.631     0.999561        99840      2275.56
      30.095     0.999609        99844      2560.00
      31.199     0.999658        99849      2925.71
      32.015     0.999707        99854      3413.33
      32.367     0.999756        99859      4096.00
      32.863     0.999780        99862      4551.11
      33.439     0.999805        99864      5120.00
      33.535     0.999829        99866      5851.43
      33.727     0.999854        99869      6826.67
      34.111     0.999878        99871      8192.00
      34.399     0.999890        99873      9102.22
      34.815     0.999902        99874     10240.00
      35.039     0.999915        99876     11702.86
      35.039     0.999927        99876     13653.33
      35.295     0.999939        99877     16384.00
      35.519     0.999945        99878     18204.44
      35.967     0.999951        99879     20480.00
      35.967     0.999957        99879     23405.71
      36.127     0.999963        99880     27306.67
      36.127     0.999969        99880     32768.00
      36.767     0.999973        99881     36408.89
      36.767     0.999976        99881     40960.00
      36.767     0.999979        99881     46811.43
      37.471     0.999982        99882     54613.33
      37.471     0.999985        99882     65536.00
      37.471     0.999986        99882     72817.78
      37.471     0.999988        99882     81920.00
      37.471     0.999989        99882     93622.86
      37.983     0.999991        99883    109226.67
      37.983     1.000000        99883          inf
#[Mean    =        2.257, StdDeviation   =        2.592]
#[Max     =       37.952, Total count    =        99883]
#[Buckets =           27, SubBuckets     =         2048]
----------------------------------------------------------
  99885 requests in 10.00s, 16.67MB read
Requests/sec:   9988.69
Transfer/sec:      1.67MB
