Running 10s test @ http://localhost
  2 threads and 10 connections
  Thread Stats   Avg      Stdev     Max   +/- Stdev
    Latency     3.12ms    5.78ms  86.40ms   93.14%
    Req/Sec       -nan      -nan   0.00      0.00%
  Latency Distribution (HdrHistogram - Recorded Latency)
 50.000%    1.52ms
 75.000%    2.53ms
 90.000%    6.04ms
 99.000%   33.22ms
 99.900%   55.78ms
 99.990%   85.89ms
 99.999%   86.46ms
100.000%   86.46ms

  Detailed Percentile spectrum:
       Value   Percentile   TotalCount 1/(1-Percentile)

       0.086     0.000000            1         1.00
       0.660     0.100000         9992         1.11
       0.879     0.200000        19958         1.25
       1.088     0.300000        29950         1.43
       1.294     0.400000        39901         1.67
       1.517     0.500000        49906         2.00
       1.647     0.550000        54876         2.22
       1.800     0.600000        59865         2.50
       1.982     0.650000        64850         2.86
       2.211     0.700000        69828         3.33
       2.527     0.750000        74814         4.00
       2.747     0.775000        77314         4.44
       3.037     0.800000        79812         5.00
       3.415     0.825000        82303         5.71
       3.943     0.850000        84789         6.67
       4.771     0.875000        87283         8.00
       5.343     0.887500        88535         8.89
       6.043     0.900000        89777        10.00
       7.007     0.912500        91027        11.43
       8.179     0.925000        92272        13.33
       9.631     0.937500        93518        16.00
      10.471     0.943750        94145        17.78
      11.583     0.950000        94766        20.00
      12.943     0.956250        95387        22.86
      14.415     0.962500        96011        26.67
      16.199     0.968750        96637        32.00
      17.391     0.971875        96947        35.56
      18.831     0.975000        97261        40.00
      20.687     0.978125        97571        45.71
      23.327     0.981250        97881        53.33
      26.223     0.984375        98193        64.00
      28.431     0.985938        98352        71.11
      30.655     0.987500        98506        80.00
      32.207     0.989062        98660        91.43
      34.207     0.990625        98817       106.67
      36.319     0.992188        98974       128.00
      37.151     0.992969        99050       142.22
      38.143     0.993750        99130       160.00
      39.167     0.994531        99207       182.86
      40.415     0.995313        99286       213.33
      41.727     0.996094        99364       256.00
      42.655     0.996484        99401       284.44
      43.871     0.996875        99441       320.00
      45.023     0.997266        99480       365.71
      45.951     0.997656        99518       426.67
      47.231     0.998047        99558       512.00
      47.871     0.998242        99576       568.89
      49.183     0.998437        99596       640.00
      50.495     0.998633        99615       731.43
      53.087     0.998828        99635       853.33
      57.439     0.999023        99654      1024.00
      64.159     0.999121        99664      1137.78
      67.839     0.999219        99674      1280.00
      71.615     0.999316        99683      1462.86
      76.671     0.999414        99693      1706.67
      79.935     0.999512        99703      2048.00
      80.511     0.999561        99708      2275.56
      81.023     0.999609        99713      2560.00
      81.471     0.999658        99717      2925.71
      82.239     0.999707        99722      3413.33
      83.007     0.999756        99727      4096.00
      83.903     0.999780        99730      4551.11
      84.543     0.999805        99732      5120.00
      85.055     0.999829        99734      5851.43
      85.567     0.999854        99737      6826.67
      85.759     0.999878        99739      8192.00
      85.887     0.999890        99741      9102.22
      85.951     0.999902        99743     10240.00
      85.951     0.999915        99743     11702.86
      86.079     0.999927        99744     13653.33
      86.207     0.999939        99747     16384.00
      86.207     0.999945        99747     18204.44
      86.207     0.999951        99747     20480.00
      86.207     0.999957        99747     23405.71
      86.271     0.999963        99748     27306.67
      86.271     0.999969        99748     32768.00
      86.335     0.999973        99749     36408.89
      86.335     0.999976        99749     40960.00
      86.335     0.999979        99749     46811.43
      86.463     0.999982        99751     54613.33
      86.463     1.000000        99751          inf
#[Mean    =        3.120, StdDeviation   =        5.775]
#[Max     =       86.400, Total count    =        99751]
#[Buckets =           27, SubBuckets     =         2048]
----------------------------------------------------------
  99753 requests in 10.00s, 16.65MB read
Requests/sec:   9975.36
Transfer/sec:      1.66MB
