Running 10s test @ http://localhost
  2 threads and 10 connections
  Thread Stats   Avg      Stdev     Max   +/- Stdev
    Latency     2.33ms    3.87ms  67.07ms   95.09%
    Req/Sec       -nan      -nan   0.00      0.00%
  Latency Distribution (HdrHistogram - Recorded Latency)
 50.000%    1.48ms
 75.000%    2.22ms
 90.000%    3.75ms
 99.000%   20.30ms
 99.900%   49.44ms
 99.990%   64.16ms
 99.999%   66.69ms
100.000%   67.14ms

  Detailed Percentile spectrum:
       Value   Percentile   TotalCount 1/(1-Percentile)

       0.092     0.000000            1         1.00
       0.672     0.100000        10001         1.11
       0.901     0.200000        19981         1.25
       1.101     0.300000        29998         1.43
       1.289     0.400000        39964         1.67
       1.482     0.500000        49966         2.00
       1.590     0.550000        54927         2.22
       1.712     0.600000        59939         2.50
       1.849     0.650000        64910         2.86
       2.015     0.700000        69929         3.33
       2.219     0.750000        74897         4.00
       2.345     0.775000        77403         4.44
       2.495     0.800000        79895         5.00
       2.683     0.825000        82391         5.71
       2.939     0.850000        84878         6.67
       3.287     0.875000        87372         8.00
       3.499     0.887500        88622         8.89
       3.753     0.900000        89868        10.00
       4.089     0.912500        91122        11.43
       4.519     0.925000        92363        13.33
       5.155     0.937500        93611        16.00
       5.579     0.943750        94237        17.78
       6.095     0.950000        94857        20.00
       6.763     0.956250        95483        22.86
       7.639     0.962500        96107        26.67
       8.911     0.968750        96735        32.00
       9.567     0.971875        97044        35.56
      10.367     0.975000        97353        40.00
      11.439     0.978125        97665        45.71
      13.071     0.981250        97979        53.33
      15.175     0.984375        98289        64.00
      16.447     0.985938        98445        71.11
      17.663     0.987500        98602        80.00
      19.039     0.989062        98758        91.43
      20.847     0.990625        98913       106.67
      23.103     0.992188        99069       128.00
      24.479     0.992969        99147       142.22
      26.559     0.993750        99225       160.00
      27.807     0.994531        99304       182.86
      30.143     0.995313        99381       213.33
      34.015     0.996094        99461       256.00
      35.327     0.996484        99498       284.44
      37.247     0.996875        99539       320.00
      38.719     0.997266        99576       365.71
      40.223     0.997656        99615       426.67
      41.567     0.998047        99655       512.00
      42.463     0.998242        99674       568.89
      43.615     0.998437        99693       640.00
      44.799     0.998633        99713       731.43
      46.335     0.998828        99732       853.33
      49.823     0.999023        99753      1024.00
      50.943     0.999121        99762      1137.78
      52.159     0.999219        99771      1280.00
      53.599     0.999316        99781      1462.86
      54.847     0.999414        99791      1706.67
      56.031     0.999512        99801      2048.00
      56.639     0.999561        99806      2275.56
      56.991     0.999609        99810      2560.00
      58.623     0.999658        99815      2925.71
      59.039     0.999707        99820      3413.33
      60.415     0.999756        99826      4096.00
      60.927     0.999780        99828      4551.11
      61.919     0.999805        99830      5120.00
      62.239     0.999829        99832      5851.43
      62.527     0.999854        99835      6826.67
      62.879     0.999878        99837      8192.00
      64.159     0.999890        99839      9102.22
      64.543     0.999902        99840     10240.00
      65.087     0.999915        99841     11702.86
      65.727     0.999927        99843     13653.33
      65.727     0.999939        99843     16384.00
      66.111     0.999945        99844     18204.44
      66.175     0.999951        99846     20480.00
      66.175     0.999957        99846     23405.71
      66.175     0.999963        99846     27306.67
      66.175     0.999969        99846     32768.00
      66.431     0.999973        99847     36408.89
      66.431     0.999976        99847     40960.00
      66.431     0.999979        99847     46811.43
      66.687     0.999982        99848     54613.33
      66.687     0.999985        99848     65536.00
      66.687     0.999986        99848     72817.78
      66.687     0.999988        99848     81920.00
      66.687     0.999989        99848     93622.86
      67.135     0.999991        99849    109226.67
      67.135     1.000000        99849          inf
#[Mean    =        2.328, StdDeviation   =        3.866]
#[Max     =       67.072, Total count    =        99849]
#[Buckets =           27, SubBuckets     =         2048]
----------------------------------------------------------
  99854 requests in 10.00s, 16.66MB read
Requests/sec:   9985.09
Transfer/sec:      1.67MB
