Running 10s test @ http://localhost
  2 threads and 10 connections
  Thread Stats   Avg      Stdev     Max   +/- Stdev
    Latency     1.80ms    1.96ms  35.07ms   94.38%
    Req/Sec       -nan      -nan   0.00      0.00%
  Latency Distribution (HdrHistogram - Recorded Latency)
 50.000%    1.40ms
 75.000%    2.03ms
 90.000%    2.90ms
 99.000%   11.13ms
 99.900%   25.47ms
 99.990%   33.73ms
 99.999%   34.43ms
100.000%   35.10ms

  Detailed Percentile spectrum:
       Value   Percentile   TotalCount 1/(1-Percentile)

       0.147     0.000000            1         1.00
       0.606     0.100000        10000         1.11
       0.823     0.200000        19991         1.25
       1.031     0.300000        29993         1.43
       1.217     0.400000        39962         1.67
       1.402     0.500000        49971         2.00
       1.500     0.550000        54949         2.22
       1.609     0.600000        59946         2.50
       1.731     0.650000        64936         2.86
       1.869     0.700000        69947         3.33
       2.027     0.750000        74931         4.00
       2.117     0.775000        77474         4.44
       2.213     0.800000        79928         5.00
       2.331     0.825000        82442         5.71
       2.467     0.850000        84926         6.67
       2.651     0.875000        87419         8.00
       2.767     0.887500        88660         8.89
       2.905     0.900000        89899        10.00
       3.073     0.912500        91151        11.43
       3.285     0.925000        92404        13.33
       3.571     0.937500        93645        16.00
       3.769     0.943750        94270        17.78
       3.999     0.950000        94896        20.00
       4.291     0.956250        95519        22.86
       4.715     0.962500        96144        26.67
       5.327     0.968750        96767        32.00
       5.735     0.971875        97080        35.56
       6.187     0.975000        97390        40.00
       6.759     0.978125        97702        45.71
       7.439     0.981250        98015        53.33
       8.391     0.984375        98327        64.00
       9.031     0.985938        98482        71.11
       9.767     0.987500        98639        80.00
      10.495     0.989062        98796        91.43
      11.463     0.990625        98950       106.67
      12.407     0.992188        99106       128.00
      12.919     0.992969        99186       142.22
      13.455     0.993750        99262       160.00
      13.983     0.994531        99340       182.86
      14.583     0.995313        99418       213.33
      15.199     0.996094        99496       256.00
      15.711     0.996484        99535       284.44
      16.463     0.996875        99574       320.00
      17.183     0.997266        99613       365.71
      17.839     0.997656        99652       426.67
      18.559     0.998047        99691       512.00
      18.991     0.998242        99711       568.89
      20.063     0.998437        99730       640.00
      22.079     0.998633        99750       731.43
      24.351     0.998828        99769       853.33
      25.551     0.999023        99789      1024.00
      26.287     0.999121        99799      1137.78
      26.735     0.999219        99808      1280.00
      27.231     0.999316        99818      1462.86
      27.679     0.999414        99828      1706.67
      28.575     0.999512        99838      2048.00
      29.471     0.999561        99843      2275.56
      30.079     0.999609        99847      2560.00
      30.879     0.999658        99852      2925.71
      31.759     0.999707        99857      3413.33
      32.543     0.999756        99862      4096.00
      32.895     0.999780        99865      4551.11
      33.023     0.999805        99867      5120.00
      33.151     0.999829        99869      5851.43
      33.215     0.999854        99872      6826.67
      33.631     0.999878        99875      8192.00
      33.727     0.999890        99876      9102.22
      33.855     0.999902        99877     10240.00
      33.951     0.999915        99878     11702.86
      34.015     0.999927        99880     13653.33
      34.015     0.999939        99880     16384.00
      34.175     0.999945        99881     18204.44
      34.207     0.999951        99883     20480.00
      34.207     0.999957        99883     23405.71
      34.207     0.999963        99883     27306.67
      34.207     0.999969        99883     32768.00
      34.271     0.999973        99884     36408.89
      34.271     0.999976        99884     40960.00
      34.271     0.999979        99884     46811.43
      34.431     0.999982        99885     54613.33
      34.431     0.999985        99885     65536.00
      34.431     0.999986        99885     72817.78
      34.431     0.999988        99885     81920.00
      34.431     0.999989        99885     93622.86
      35.103     0.999991        99886    109226.67
      35.103     1.000000        99886          inf
#[Mean    =        1.803, StdDeviation   =        1.964]
#[Max     =       35.072, Total count    =        99886]
#[Buckets =           27, SubBuckets     =         2048]
----------------------------------------------------------
  99894 requests in 10.00s, 16.67MB read
Requests/sec:   9989.62
Transfer/sec:      1.67MB
