Running 10s test @ http://localhost
  2 threads and 10 connections
  Thread Stats   Avg      Stdev     Max   +/- Stdev
    Latency     2.57ms    3.35ms  42.50ms   91.46%
    Req/Sec       -nan      -nan   0.00      0.00%
  Latency Distribution (HdrHistogram - Recorded Latency)
 50.000%    1.53ms
 75.000%    2.50ms
 90.000%    5.14ms
 99.000%   18.17ms
 99.900%   27.41ms
 99.990%   41.02ms
 99.999%   42.30ms
100.000%   42.53ms

  Detailed Percentile spectrum:
       Value   Percentile   TotalCount 1/(1-Percentile)

       0.099     0.000000            1         1.00
       0.683     0.100000        10011         1.11
       0.898     0.200000        20034         1.25
       1.107     0.300000        29991         1.43
       1.310     0.400000        39968         1.67
       1.535     0.500000        49978         2.00
       1.664     0.550000        54946         2.22
       1.810     0.600000        59959         2.50
       1.984     0.650000        64924         2.86
       2.203     0.700000        69926         3.33
       2.497     0.750000        74919         4.00
       2.697     0.775000        77411         4.44
       2.943     0.800000        79918         5.00
       3.261     0.825000        82413         5.71
       3.663     0.850000        84905         6.67
       4.227     0.875000        87407         8.00
       4.631     0.887500        88652         8.89
       5.143     0.900000        89906        10.00
       5.803     0.912500        91143        11.43
       6.619     0.925000        92392        13.33
       7.667     0.937500        93644        16.00
       8.271     0.943750        94267        17.78
       8.983     0.950000        94888        20.00
       9.839     0.956250        95515        22.86
      10.991     0.962500        96143        26.67
      12.335     0.968750        96765        32.00
      13.063     0.971875        97075        35.56
      13.799     0.975000        97386        40.00
      14.559     0.978125        97700        45.71
      15.383     0.981250        98010        53.33
      16.311     0.984375        98324        64.00
      16.815     0.985938        98479        71.11
      17.359     0.987500        98636        80.00
      17.903     0.989062        98796        91.43
      18.367     0.990625        98946       106.67
      18.895     0.992188        99102       128.00
      19.311     0.992969        99181       142.22
      19.775     0.993750        99258       160.00
      20.271     0.994531        99337       182.86
      20.879     0.995313        99414       213.33
      21.871     0.996094        99493       256.00
      22.287     0.996484        99531       284.44
      22.671     0.996875        99571       320.00
      23.103     0.997266        99610       365.71
      23.519     0.997656        99648       426.67
      24.383     0.998047        99687       512.00
      24.927     0.998242        99707       568.89
      25.423     0.998437        99726       640.00
      25.983     0.998633        99747       731.43
      26.655     0.998828        99767       853.33
      27.679     0.999023        99785      1024.00
      28.351     0.999121        99795      1137.78
      29.647     0.999219        99804      1280.00
      30.495     0.999316        99815      1462.86
      31.487     0.999414        99824      1706.67
      34.655     0.999512        99834      2048.00
      35.167     0.999561        99839      2275.56
      35.839     0.999609        99843      2560.00
      36.415     0.999658        99848      2925.71
      37.055     0.999707        99853      3413.33
      38.079     0.999756        99858      4096.00
      38.431     0.999780        99861      4551.11
      39.359     0.999805        99863      5120.00
      39.999     0.999829        99865      5851.43
      40.575     0.999854        99868      6826.67
      40.895     0.999878        99870      8192.00
      41.023     0.999890        99872      9102.22
      41.247     0.999902        99873     10240.00
      41.311     0.999915        99874     11702.86
      41.375     0.999927        99875     13653.33
      41.471     0.999939        99877     16384.00
      41.471     0.999945        99877     18204.44
      41.535     0.999951        99878     20480.00
      41.535     0.999957        99878     23405.71
      41.983     0.999963        99879     27306.67
      41.983     0.999969        99879     32768.00
      42.047     0.999973        99880     36408.89
      42.047     0.999976        99880     40960.00
      42.047     0.999979        99880     46811.43
      42.303     0.999982        99881     54613.33
      42.303     0.999985        99881     65536.00
      42.303     0.999986        99881     72817.78
      42.303     0.999988        99881     81920.00
      42.303     0.999989        99881     93622.86
      42.527     0.999991        99882    109226.67
      42.527     1.000000        99882          inf
#[Mean    =        2.568, StdDeviation   =        3.345]
#[Max     =       42.496, Total count    =        99882]
#[Buckets =           27, SubBuckets     =         2048]
----------------------------------------------------------
  99885 requests in 10.00s, 16.67MB read
Requests/sec:   9988.79
Transfer/sec:      1.67MB
