Running 10s test @ http://localhost
  2 threads and 10 connections
  Thread Stats   Avg      Stdev     Max   +/- Stdev
    Latency     1.79ms    1.87ms  31.46ms   93.68%
    Req/Sec       -nan      -nan   0.00      0.00%
  Latency Distribution (HdrHistogram - Recorded Latency)
 50.000%    1.38ms
 75.000%    1.98ms
 90.000%    2.87ms
 99.000%   10.58ms
 99.900%   19.79ms
 99.990%   28.16ms
 99.999%   31.33ms
100.000%   31.47ms

  Detailed Percentile spectrum:
       Value   Percentile   TotalCount 1/(1-Percentile)

       0.117     0.000000            1         1.00
       0.637     0.100000         9992         1.11
       0.841     0.200000        19979         1.25
       1.027     0.300000        30013         1.43
       1.205     0.400000        39973         1.67
       1.385     0.500000        49961         2.00
       1.479     0.550000        54943         2.22
       1.583     0.600000        59980         2.50
       1.696     0.650000        64951         2.86
       1.826     0.700000        69940         3.33
       1.975     0.750000        74918         4.00
       2.065     0.775000        77461         4.44
       2.159     0.800000        79916         5.00
       2.279     0.825000        82430         5.71
       2.423     0.850000        84929         6.67
       2.611     0.875000        87397         8.00
       2.729     0.887500        88647         8.89
       2.873     0.900000        89901        10.00
       3.063     0.912500        91145        11.43
       3.323     0.925000        92395        13.33
       3.691     0.937500        93643        16.00
       3.927     0.943750        94272        17.78
       4.223     0.950000        94887        20.00
       4.595     0.956250        95515        22.86
       5.047     0.962500        96143        26.67
       5.639     0.968750        96766        32.00
       5.979     0.971875        97073        35.56
       6.451     0.975000        97386        40.00
       6.979     0.978125        97699        45.71
       7.647     0.981250        98012        53.33
       8.447     0.984375        98322        64.00
       8.975     0.985938        98479        71.11
       9.511     0.987500        98635        80.00
      10.095     0.989062        98789        91.43
      10.943     0.990625        98947       106.67
      11.935     0.992188        99101       128.00
      12.583     0.992969        99181       142.22
      13.303     0.993750        99259       160.00
      14.015     0.994531        99335       182.86
      14.839     0.995313        99413       213.33
      15.711     0.996094        99491       256.00
      16.183     0.996484        99530       284.44
      16.655     0.996875        99572       320.00
      17.071     0.997266        99609       365.71
      17.519     0.997656        99647       426.67
      18.127     0.998047        99687       512.00
      18.463     0.998242        99707       568.89
      18.783     0.998437        99725       640.00
      19.103     0.998633        99745       731.43
      19.487     0.998828        99764       853.33
      19.999     0.999023        99784      1024.00
      20.335     0.999121        99794      1137.78
      20.783     0.999219        99803      1280.00
      21.231     0.999316        99813      1462.86
      21.919     0.999414        99823      1706.67
      22.479     0.999512        99833      2048.00
      22.959     0.999561        99838      2275.56
      23.407     0.999609        99842      2560.00
      23.823     0.999658        99847      2925.71
      24.319     0.999707        99852      3413.33
      24.943     0.999756        99858      4096.00
      25.007     0.999780        99860      4551.11
      25.199     0.999805        99862      5120.00
      25.727     0.999829        99864      5851.43
      25.951     0.999854        99867      6826.67
      26.767     0.999878        99869      8192.00
      28.159     0.999890        99871      9102.22
      28.799     0.999902        99872     10240.00
      29.407     0.999915        99873     11702.86
      29.823     0.999927        99874     13653.33
      29.999     0.999939        99875     16384.00
      30.383     0.999945        99876     18204.44
      30.415     0.999951        99877     20480.00
      30.415     0.999957        99877     23405.71
      30.831     0.999963        99878     27306.67
      30.831     0.999969        99878     32768.00
      30.847     0.999973        99879     36408.89
      30.847     0.999976        99879     40960.00
      30.847     0.999979        99879     46811.43
      31.327     0.999982        99880     54613.33
      31.327     0.999985        99880     65536.00
      31.327     0.999986        99880     72817.78
      31.327     0.999988        99880     81920.00
      31.327     0.999989        99880     93622.86
      31.471     0.999991        99881    109226.67
      31.471     1.000000        99881          inf
#[Mean    =        1.792, StdDeviation   =        1.867]
#[Max     =       31.456, Total count    =        99881]
#[Buckets =           27, SubBuckets     =         2048]
----------------------------------------------------------
  99883 requests in 10.00s, 16.67MB read
Requests/sec:   9989.14
Transfer/sec:      1.67MB
