Running 10s test @ http://localhost
  2 threads and 10 connections
  Thread Stats   Avg      Stdev     Max   +/- Stdev
    Latency     2.35ms    3.32ms  35.84ms   93.24%
    Req/Sec       -nan      -nan   0.00      0.00%
  Latency Distribution (HdrHistogram - Recorded Latency)
 50.000%    1.47ms
 75.000%    2.21ms
 90.000%    4.05ms
 99.000%   19.12ms
 99.900%   30.70ms
 99.990%   33.73ms
 99.999%   35.52ms
100.000%   35.87ms

  Detailed Percentile spectrum:
       Value   Percentile   TotalCount 1/(1-Percentile)

       0.109     0.000000            1         1.00
       0.676     0.100000         9999         1.11
       0.896     0.200000        19998         1.25
       1.088     0.300000        29997         1.43
       1.274     0.400000        39974         1.67
       1.472     0.500000        49981         2.00
       1.582     0.550000        54964         2.22
       1.706     0.600000        59930         2.50
       1.842     0.650000        64943         2.86
       2.004     0.700000        69932         3.33
       2.211     0.750000        74916         4.00
       2.337     0.775000        77416         4.44
       2.495     0.800000        79923         5.00
       2.713     0.825000        82409         5.71
       3.015     0.850000        84913         6.67
       3.427     0.875000        87410         8.00
       3.701     0.887500        88648         8.89
       4.049     0.900000        89904        10.00
       4.503     0.912500        91149        11.43
       5.151     0.925000        92394        13.33
       6.135     0.937500        93641        16.00
       6.803     0.943750        94270        17.78
       7.591     0.950000        94889        20.00
       8.559     0.956250        95515        22.86
       9.711     0.962500        96140        26.67
      11.039     0.968750        96762        32.00
      11.767     0.971875        97076        35.56
      12.591     0.975000        97387        40.00
      13.431     0.978125        97701        45.71
      14.471     0.981250        98011        53.33
      15.839     0.984375        98324        64.00
      16.719     0.985938        98482        71.11
      17.583     0.987500        98640        80.00
      18.559     0.989062        98791        91.43
      19.535     0.990625        98949       106.67
      21.215     0.992188        99104       128.00
      22.191     0.992969        99182       142.22
      23.023     0.993750        99260       160.00
      23.999     0.994531        99337       182.86
      25.135     0.995313        99416       213.33
      26.095     0.996094        99494       256.00
      26.607     0.996484        99534       284.44
      27.167     0.996875        99571       320.00
      27.871     0.997266        99610       365.71
      28.591     0.997656        99649       426.67
      29.183     0.998047        99688       512.00
      29.551     0.998242        99708       568.89
      29.807     0.998437        99727       640.00
      30.111     0.998633        99747       731.43
      30.351     0.998828        99766       853.33
      30.767     0.999023        99788      1024.00
      30.975     0.999121        99796      1137.78
      31.247     0.999219        99806      1280.00
      31.551     0.999316        99815      1462.86
      31.711     0.999414        99825      1706.67
      31.999     0.999512        99835      2048.00
      32.175     0.999561        99840      2275.56
      32.271     0.999609        99844      2560.00
      32.559     0.999658        99849      2925.71
      32.799     0.999707        99854      3413.33
      33.087     0.999756        99861      4096.00
      33.151     0.999780        99862      4551.11
      33.183     0.999805        99864      5120.00
      33.471     0.999829        99866      5851.43
      33.535     0.999854        99869      6826.67
      33.631     0.999878        99871      8192.00
      33.727     0.999890        99874      9102.22
      33.727     0.999902        99874     10240.00
      34.015     0.999915        99875     11702.86
      34.111     0.999927        99876     13653.33
      34.143     0.999939        99877     16384.00
      34.367     0.999945        99878     18204.44
      34.783     0.999951        99879     20480.00
      34.783     0.999957        99879     23405.71
      35.071     0.999963        99880     27306.67
      35.071     0.999969        99880     32768.00
      35.455     0.999973        99881     36408.89
      35.455     0.999976        99881     40960.00
      35.455     0.999979        99881     46811.43
      35.519     0.999982        99882     54613.33
      35.519     0.999985        99882     65536.00
      35.519     0.999986        99882     72817.78
      35.519     0.999988        99882     81920.00
      35.519     0.999989        99882     93622.86
      35.871     0.999991        99883    109226.67
      35.871     1.000000        99883          inf
#[Mean    =        2.355, StdDeviation   =        3.317]
#[Max     =       35.840, Total count    =        99883]
#[Buckets =           27, SubBuckets     =         2048]
----------------------------------------------------------
  99887 requests in 10.00s, 16.67MB read
Requests/sec:   9988.71
Transfer/sec:      1.67MB
