Running 10s test @ http://localhost
  2 threads and 10 connections
  Thread Stats   Avg      Stdev     Max   +/- Stdev
    Latency     3.70ms    7.34ms  66.82ms   93.03%
    Req/Sec       -nan      -nan   0.00      0.00%
  Latency Distribution (HdrHistogram - Recorded Latency)
 50.000%    1.58ms
 75.000%    2.64ms
 90.000%    7.11ms
 99.000%   45.63ms
 99.900%   58.94ms
 99.990%   65.50ms
 99.999%   66.50ms
100.000%   66.88ms

  Detailed Percentile spectrum:
       Value   Percentile   TotalCount 1/(1-Percentile)

       0.132     0.000000            1         1.00
       0.672     0.100000         9994         1.11
       0.905     0.200000        20014         1.25
       1.128     0.300000        29980         1.43
       1.348     0.400000        39998         1.67
       1.584     0.500000        49971         2.00
       1.718     0.550000        54944         2.22
       1.870     0.600000        59954         2.50
       2.061     0.650000        64957         2.86
       2.303     0.700000        69936         3.33
       2.637     0.750000        74929         4.00
       2.883     0.775000        77408         4.44
       3.211     0.800000        79912         5.00
       3.673     0.825000        82407         5.71
       4.315     0.850000        84906         6.67
       5.351     0.875000        87396         8.00
       6.115     0.887500        88645         8.89
       7.107     0.900000        89894        10.00
       8.439     0.912500        91143        11.43
      10.175     0.925000        92392        13.33
      12.471     0.937500        93640        16.00
      13.855     0.943750        94265        17.78
      15.647     0.950000        94887        20.00
      18.063     0.956250        95516        22.86
      20.223     0.962500        96140        26.67
      22.943     0.968750        96760        32.00
      24.527     0.971875        97074        35.56
      26.687     0.975000        97384        40.00
      28.879     0.978125        97697        45.71
      32.159     0.981250        98010        53.33
      36.639     0.984375        98321        64.00
      38.975     0.985938        98478        71.11
      41.247     0.987500        98633        80.00
      43.807     0.989062        98789        91.43
      46.431     0.990625        98945       106.67
      48.479     0.992188        99102       128.00
      49.759     0.992969        99179       142.22
      51.327     0.993750        99257       160.00
      52.351     0.994531        99335       182.86
      53.407     0.995313        99415       213.33
      54.239     0.996094        99491       256.00
      54.719     0.996484        99530       284.44
      55.327     0.996875        99571       320.00
      55.807     0.997266        99608       365.71
      56.575     0.997656        99649       426.67
      57.023     0.998047        99686       512.00
      57.279     0.998242        99707       568.89
      57.535     0.998437        99725       640.00
      57.887     0.998633        99745       731.43
      58.367     0.998828        99764       853.33
      59.039     0.999023        99784      1024.00
      59.199     0.999121        99794      1137.78
      59.455     0.999219        99803      1280.00
      59.583     0.999316        99814      1462.86
      59.743     0.999414        99825      1706.67
      59.935     0.999512        99833      2048.00
      60.031     0.999561        99839      2275.56
      60.191     0.999609        99842      2560.00
      60.383     0.999658        99847      2925.71
      61.791     0.999707        99852      3413.33
      62.879     0.999756        99857      4096.00
      63.935     0.999780        99860      4551.11
      64.543     0.999805        99862      5120.00
      64.703     0.999829        99864      5851.43
      65.087     0.999854        99867      6826.67
      65.279     0.999878        99869      8192.00
      65.503     0.999890        99872      9102.22
      65.503     0.999902        99872     10240.00
      65.535     0.999915        99873     11702.86
      65.727     0.999927        99874     13653.33
      65.855     0.999939        99876     16384.00
      65.855     0.999945        99876     18204.44
      66.175     0.999951        99879     20480.00
      66.175     0.999957        99879     23405.71
      66.175     0.999963        99879     27306.67
      66.175     0.999969        99879     32768.00
      66.175     0.999973        99879     36408.89
      66.175     0.999976        99879     40960.00
      66.175     0.999979        99879     46811.43
      66.495     0.999982        99880     54613.33
      66.495     0.999985        99880     65536.00
      66.495     0.999986        99880     72817.78
      66.495     0.999988        99880     81920.00
      66.495     0.999989        99880     93622.86
      66.879     0.999991        99881    109226.67
      66.879     1.000000        99881          inf
#[Mean    =        3.697, StdDeviation   =        7.341]
#[Max     =       66.816, Total count    =        99881]
#[Buckets =           27, SubBuckets     =         2048]
----------------------------------------------------------
  99884 requests in 10.00s, 16.67MB read
Requests/sec:   9989.04
Transfer/sec:      1.67MB
