Running 10s test @ http://localhost
  2 threads and 10 connections
  Thread Stats   Avg      Stdev     Max   +/- Stdev
    Latency     2.47ms    4.50ms  66.37ms   95.08%
    Req/Sec       -nan      -nan   0.00      0.00%
  Latency Distribution (HdrHistogram - Recorded Latency)
 50.000%    1.46ms
 75.000%    2.19ms
 90.000%    3.72ms
 99.000%   27.71ms
 99.900%   51.52ms
 99.990%   65.31ms
 99.999%   66.30ms
100.000%   66.43ms

  Detailed Percentile spectrum:
       Value   Percentile   TotalCount 1/(1-Percentile)

       0.158     0.000000            1         1.00
       0.652     0.100000        10001         1.11
       0.853     0.200000        20024         1.25
       1.056     0.300000        29967         1.43
       1.259     0.400000        39969         1.67
       1.458     0.500000        49970         2.00
       1.567     0.550000        54966         2.22
       1.688     0.600000        59969         2.50
       1.826     0.650000        64953         2.86
       1.988     0.700000        69923         3.33
       2.193     0.750000        74916         4.00
       2.313     0.775000        77450         4.44
       2.451     0.800000        79921         5.00
       2.627     0.825000        82428         5.71
       2.867     0.850000        84914         6.67
       3.203     0.875000        87412         8.00
       3.437     0.887500        88659         8.89
       3.721     0.900000        89902        10.00
       4.107     0.912500        91153        11.43
       4.667     0.925000        92397        13.33
       5.487     0.937500        93647        16.00
       6.103     0.943750        94273        17.78
       6.871     0.950000        94898        20.00
       7.899     0.956250        95517        22.86
       9.351     0.962500        96142        26.67
      11.191     0.968750        96768        32.00
      12.367     0.971875        97080        35.56
      13.735     0.975000        97391        40.00
      15.831     0.978125        97702        45.71
      18.511     0.981250        98018        53.33
      21.935     0.984375        98328        64.00
      23.487     0.985938        98483        71.11
      25.023     0.987500        98640        80.00
      26.799     0.989062        98795        91.43
      28.271     0.990625        98951       106.67
      29.599     0.992188        99107       128.00
      30.143     0.992969        99188       142.22
      30.767     0.993750        99264       160.00
      31.359     0.994531        99343       182.86
      32.335     0.995313        99419       213.33
      33.663     0.996094        99498       256.00
      34.527     0.996484        99536       284.44
      35.359     0.996875        99575       320.00
      36.447     0.997266        99614       365.71
      38.335     0.997656        99653       426.67
      42.143     0.998047        99692       512.00
      45.407     0.998242        99712       568.89
      47.199     0.998437        99732       640.00
      48.543     0.998633        99751       731.43
      49.695     0.998828        99770       853.33
      52.095     0.999023        99790      1024.00
      53.375     0.999121        99800      1137.78
      55.263     0.999219        99809      1280.00
      57.439     0.999316        99819      1462.86
      58.687     0.999414        99829      1706.67
      59.327     0.999512        99839      2048.00
      59.967     0.999561        99844      2275.56
      60.319     0.999609        99848      2560.00
      61.311     0.999658        99853      2925.71
      62.175     0.999707        99858      3413.33
      63.583     0.999756        99863      4096.00
      63.967     0.999780        99866      4551.11
      64.383     0.999805        99868      5120.00
      64.671     0.999829        99871      5851.43
      64.959     0.999854        99873      6826.67
      65.087     0.999878        99875      8192.00
      65.311     0.999890        99877      9102.22
      65.343     0.999902        99878     10240.00
      65.439     0.999915        99879     11702.86
      65.471     0.999927        99881     13653.33
      65.471     0.999939        99881     16384.00
      65.535     0.999945        99882     18204.44
      65.919     0.999951        99883     20480.00
      65.919     0.999957        99883     23405.71
      65.983     0.999963        99884     27306.67
      65.983     0.999969        99884     32768.00
      66.111     0.999973        99885     36408.89
      66.111     0.999976        99885     40960.00
      66.111     0.999979        99885     46811.43
      66.303     0.999982        99886     54613.33
      66.303     0.999985        99886     65536.00
      66.303     0.999986        99886     72817.78
      66.303     0.999988        99886     81920.00
      66.303     0.999989        99886     93622.86
      66.431     0.999991        99887    109226.67
      66.431     1.000000        99887          inf
#[Mean    =        2.474, StdDeviation   =        4.498]
#[Max     =       66.368, Total count    =        99887]
#[Buckets =           27, SubBuckets     =         2048]
----------------------------------------------------------
  99890 requests in 10.00s, 16.67MB read
Requests/sec:   9988.94
Transfer/sec:      1.67MB
