Running 10s test @ http://localhost
  2 threads and 10 connections
  Thread Stats   Avg      Stdev     Max   +/- Stdev
    Latency     1.90ms    1.75ms  30.85ms   91.35%
    Req/Sec       -nan      -nan   0.00      0.00%
  Latency Distribution (HdrHistogram - Recorded Latency)
 50.000%    1.45ms
 75.000%    2.15ms
 90.000%    3.40ms
 99.000%    9.64ms
 99.900%   16.11ms
 99.990%   29.73ms
 99.999%   30.66ms
100.000%   30.86ms

  Detailed Percentile spectrum:
       Value   Percentile   TotalCount 1/(1-Percentile)

       0.094     0.000000            1         1.00
       0.659     0.100000        10021         1.11
       0.889     0.200000        19993         1.25
       1.082     0.300000        29967         1.43
       1.261     0.400000        40002         1.67
       1.451     0.500000        49982         2.00
       1.555     0.550000        54960         2.22
       1.671     0.600000        59915         2.50
       1.805     0.650000        64932         2.86
       1.960     0.700000        69913         3.33
       2.149     0.750000        74896         4.00
       2.263     0.775000        77411         4.44
       2.399     0.800000        79901         5.00
       2.567     0.825000        82398         5.71
       2.771     0.850000        84899         6.67
       3.041     0.875000        87380         8.00
       3.207     0.887500        88636         8.89
       3.399     0.900000        89887        10.00
       3.633     0.912500        91123        11.43
       3.923     0.925000        92369        13.33
       4.307     0.937500        93622        16.00
       4.563     0.943750        94243        17.78
       4.855     0.950000        94872        20.00
       5.235     0.956250        95491        22.86
       5.679     0.962500        96117        26.67
       6.255     0.968750        96739        32.00
       6.579     0.971875        97050        35.56
       6.951     0.975000        97367        40.00
       7.379     0.978125        97674        45.71
       7.787     0.981250        97987        53.33
       8.327     0.984375        98301        64.00
       8.607     0.985938        98454        71.11
       9.007     0.987500        98611        80.00
       9.383     0.989062        98768        91.43
       9.855     0.990625        98922       106.67
      10.415     0.992188        99079       128.00
      10.751     0.992969        99156       142.22
      11.127     0.993750        99235       160.00
      11.463     0.994531        99313       182.86
      11.887     0.995313        99390       213.33
      12.319     0.996094        99468       256.00
      12.631     0.996484        99507       284.44
      12.927     0.996875        99547       320.00
      13.319     0.997266        99588       365.71
      13.655     0.997656        99624       426.67
      14.167     0.998047        99663       512.00
      14.511     0.998242        99683       568.89
      14.871     0.998437        99703       640.00
      15.255     0.998633        99722       731.43
      15.663     0.998828        99742       853.33
      16.191     0.999023        99761      1024.00
      16.527     0.999121        99771      1137.78
      17.071     0.999219        99780      1280.00
      17.471     0.999316        99790      1462.86
      17.983     0.999414        99800      1706.67
      18.815     0.999512        99811      2048.00
      19.167     0.999561        99815      2275.56
      19.519     0.999609        99819      2560.00
      20.095     0.999658        99824      2925.71
      20.943     0.999707        99829      3413.33
      22.191     0.999756        99834      4096.00
      23.519     0.999780        99837      4551.11
      24.863     0.999805        99839      5120.00
      25.967     0.999829        99841      5851.43
      27.775     0.999854        99844      6826.67
      28.591     0.999878        99846      8192.00
      29.727     0.999890        99848      9102.22
      29.743     0.999902        99849     10240.00
      29.903     0.999915        99850     11702.86
      30.031     0.999927        99851     13653.33
      30.047     0.999939        99852     16384.00
      30.111     0.999945        99853     18204.44
      30.271     0.999951        99854     20480.00
      30.271     0.999957        99854     23405.71
      30.527     0.999963        99855     27306.67
      30.527     0.999969        99855     32768.00
      30.559     0.999973        99856     36408.89
      30.559     0.999976        99856     40960.00
      30.559     0.999979        99856     46811.43
      30.655     0.999982        99857     54613.33
      30.655     0.999985        99857     65536.00
      30.655     0.999986        99857     72817.78
      30.655     0.999988        99857     81920.00
      30.655     0.999989        99857     93622.86
      30.863     0.999991        99858    109226.67
      30.863     1.000000        99858          inf
#[Mean    =        1.905, StdDeviation   =        1.752]
#[Max     =       30.848, Total count    =        99858]
#[Buckets =           27, SubBuckets     =         2048]
----------------------------------------------------------
  99860 requests in 10.00s, 16.67MB read
Requests/sec:   9987.45
Transfer/sec:      1.67MB
