Running 10s test @ http://localhost
  2 threads and 10 connections
  Thread Stats   Avg      Stdev     Max   +/- Stdev
    Latency     2.20ms    2.91ms  34.02ms   93.22%
    Req/Sec       -nan      -nan   0.00      0.00%
  Latency Distribution (HdrHistogram - Recorded Latency)
 50.000%    1.45ms
 75.000%    2.20ms
 90.000%    3.84ms
 99.000%   16.78ms
 99.900%   29.39ms
 99.990%   32.58ms
 99.999%   33.82ms
100.000%   34.05ms

  Detailed Percentile spectrum:
       Value   Percentile   TotalCount 1/(1-Percentile)

       0.111     0.000000            1         1.00
       0.640     0.100000        10013         1.11
       0.840     0.200000        20007         1.25
       1.031     0.300000        30010         1.43
       1.231     0.400000        40004         1.67
       1.451     0.500000        49966         2.00
       1.561     0.550000        54949         2.22
       1.686     0.600000        59962         2.50
       1.824     0.650000        64929         2.86
       1.990     0.700000        69935         3.33
       2.199     0.750000        74920         4.00
       2.333     0.775000        77419         4.44
       2.495     0.800000        79941         5.00
       2.697     0.825000        82431         5.71
       2.957     0.850000        84915         6.67
       3.309     0.875000        87407         8.00
       3.555     0.887500        88653         8.89
       3.837     0.900000        89905        10.00
       4.211     0.912500        91155        11.43
       4.731     0.925000        92407        13.33
       5.455     0.937500        93651        16.00
       5.919     0.943750        94271        17.78
       6.463     0.950000        94898        20.00
       7.159     0.956250        95522        22.86
       7.987     0.962500        96144        26.67
       8.975     0.968750        96769        32.00
       9.527     0.971875        97080        35.56
      10.247     0.975000        97394        40.00
      11.143     0.978125        97705        45.71
      12.311     0.981250        98017        53.33
      13.743     0.984375        98329        64.00
      14.535     0.985938        98486        71.11
      15.367     0.987500        98643        80.00
      16.271     0.989062        98797        91.43
      17.151     0.990625        98953       106.67
      18.415     0.992188        99110       128.00
      19.231     0.992969        99189       142.22
      20.095     0.993750        99265       160.00
      21.039     0.994531        99343       182.86
      22.143     0.995313        99421       213.33
      23.439     0.996094        99499       256.00
      24.223     0.996484        99538       284.44
      24.895     0.996875        99578       320.00
      25.727     0.997266        99616       365.71
      26.447     0.997656        99655       426.67
      27.407     0.998047        99694       512.00
      27.887     0.998242        99714       568.89
      28.255     0.998437        99733       640.00
      28.623     0.998633        99753       731.43
      28.975     0.998828        99773       853.33
      29.487     0.999023        99792      1024.00
      29.759     0.999121        99803      1137.78
      29.919     0.999219        99811      1280.00
      30.159     0.999316        99821      1462.86
      30.383     0.999414        99831      1706.67
      30.607     0.999512        99841      2048.00
      30.799     0.999561        99847      2275.56
      30.879     0.999609        99850      2560.00
      31.167     0.999658        99855      2925.71
      31.263     0.999707        99860      3413.33
      31.503     0.999756        99865      4096.00
      31.615     0.999780        99868      4551.11
      31.647     0.999805        99870      5120.00
      31.791     0.999829        99872      5851.43
      32.127     0.999854        99875      6826.67
      32.159     0.999878        99877      8192.00
      32.575     0.999890        99879      9102.22
      32.959     0.999902        99880     10240.00
      33.119     0.999915        99881     11702.86
      33.279     0.999927        99882     13653.33
      33.311     0.999939        99883     16384.00
      33.375     0.999945        99884     18204.44
      33.567     0.999951        99885     20480.00
      33.567     0.999957        99885     23405.71
      33.599     0.999963        99886     27306.67
      33.599     0.999969        99886     32768.00
      33.791     0.999973        99887     36408.89
      33.791     0.999976        99887     40960.00
      33.791     0.999979        99887     46811.43
      33.823     0.999982        99888     54613.33
      33.823     0.999985        99888     65536.00
      33.823     0.999986        99888     72817.78
      33.823     0.999988        99888     81920.00
      33.823     0.999989        99888     93622.86
      34.047     0.999991        99889    109226.67
      34.047     1.000000        99889          inf
#[Mean    =        2.196, StdDeviation   =        2.914]
#[Max     =       34.016, Total count    =        99889]
#[Buckets =           27, SubBuckets     =         2048]
----------------------------------------------------------
  99895 requests in 10.00s, 16.67MB read
Requests/sec:   9989.69
Transfer/sec:      1.67MB
