Running 10s test @ http://localhost
  2 threads and 10 connections
  Thread Stats   Avg      Stdev     Max   +/- Stdev
    Latency     2.77ms    4.53ms  51.07ms   92.90%
    Req/Sec       -nan      -nan   0.00      0.00%
  Latency Distribution (HdrHistogram - Recorded Latency)
 50.000%    1.52ms
 75.000%    2.39ms
 90.000%    4.90ms
 99.000%   26.43ms
 99.900%   41.63ms
 99.990%   49.60ms
 99.999%   50.62ms
100.000%   51.10ms

  Detailed Percentile spectrum:
       Value   Percentile   TotalCount 1/(1-Percentile)

       0.101     0.000000            1         1.00
       0.660     0.100000        10003         1.11
       0.876     0.200000        20001         1.25
       1.092     0.300000        29988         1.43
       1.309     0.400000        39987         1.67
       1.523     0.500000        49962         2.00
       1.645     0.550000        54939         2.22
       1.782     0.600000        59935         2.50
       1.937     0.650000        64939         2.86
       2.137     0.700000        69957         3.33
       2.393     0.750000        74941         4.00
       2.553     0.775000        77415         4.44
       2.763     0.800000        79932         5.00
       3.037     0.825000        82412         5.71
       3.423     0.850000        84910         6.67
       3.997     0.875000        87407         8.00
       4.383     0.887500        88652         8.89
       4.899     0.900000        89902        10.00
       5.627     0.912500        91152        11.43
       6.799     0.925000        92399        13.33
       8.415     0.937500        93651        16.00
       9.423     0.943750        94277        17.78
      10.583     0.950000        94895        20.00
      11.839     0.956250        95522        22.86
      13.063     0.962500        96144        26.67
      14.303     0.968750        96772        32.00
      14.975     0.971875        97081        35.56
      16.071     0.975000        97392        40.00
      17.471     0.978125        97709        45.71
      19.247     0.981250        98018        53.33
      21.183     0.984375        98331        64.00
      22.367     0.985938        98485        71.11
      23.759     0.987500        98641        80.00
      25.471     0.989062        98797        91.43
      27.295     0.990625        98953       106.67
      29.359     0.992188        99109       128.00
      30.255     0.992969        99187       142.22
      31.199     0.993750        99268       160.00
      31.903     0.994531        99345       182.86
      32.831     0.995313        99421       213.33
      34.303     0.996094        99499       256.00
      34.943     0.996484        99540       284.44
      35.871     0.996875        99577       320.00
      36.639     0.997266        99616       365.71
      37.663     0.997656        99656       426.67
      38.783     0.998047        99694       512.00
      39.199     0.998242        99714       568.89
      39.807     0.998437        99734       640.00
      40.415     0.998633        99754       731.43
      41.119     0.998828        99772       853.33
      41.695     0.999023        99792      1024.00
      42.207     0.999121        99803      1137.78
      42.623     0.999219        99812      1280.00
      43.487     0.999316        99821      1462.86
      44.063     0.999414        99832      1706.67
      44.767     0.999512        99841      2048.00
      45.151     0.999561        99847      2275.56
      45.535     0.999609        99850      2560.00
      45.823     0.999658        99855      2925.71
      46.367     0.999707        99861      3413.33
      47.135     0.999756        99865      4096.00
      47.263     0.999780        99868      4551.11
      47.679     0.999805        99870      5120.00
      48.383     0.999829        99872      5851.43
      48.927     0.999854        99875      6826.67
      49.247     0.999878        99877      8192.00
      49.599     0.999890        99879      9102.22
      49.663     0.999902        99881     10240.00
      49.663     0.999915        99881     11702.86
      49.695     0.999927        99882     13653.33
      49.823     0.999939        99883     16384.00
      49.919     0.999945        99884     18204.44
      49.951     0.999951        99885     20480.00
      49.951     0.999957        99885     23405.71
      50.079     0.999963        99886     27306.67
      50.079     0.999969        99886     32768.00
      50.367     0.999973        99887     36408.89
      50.367     0.999976        99887     40960.00
      50.367     0.999979        99887     46811.43
      50.623     0.999982        99888     54613.33
      50.623     0.999985        99888     65536.00
      50.623     0.999986        99888     72817.78
      50.623     0.999988        99888     81920.00
      50.623     0.999989        99888     93622.86
      51.103     0.999991        99889    109226.67
      51.103     1.000000        99889          inf
#[Mean    =        2.771, StdDeviation   =        4.530]
#[Max     =       51.072, Total count    =        99889]
#[Buckets =           27, SubBuckets     =         2048]
----------------------------------------------------------
  99891 requests in 10.00s, 16.67MB read
Requests/sec:   9988.17
Transfer/sec:      1.67MB
