Running 10s test @ http://localhost
  2 threads and 10 connections
  Thread Stats   Avg      Stdev     Max   +/- Stdev
    Latency     2.66ms    3.98ms  48.19ms   92.42%
    Req/Sec       -nan      -nan   0.00      0.00%
  Latency Distribution (HdrHistogram - Recorded Latency)
 50.000%    1.56ms
 75.000%    2.48ms
 90.000%    5.09ms
 99.000%   20.16ms
 99.900%   43.36ms
 99.990%   47.36ms
 99.999%   48.00ms
100.000%   48.22ms

  Detailed Percentile spectrum:
       Value   Percentile   TotalCount 1/(1-Percentile)

       0.104     0.000000            1         1.00
       0.682     0.100000         9989         1.11
       0.908     0.200000        19991         1.25
       1.134     0.300000        30017         1.43
       1.340     0.400000        39959         1.67
       1.560     0.500000        49944         2.00
       1.685     0.550000        54961         2.22
       1.824     0.600000        59941         2.50
       1.992     0.650000        64923         2.86
       2.203     0.700000        69947         3.33
       2.477     0.750000        74908         4.00
       2.659     0.775000        77408         4.44
       2.885     0.800000        79903         5.00
       3.199     0.825000        82391         5.71
       3.613     0.850000        84887         6.67
       4.175     0.875000        87395         8.00
       4.575     0.887500        88634         8.89
       5.095     0.900000        89888        10.00
       5.787     0.912500        91130        11.43
       6.715     0.925000        92383        13.33
       7.883     0.937500        93628        16.00
       8.527     0.943750        94250        17.78
       9.303     0.950000        94878        20.00
      10.079     0.956250        95503        22.86
      10.983     0.962500        96126        26.67
      12.071     0.968750        96750        32.00
      12.703     0.971875        97059        35.56
      13.391     0.975000        97372        40.00
      14.247     0.978125        97685        45.71
      15.223     0.981250        97996        53.33
      16.751     0.984375        98308        64.00
      17.439     0.985938        98463        71.11
      18.415     0.987500        98623        80.00
      19.311     0.989062        98776        91.43
      20.831     0.990625        98932       106.67
      22.735     0.992188        99088       128.00
      24.207     0.992969        99167       142.22
      25.647     0.993750        99243       160.00
      27.743     0.994531        99321       182.86
      29.903     0.995313        99399       213.33
      32.687     0.996094        99477       256.00
      33.983     0.996484        99516       284.44
      35.551     0.996875        99556       320.00
      36.895     0.997266        99594       365.71
      38.111     0.997656        99633       426.67
      39.455     0.998047        99675       512.00
      40.095     0.998242        99692       568.89
      40.543     0.998437        99711       640.00
      41.311     0.998633        99731       731.43
      42.367     0.998828        99750       853.33
      43.423     0.999023        99770      1024.00
      43.807     0.999121        99781      1137.78
      44.191     0.999219        99789      1280.00
      44.575     0.999316        99799      1462.86
      44.991     0.999414        99809      1706.67
      45.311     0.999512        99819      2048.00
      45.727     0.999561        99824      2275.56
      45.887     0.999609        99830      2560.00
      45.983     0.999658        99834      2925.71
      46.271     0.999707        99838      3413.33
      46.527     0.999756        99845      4096.00
      46.591     0.999780        99846      4551.11
      46.687     0.999805        99848      5120.00
      46.879     0.999829        99850      5851.43
      47.071     0.999854        99853      6826.67
      47.103     0.999878        99856      8192.00
      47.359     0.999890        99857      9102.22
      47.391     0.999902        99858     10240.00
      47.423     0.999915        99859     11702.86
      47.583     0.999927        99861     13653.33
      47.583     0.999939        99861     16384.00
      47.679     0.999945        99862     18204.44
      47.775     0.999951        99863     20480.00
      47.775     0.999957        99863     23405.71
      47.807     0.999963        99864     27306.67
      47.807     0.999969        99864     32768.00
      47.871     0.999973        99865     36408.89
      47.871     0.999976        99865     40960.00
      47.871     0.999979        99865     46811.43
      47.999     0.999982        99866     54613.33
      47.999     0.999985        99866     65536.00
      47.999     0.999986        99866     72817.78
      47.999     0.999988        99866     81920.00
      47.999     0.999989        99866     93622.86
      48.223     0.999991        99867    109226.67
      48.223     1.000000        99867          inf
#[Mean    =        2.665, StdDeviation   =        3.976]
#[Max     =       48.192, Total count    =        99867]
#[Buckets =           27, SubBuckets     =         2048]
----------------------------------------------------------
  99869 requests in 10.00s, 16.67MB read
Requests/sec:   9986.83
Transfer/sec:      1.67MB
