Running 10s test @ http://localhost
  2 threads and 10 connections
  Thread Stats   Avg      Stdev     Max   +/- Stdev
    Latency     1.93ms    2.59ms  41.28ms   94.85%
    Req/Sec       -nan      -nan   0.00      0.00%
  Latency Distribution (HdrHistogram - Recorded Latency)
 50.000%    1.39ms
 75.000%    2.02ms
 90.000%    3.04ms
 99.000%   13.49ms
 99.900%   34.69ms
 99.990%   39.90ms
 99.999%   41.09ms
100.000%   41.31ms

  Detailed Percentile spectrum:
       Value   Percentile   TotalCount 1/(1-Percentile)

       0.085     0.000000            1         1.00
       0.611     0.100000        10023         1.11
       0.819     0.200000        19996         1.25
       1.016     0.300000        29997         1.43
       1.208     0.400000        40013         1.67
       1.392     0.500000        49954         2.00
       1.491     0.550000        54951         2.22
       1.599     0.600000        59974         2.50
       1.721     0.650000        64931         2.86
       1.858     0.700000        69951         3.33
       2.020     0.750000        74928         4.00
       2.115     0.775000        77420         4.44
       2.231     0.800000        79956         5.00
       2.361     0.825000        82419         5.71
       2.519     0.850000        84929         6.67
       2.731     0.875000        87412         8.00
       2.871     0.887500        88665         8.89
       3.039     0.900000        89911        10.00
       3.259     0.912500        91153        11.43
       3.551     0.925000        92409        13.33
       3.949     0.937500        93650        16.00
       4.239     0.943750        94274        17.78
       4.615     0.950000        94896        20.00
       5.139     0.956250        95523        22.86
       5.879     0.962500        96147        26.67
       6.875     0.968750        96770        32.00
       7.439     0.971875        97082        35.56
       8.255     0.975000        97393        40.00
       9.135     0.978125        97706        45.71
      10.031     0.981250        98026        53.33
      11.119     0.984375        98330        64.00
      11.767     0.985938        98486        71.11
      12.287     0.987500        98642        80.00
      12.959     0.989062        98798        91.43
      13.831     0.990625        98954       106.67
      15.151     0.992188        99110       128.00
      15.975     0.992969        99189       142.22
      16.719     0.993750        99268       160.00
      17.375     0.994531        99344       182.86
      18.159     0.995313        99422       213.33
      19.519     0.996094        99500       256.00
      20.271     0.996484        99539       284.44
      21.583     0.996875        99578       320.00
      22.943     0.997266        99617       365.71
      26.127     0.997656        99656       426.67
      29.071     0.998047        99695       512.00
      30.303     0.998242        99715       568.89
      31.407     0.998437        99734       640.00
      32.991     0.998633        99754       731.43
      33.919     0.998828        99774       853.33
      34.975     0.999023        99793      1024.00
      35.615     0.999121        99803      1137.78
      36.319     0.999219        99812      1280.00
      36.991     0.999316        99822      1462.86
      37.535     0.999414        99832      1706.67
      37.951     0.999512        99842      2048.00
      38.271     0.999561        99849      2275.56
      38.399     0.999609        99852      2560.00
      38.591     0.999658        99857      2925.71
      38.687     0.999707        99861      3413.33
      39.039     0.999756        99867      4096.00
      39.103     0.999780        99870      4551.11
      39.359     0.999805        99873      5120.00
      39.359     0.999829        99873      5851.43
      39.647     0.999854        99876      6826.67
      39.839     0.999878        99878      8192.00
      39.903     0.999890        99880      9102.22
      39.967     0.999902        99881     10240.00
      40.351     0.999915        99882     11702.86
      40.383     0.999927        99883     13653.33
      40.543     0.999939        99884     16384.00
      40.575     0.999945        99885     18204.44
      40.607     0.999951        99887     20480.00
      40.607     0.999957        99887     23405.71
      40.607     0.999963        99887     27306.67
      40.607     0.999969        99887     32768.00
      40.639     0.999973        99888     36408.89
      40.639     0.999976        99888     40960.00
      40.639     0.999979        99888     46811.43
      41.087     0.999982        99889     54613.33
      41.087     0.999985        99889     65536.00
      41.087     0.999986        99889     72817.78
      41.087     0.999988        99889     81920.00
      41.087     0.999989        99889     93622.86
      41.311     0.999991        99890    109226.67
      41.311     1.000000        99890          inf
#[Mean    =        1.935, StdDeviation   =        2.587]
#[Max     =       41.280, Total count    =        99890]
#[Buckets =           27, SubBuckets     =         2048]
----------------------------------------------------------
  99892 requests in 10.00s, 16.67MB read
Requests/sec:   9989.41
Transfer/sec:      1.67MB
