Running 10s test @ http://localhost
  2 threads and 10 connections
  Thread Stats   Avg      Stdev     Max   +/- Stdev
    Latency     2.40ms    2.89ms  38.14ms   91.53%
    Req/Sec       -nan      -nan   0.00      0.00%
  Latency Distribution (HdrHistogram - Recorded Latency)
 50.000%    1.56ms
 75.000%    2.46ms
 90.000%    4.67ms
 99.000%   16.14ms
 99.900%   25.92ms
 99.990%   32.37ms
 99.999%   37.63ms
100.000%   38.17ms

  Detailed Percentile spectrum:
       Value   Percentile   TotalCount 1/(1-Percentile)

       0.139     0.000000            1         1.00
       0.670     0.100000        10001         1.11
       0.885     0.200000        19995         1.25
       1.102     0.300000        29979         1.43
       1.329     0.400000        39980         1.67
       1.559     0.500000        49939         2.00
       1.687     0.550000        54931         2.22
       1.828     0.600000        59956         2.50
       1.989     0.650000        64924         2.86
       2.197     0.700000        69913         3.33
       2.465     0.750000        74924         4.00
       2.639     0.775000        77404         4.44
       2.849     0.800000        79909         5.00
       3.117     0.825000        82411         5.71
       3.487     0.850000        84905         6.67
       3.967     0.875000        87386         8.00
       4.287     0.887500        88637         8.89
       4.667     0.900000        89884        10.00
       5.163     0.912500        91138        11.43
       5.839     0.925000        92382        13.33
       6.683     0.937500        93630        16.00
       7.187     0.943750        94257        17.78
       7.751     0.950000        94877        20.00
       8.351     0.956250        95501        22.86
       9.119     0.962500        96126        26.67
      10.151     0.968750        96748        32.00
      10.711     0.971875        97060        35.56
      11.423     0.975000        97375        40.00
      12.303     0.978125        97685        45.71
      13.231     0.981250        97996        53.33
      14.143     0.984375        98311        64.00
      14.615     0.985938        98465        71.11
      15.143     0.987500        98622        80.00
      15.775     0.989062        98778        91.43
      16.375     0.990625        98933       106.67
      16.991     0.992188        99090       128.00
      17.359     0.992969        99168       142.22
      17.695     0.993750        99248       160.00
      18.047     0.994531        99323       182.86
      18.479     0.995313        99400       213.33
      19.087     0.996094        99478       256.00
      19.583     0.996484        99518       284.44
      20.239     0.996875        99556       320.00
      20.959     0.997266        99595       365.71
      22.223     0.997656        99634       426.67
      23.327     0.998047        99673       512.00
      23.919     0.998242        99693       568.89
      24.335     0.998437        99712       640.00
      24.991     0.998633        99732       731.43
      25.455     0.998828        99751       853.33
      25.999     0.999023        99771      1024.00
      26.527     0.999121        99781      1137.78
      26.687     0.999219        99790      1280.00
      27.567     0.999316        99800      1462.86
      28.463     0.999414        99811      1706.67
      29.023     0.999512        99820      2048.00
      29.311     0.999561        99825      2275.56
      29.775     0.999609        99829      2560.00
      30.031     0.999658        99834      2925.71
      30.415     0.999707        99839      3413.33
      30.559     0.999756        99845      4096.00
      30.991     0.999780        99847      4551.11
      31.039     0.999805        99849      5120.00
      31.231     0.999829        99851      5851.43
      31.391     0.999854        99854      6826.67
      31.903     0.999878        99856      8192.00
      32.367     0.999890        99858      9102.22
      32.671     0.999902        99859     10240.00
      33.215     0.999915        99860     11702.86
      33.791     0.999927        99861     13653.33
      34.495     0.999939        99862     16384.00
      35.103     0.999945        99863     18204.44
      35.807     0.999951        99864     20480.00
      35.807     0.999957        99864     23405.71
      36.447     0.999963        99865     27306.67
      36.447     0.999969        99865     32768.00
      37.151     0.999973        99866     36408.89
      37.151     0.999976        99866     40960.00
      37.151     0.999979        99866     46811.43
      37.631     0.999982        99867     54613.33
      37.631     0.999985        99867     65536.00
      37.631     0.999986        99867     72817.78
      37.631     0.999988        99867     81920.00
      37.631     0.999989        99867     93622.86
      38.175     0.999991        99868    109226.67
      38.175     1.000000        99868          inf
#[Mean    =        2.403, StdDeviation   =        2.886]
#[Max     =       38.144, Total count    =        99868]
#[Buckets =           27, SubBuckets     =         2048]
----------------------------------------------------------
  99870 requests in 10.00s, 16.67MB read
Requests/sec:   9987.22
Transfer/sec:      1.67MB
