Running 10s test @ http://localhost
  2 threads and 10 connections
  Thread Stats   Avg      Stdev     Max   +/- Stdev
    Latency     2.17ms    2.74ms  31.57ms   92.89%
    Req/Sec       -nan      -nan   0.00      0.00%
  Latency Distribution (HdrHistogram - Recorded Latency)
 50.000%    1.45ms
 75.000%    2.17ms
 90.000%    3.78ms
 99.000%   15.46ms
 99.900%   26.09ms
 99.990%   29.98ms
 99.999%   31.41ms
100.000%   31.58ms

  Detailed Percentile spectrum:
       Value   Percentile   TotalCount 1/(1-Percentile)

       0.100     0.000000            1         1.00
       0.656     0.100000        10018         1.11
       0.862     0.200000        20019         1.25
       1.059     0.300000        29975         1.43
       1.253     0.400000        39987         1.67
       1.449     0.500000        49971         2.00
       1.559     0.550000        54962         2.22
       1.682     0.600000        59969         2.50
       1.817     0.650000        64967         2.86
       1.975     0.700000        69929         3.33
       2.175     0.750000        74960         4.00
       2.297     0.775000        77440         4.44
       2.445     0.800000        79915         5.00
       2.633     0.825000        82422         5.71
       2.893     0.850000        84911         6.67
       3.243     0.875000        87404         8.00
       3.495     0.887500        88657         8.89
       3.781     0.900000        89902        10.00
       4.191     0.912500        91157        11.43
       4.711     0.925000        92402        13.33
       5.499     0.937500        93654        16.00
       6.023     0.943750        94274        17.78
       6.607     0.950000        94898        20.00
       7.267     0.956250        95520        22.86
       8.059     0.962500        96145        26.67
       8.935     0.968750        96774        32.00
       9.431     0.971875        97084        35.56
       9.911     0.975000        97394        40.00
      10.519     0.978125        97707        45.71
      11.327     0.981250        98020        53.33
      12.367     0.984375        98331        64.00
      12.999     0.985938        98487        71.11
      13.799     0.987500        98643        80.00
      14.679     0.989062        98798        91.43
      15.975     0.990625        98954       106.67
      17.391     0.992188        99114       128.00
      18.399     0.992969        99188       142.22
      19.503     0.993750        99266       160.00
      20.639     0.994531        99344       182.86
      21.711     0.995313        99422       213.33
      22.559     0.996094        99500       256.00
      23.023     0.996484        99539       284.44
      23.567     0.996875        99578       320.00
      24.079     0.997266        99618       365.71
      24.559     0.997656        99656       426.67
      24.879     0.998047        99695       512.00
      25.183     0.998242        99716       568.89
      25.327     0.998437        99735       640.00
      25.567     0.998633        99754       731.43
      25.791     0.998828        99773       853.33
      26.143     0.999023        99793      1024.00
      26.303     0.999121        99803      1137.78
      26.543     0.999219        99813      1280.00
      26.687     0.999316        99823      1462.86
      26.959     0.999414        99832      1706.67
      27.391     0.999512        99842      2048.00
      27.743     0.999561        99847      2275.56
      28.351     0.999609        99851      2560.00
      28.911     0.999658        99856      2925.71
      29.135     0.999707        99861      3413.33
      29.407     0.999756        99866      4096.00
      29.599     0.999780        99869      4551.11
      29.615     0.999805        99873      5120.00
      29.615     0.999829        99873      5851.43
      29.839     0.999854        99877      6826.67
      29.855     0.999878        99878      8192.00
      29.983     0.999890        99880      9102.22
      29.999     0.999902        99881     10240.00
      30.143     0.999915        99882     11702.86
      30.175     0.999927        99883     13653.33
      30.335     0.999939        99884     16384.00
      30.591     0.999945        99885     18204.44
      30.735     0.999951        99886     20480.00
      30.735     0.999957        99886     23405.71
      30.879     0.999963        99887     27306.67
      30.879     0.999969        99887     32768.00
      31.119     0.999973        99888     36408.89
      31.119     0.999976        99888     40960.00
      31.119     0.999979        99888     46811.43
      31.407     0.999982        99889     54613.33
      31.407     0.999985        99889     65536.00
      31.407     0.999986        99889     72817.78
      31.407     0.999988        99889     81920.00
      31.407     0.999989        99889     93622.86
      31.583     0.999991        99890    109226.67
      31.583     1.000000        99890          inf
#[Mean    =        2.166, StdDeviation   =        2.740]
#[Max     =       31.568, Total count    =        99890]
#[Buckets =           27, SubBuckets     =         2048]
----------------------------------------------------------
  99892 requests in 10.00s, 16.67MB read
Requests/sec:   9989.29
Transfer/sec:      1.67MB
