Running 10s test @ http://localhost
  2 threads and 10 connections
  Thread Stats   Avg      Stdev     Max   +/- Stdev
    Latency     2.17ms    3.83ms  47.36ms   95.40%
    Req/Sec       -nan      -nan   0.00      0.00%
  Latency Distribution (HdrHistogram - Recorded Latency)
 50.000%    1.35ms
 75.000%    2.03ms
 90.000%    3.36ms
 99.000%   22.83ms
 99.900%   41.25ms
 99.990%   46.21ms
 99.999%   47.36ms
100.000%   47.39ms

  Detailed Percentile spectrum:
       Value   Percentile   TotalCount 1/(1-Percentile)

       0.124     0.000000            1         1.00
       0.602     0.100000        10029         1.11
       0.784     0.200000        20009         1.25
       0.961     0.300000        29994         1.43
       1.143     0.400000        39972         1.67
       1.345     0.500000        49946         2.00
       1.458     0.550000        54973         2.22
       1.568     0.600000        59961         2.50
       1.698     0.650000        64947         2.86
       1.845     0.700000        69935         3.33
       2.033     0.750000        74930         4.00
       2.141     0.775000        77411         4.44
       2.279     0.800000        79921         5.00
       2.445     0.825000        82415         5.71
       2.657     0.850000        84902         6.67
       2.939     0.875000        87410         8.00
       3.125     0.887500        88648         8.89
       3.359     0.900000        89894        10.00
       3.643     0.912500        91144        11.43
       4.033     0.925000        92392        13.33
       4.651     0.937500        93639        16.00
       5.067     0.943750        94269        17.78
       5.607     0.950000        94887        20.00
       6.247     0.956250        95512        22.86
       7.059     0.962500        96136        26.67
       8.231     0.968750        96763        32.00
       8.935     0.971875        97073        35.56
      10.047     0.975000        97385        40.00
      11.319     0.978125        97697        45.71
      13.023     0.981250        98010        53.33
      15.319     0.984375        98321        64.00
      16.751     0.985938        98478        71.11
      18.623     0.987500        98633        80.00
      20.863     0.989062        98789        91.43
      24.239     0.990625        98945       106.67
      27.567     0.992188        99101       128.00
      29.999     0.992969        99179       142.22
      31.631     0.993750        99258       160.00
      32.895     0.994531        99339       182.86
      34.367     0.995313        99413       213.33
      36.159     0.996094        99492       256.00
      36.703     0.996484        99530       284.44
      37.343     0.996875        99570       320.00
      37.919     0.997266        99610       365.71
      38.655     0.997656        99648       426.67
      39.327     0.998047        99686       512.00
      39.679     0.998242        99708       568.89
      39.999     0.998437        99726       640.00
      40.287     0.998633        99745       731.43
      40.735     0.998828        99764       853.33
      41.279     0.999023        99784      1024.00
      41.503     0.999121        99794      1137.78
      41.855     0.999219        99803      1280.00
      42.111     0.999316        99814      1462.86
      42.527     0.999414        99824      1706.67
      42.751     0.999512        99835      2048.00
      42.943     0.999561        99838      2275.56
      43.263     0.999609        99842      2560.00
      43.807     0.999658        99847      2925.71
      44.127     0.999707        99852      3413.33
      44.831     0.999756        99857      4096.00
      44.863     0.999780        99860      4551.11
      45.183     0.999805        99863      5120.00
      45.215     0.999829        99864      5851.43
      45.567     0.999854        99867      6826.67
      45.791     0.999878        99870      8192.00
      46.207     0.999890        99871      9102.22
      46.239     0.999902        99872     10240.00
      46.591     0.999915        99873     11702.86
      46.655     0.999927        99874     13653.33
      46.719     0.999939        99875     16384.00
      46.815     0.999945        99876     18204.44
      46.911     0.999951        99877     20480.00
      46.911     0.999957        99877     23405.71
      47.103     0.999963        99879     27306.67
      47.103     0.999969        99879     32768.00
      47.103     0.999973        99879     36408.89
      47.103     0.999976        99879     40960.00
      47.103     0.999979        99879     46811.43
      47.359     0.999982        99880     54613.33
      47.359     0.999985        99880     65536.00
      47.359     0.999986        99880     72817.78
      47.359     0.999988        99880     81920.00
      47.359     0.999989        99880     93622.86
      47.391     0.999991        99881    109226.67
      47.391     1.000000        99881          inf
#[Mean    =        2.170, StdDeviation   =        3.826]
#[Max     =       47.360, Total count    =        99881]
#[Buckets =           27, SubBuckets     =         2048]
----------------------------------------------------------
  99887 requests in 10.00s, 16.67MB read
Requests/sec:   9988.99
Transfer/sec:      1.67MB
