Running 10s test @ http://localhost
  2 threads and 10 connections
  Thread Stats   Avg      Stdev     Max   +/- Stdev
    Latency     2.89ms    4.92ms  64.93ms   93.19%
    Req/Sec       -nan      -nan   0.00      0.00%
  Latency Distribution (HdrHistogram - Recorded Latency)
 50.000%    1.55ms
 75.000%    2.56ms
 90.000%    5.53ms
 99.000%   27.98ms
 99.900%   48.16ms
 99.990%   61.66ms
 99.999%   64.64ms
100.000%   64.96ms

  Detailed Percentile spectrum:
       Value   Percentile   TotalCount 1/(1-Percentile)

       0.109     0.000000            1         1.00
       0.655     0.100000         9987         1.11
       0.872     0.200000        19987         1.25
       1.088     0.300000        29974         1.43
       1.313     0.400000        39974         1.67
       1.548     0.500000        49944         2.00
       1.682     0.550000        54965         2.22
       1.834     0.600000        59920         2.50
       2.013     0.650000        64918         2.86
       2.241     0.700000        69913         3.33
       2.557     0.750000        74905         4.00
       2.771     0.775000        77407         4.44
       3.047     0.800000        79905         5.00
       3.397     0.825000        82394         5.71
       3.857     0.850000        84889         6.67
       4.523     0.875000        87384         8.00
       4.971     0.887500        88638         8.89
       5.531     0.900000        89890        10.00
       6.231     0.912500        91132        11.43
       7.179     0.925000        92383        13.33
       8.351     0.937500        93631        16.00
       9.047     0.943750        94255        17.78
       9.839     0.950000        94873        20.00
      10.807     0.956250        95499        22.86
      12.015     0.962500        96122        26.67
      13.447     0.968750        96748        32.00
      14.335     0.971875        97058        35.56
      15.423     0.975000        97372        40.00
      17.023     0.978125        97682        45.71
      19.279     0.981250        97995        53.33
      21.615     0.984375        98306        64.00
      23.455     0.985938        98463        71.11
      25.183     0.987500        98619        80.00
      26.783     0.989062        98774        91.43
      28.831     0.990625        98931       106.67
      31.647     0.992188        99087       128.00
      33.023     0.992969        99164       142.22
      34.783     0.993750        99243       160.00
      36.991     0.994531        99320       182.86
      39.167     0.995313        99399       213.33
      41.087     0.996094        99478       256.00
      42.271     0.996484        99515       284.44
      43.519     0.996875        99556       320.00
      44.799     0.997266        99593       365.71
      45.919     0.997656        99634       426.67
      46.399     0.998047        99674       512.00
      46.591     0.998242        99691       568.89
      46.815     0.998437        99714       640.00
      47.263     0.998633        99732       731.43
      47.743     0.998828        99749       853.33
      48.223     0.999023        99769      1024.00
      48.607     0.999121        99780      1137.78
      48.991     0.999219        99789      1280.00
      49.439     0.999316        99798      1462.86
      50.911     0.999414        99808      1706.67
      52.479     0.999512        99818      2048.00
      53.119     0.999561        99823      2275.56
      53.567     0.999609        99827      2560.00
      54.047     0.999658        99832      2925.71
      55.167     0.999707        99837      3413.33
      56.991     0.999756        99842      4096.00
      57.567     0.999780        99845      4551.11
      58.367     0.999805        99847      5120.00
      59.359     0.999829        99849      5851.43
      60.031     0.999854        99852      6826.67
      60.383     0.999878        99854      8192.00
      61.663     0.999890        99856      9102.22
      62.207     0.999902        99857     10240.00
      62.687     0.999915        99858     11702.86
      62.751     0.999927        99859     13653.33
      62.879     0.999939        99860     16384.00
      63.199     0.999945        99862     18204.44
      63.199     0.999951        99862     20480.00
      63.199     0.999957        99862     23405.71
      63.487     0.999963        99863     27306.67
      63.487     0.999969        99863     32768.00
      64.031     0.999973        99864     36408.89
      64.031     0.999976        99864     40960.00
      64.031     0.999979        99864     46811.43
      64.639     0.999982        99865     54613.33
      64.639     0.999985        99865     65536.00
      64.639     0.999986        99865     72817.78
      64.639     0.999988        99865     81920.00
      64.639     0.999989        99865     93622.86
      64.959     0.999991        99866    109226.67
      64.959     1.000000        99866          inf
#[Mean    =        2.889, StdDeviation   =        4.917]
#[Max     =       64.928, Total count    =        99866]
#[Buckets =           27, SubBuckets     =         2048]
----------------------------------------------------------
  99868 requests in 10.00s, 16.67MB read
Requests/sec:   9986.80
Transfer/sec:      1.67MB
