Running 10s test @ http://localhost
  2 threads and 10 connections
  Thread Stats   Avg      Stdev     Max   +/- Stdev
    Latency     2.42ms    3.24ms  32.03ms   92.07%
    Req/Sec       -nan      -nan   0.00      0.00%
  Latency Distribution (HdrHistogram - Recorded Latency)
 50.000%    1.48ms
 75.000%    2.32ms
 90.000%    4.57ms
 99.000%   18.35ms
 99.900%   27.57ms
 99.990%   31.15ms
 99.999%   32.03ms
100.000%   32.05ms

  Detailed Percentile spectrum:
       Value   Percentile   TotalCount 1/(1-Percentile)

       0.105     0.000000            1         1.00
       0.648     0.100000         9989         1.11
       0.855     0.200000        19999         1.25
       1.047     0.300000        30011         1.43
       1.260     0.400000        39956         1.67
       1.480     0.500000        49951         2.00
       1.599     0.550000        54958         2.22
       1.735     0.600000        59945         2.50
       1.889     0.650000        64958         2.86
       2.071     0.700000        69942         3.33
       2.321     0.750000        74931         4.00
       2.477     0.775000        77415         4.44
       2.671     0.800000        79919         5.00
       2.913     0.825000        82420         5.71
       3.247     0.850000        84907         6.67
       3.757     0.875000        87405         8.00
       4.103     0.887500        88654         8.89
       4.575     0.900000        89908        10.00
       5.183     0.912500        91154        11.43
       5.927     0.925000        92398        13.33
       6.947     0.937500        93646        16.00
       7.603     0.943750        94271        17.78
       8.383     0.950000        94900        20.00
       9.231     0.956250        95519        22.86
      10.175     0.962500        96148        26.67
      11.423     0.968750        96768        32.00
      12.143     0.971875        97085        35.56
      12.911     0.975000        97392        40.00
      13.975     0.978125        97707        45.71
      15.015     0.981250        98017        53.33
      16.183     0.984375        98332        64.00
      16.751     0.985938        98490        71.11
      17.295     0.987500        98642        80.00
      17.999     0.989062        98800        91.43
      18.639     0.990625        98954       106.67
      19.455     0.992188        99111       128.00
      20.127     0.992969        99187       142.22
      20.703     0.993750        99266       160.00
      21.375     0.994531        99343       182.86
      22.175     0.995313        99422       213.33
      23.055     0.996094        99501       256.00
      23.599     0.996484        99539       284.44
      24.047     0.996875        99577       320.00
      24.543     0.997266        99616       365.71
      24.895     0.997656        99656       426.67
      25.471     0.998047        99694       512.00
      25.935     0.998242        99717       568.89
      26.175     0.998437        99734       640.00
      26.527     0.998633        99753       731.43
      26.879     0.998828        99772       853.33
      27.711     0.999023        99792      1024.00
      28.063     0.999121        99802      1137.78
      28.559     0.999219        99812      1280.00
      29.023     0.999316        99822      1462.86
      29.295     0.999414        99831      1706.67
      29.583     0.999512        99841      2048.00
      29.663     0.999561        99846      2275.56
      29.759     0.999609        99850      2560.00
      29.983     0.999658        99855      2925.71
      30.223     0.999707        99860      3413.33
      30.431     0.999756        99865      4096.00
      30.511     0.999780        99868      4551.11
      30.591     0.999805        99870      5120.00
      30.735     0.999829        99872      5851.43
      30.959     0.999854        99875      6826.67
      31.071     0.999878        99877      8192.00
      31.151     0.999890        99879      9102.22
      31.231     0.999902        99881     10240.00
      31.231     0.999915        99881     11702.86
      31.295     0.999927        99882     13653.33
      31.343     0.999939        99883     16384.00
      31.391     0.999945        99884     18204.44
      31.439     0.999951        99885     20480.00
      31.439     0.999957        99885     23405.71
      31.487     0.999963        99886     27306.67
      31.487     0.999969        99886     32768.00
      31.519     0.999973        99887     36408.89
      31.519     0.999976        99887     40960.00
      31.519     0.999979        99887     46811.43
      32.031     0.999982        99888     54613.33
      32.031     0.999985        99888     65536.00
      32.031     0.999986        99888     72817.78
      32.031     0.999988        99888     81920.00
      32.031     0.999989        99888     93622.86
      32.047     0.999991        99889    109226.67
      32.047     1.000000        99889          inf
#[Mean    =        2.416, StdDeviation   =        3.240]
#[Max     =       32.032, Total count    =        99889]
#[Buckets =           27, SubBuckets     =         2048]
----------------------------------------------------------
  99891 requests in 10.00s, 16.67MB read
Requests/sec:   9988.77
Transfer/sec:      1.67MB
