Running 10s test @ http://localhost
  2 threads and 10 connections
  Thread Stats   Avg      Stdev     Max   +/- Stdev
    Latency     2.19ms    2.73ms  40.64ms   92.45%
    Req/Sec       -nan      -nan   0.00      0.00%
  Latency Distribution (HdrHistogram - Recorded Latency)
 50.000%    1.47ms
 75.000%    2.23ms
 90.000%    3.93ms
 99.000%   14.41ms
 99.900%   30.22ms
 99.990%   37.95ms
 99.999%   40.16ms
100.000%   40.67ms

  Detailed Percentile spectrum:
       Value   Percentile   TotalCount 1/(1-Percentile)

       0.097     0.000000            1         1.00
       0.656     0.100000        10001         1.11
       0.858     0.200000        19994         1.25
       1.057     0.300000        29983         1.43
       1.265     0.400000        39995         1.67
       1.472     0.500000        49942         2.00
       1.585     0.550000        54939         2.22
       1.712     0.600000        59951         2.50
       1.851     0.650000        64930         2.86
       2.016     0.700000        69934         3.33
       2.231     0.750000        74911         4.00
       2.367     0.775000        77426         4.44
       2.523     0.800000        79898         5.00
       2.723     0.825000        82409         5.71
       2.981     0.850000        84891         6.67
       3.363     0.875000        87402         8.00
       3.611     0.887500        88639         8.89
       3.929     0.900000        89886        10.00
       4.375     0.912500        91138        11.43
       4.959     0.925000        92386        13.33
       5.803     0.937500        93633        16.00
       6.255     0.943750        94254        17.78
       6.823     0.950000        94884        20.00
       7.403     0.956250        95504        22.86
       8.123     0.962500        96126        26.67
       8.983     0.968750        96751        32.00
       9.495     0.971875        97065        35.56
       9.999     0.975000        97375        40.00
      10.543     0.978125        97688        45.71
      11.183     0.981250        97999        53.33
      12.039     0.984375        98313        64.00
      12.623     0.985938        98469        71.11
      13.279     0.987500        98623        80.00
      13.935     0.989062        98779        91.43
      14.815     0.990625        98936       106.67
      15.815     0.992188        99092       128.00
      16.375     0.992969        99169       142.22
      17.135     0.993750        99247       160.00
      17.903     0.994531        99329       182.86
      18.943     0.995313        99403       213.33
      20.415     0.996094        99481       256.00
      21.295     0.996484        99520       284.44
      21.967     0.996875        99560       320.00
      22.591     0.997266        99598       365.71
      23.359     0.997656        99637       426.67
      25.359     0.998047        99676       512.00
      26.159     0.998242        99696       568.89
      26.687     0.998437        99715       640.00
      27.711     0.998633        99736       731.43
      28.735     0.998828        99754       853.33
      30.447     0.999023        99774      1024.00
      31.055     0.999121        99784      1137.78
      31.423     0.999219        99793      1280.00
      31.951     0.999316        99803      1462.86
      32.799     0.999414        99814      1706.67
      33.599     0.999512        99823      2048.00
      34.047     0.999561        99828      2275.56
      34.271     0.999609        99833      2560.00
      34.751     0.999658        99837      2925.71
      35.135     0.999707        99843      3413.33
      35.519     0.999756        99847      4096.00
      35.775     0.999780        99850      4551.11
      35.999     0.999805        99852      5120.00
      36.127     0.999829        99854      5851.43
      36.671     0.999854        99857      6826.67
      37.311     0.999878        99859      8192.00
      37.951     0.999890        99861      9102.22
      38.015     0.999902        99862     10240.00
      38.239     0.999915        99863     11702.86
      38.815     0.999927        99864     13653.33
      38.911     0.999939        99865     16384.00
      39.167     0.999945        99866     18204.44
      39.263     0.999951        99867     20480.00
      39.263     0.999957        99867     23405.71
      39.551     0.999963        99868     27306.67
      39.551     0.999969        99868     32768.00
      40.031     0.999973        99869     36408.89
      40.031     0.999976        99869     40960.00
      40.031     0.999979        99869     46811.43
      40.159     0.999982        99870     54613.33
      40.159     0.999985        99870     65536.00
      40.159     0.999986        99870     72817.78
      40.159     0.999988        99870     81920.00
      40.159     0.999989        99870     93622.86
      40.671     0.999991        99871    109226.67
      40.671     1.000000        99871          inf
#[Mean    =        2.193, StdDeviation   =        2.732]
#[Max     =       40.640, Total count    =        99871]
#[Buckets =           27, SubBuckets     =         2048]
----------------------------------------------------------
  99873 requests in 10.00s, 16.67MB read
Requests/sec:   9987.25
Transfer/sec:      1.67MB
