Running 10s test @ http://localhost
  2 threads and 10 connections
  Thread Stats   Avg      Stdev     Max   +/- Stdev
    Latency     1.82ms    1.60ms  25.71ms   91.79%
    Req/Sec       -nan      -nan   0.00      0.00%
  Latency Distribution (HdrHistogram - Recorded Latency)
 50.000%    1.45ms
 75.000%    2.10ms
 90.000%    3.10ms
 99.000%    9.10ms
 99.900%   15.82ms
 99.990%   23.71ms
 99.999%   25.06ms
100.000%   25.73ms

  Detailed Percentile spectrum:
       Value   Percentile   TotalCount 1/(1-Percentile)

       0.127     0.000000            1         1.00
       0.641     0.100000        10002         1.11
       0.859     0.200000        19990         1.25
       1.065     0.300000        30000         1.43
       1.256     0.400000        39957         1.67
       1.446     0.500000        49982         2.00
       1.548     0.550000        54967         2.22
       1.659     0.600000        59951         2.50
       1.783     0.650000        64941         2.86
       1.927     0.700000        69952         3.33
       2.099     0.750000        74957         4.00
       2.193     0.775000        77447         4.44
       2.303     0.800000        79908         5.00
       2.429     0.825000        82440         5.71
       2.581     0.850000        84931         6.67
       2.797     0.875000        87412         8.00
       2.941     0.887500        88666         8.89
       3.103     0.900000        89905        10.00
       3.307     0.912500        91149        11.43
       3.563     0.925000        92395        13.33
       3.903     0.937500        93649        16.00
       4.115     0.943750        94272        17.78
       4.379     0.950000        94895        20.00
       4.695     0.956250        95518        22.86
       5.119     0.962500        96142        26.67
       5.643     0.968750        96770        32.00
       5.959     0.971875        97078        35.56
       6.315     0.975000        97388        40.00
       6.735     0.978125        97704        45.71
       7.203     0.981250        98013        53.33
       7.795     0.984375        98329        64.00
       8.131     0.985938        98482        71.11
       8.463     0.987500        98637        80.00
       8.831     0.989062        98793        91.43
       9.295     0.990625        98949       106.67
       9.855     0.992188        99108       128.00
      10.111     0.992969        99183       142.22
      10.391     0.993750        99261       160.00
      10.703     0.994531        99340       182.86
      11.119     0.995313        99417       213.33
      11.527     0.996094        99495       256.00
      11.799     0.996484        99535       284.44
      12.079     0.996875        99576       320.00
      12.367     0.997266        99612       365.71
      12.767     0.997656        99651       426.67
      13.247     0.998047        99690       512.00
      13.679     0.998242        99710       568.89
      14.127     0.998437        99730       640.00
      14.575     0.998633        99749       731.43
      15.199     0.998828        99769       853.33
      15.847     0.999023        99789      1024.00
      16.127     0.999121        99798      1137.78
      16.511     0.999219        99807      1280.00
      16.959     0.999316        99817      1462.86
      17.423     0.999414        99827      1706.67
      17.807     0.999512        99837      2048.00
      18.127     0.999561        99842      2275.56
      18.335     0.999609        99846      2560.00
      18.575     0.999658        99851      2925.71
      19.103     0.999707        99856      3413.33
      19.567     0.999756        99861      4096.00
      20.015     0.999780        99864      4551.11
      20.623     0.999805        99866      5120.00
      21.359     0.999829        99868      5851.43
      22.575     0.999854        99871      6826.67
      23.039     0.999878        99873      8192.00
      23.711     0.999890        99875      9102.22
      23.759     0.999902        99876     10240.00
      23.775     0.999915        99877     11702.86
      24.287     0.999927        99878     13653.33
      24.351     0.999939        99880     16384.00
      24.351     0.999945        99880     18204.44
      24.431     0.999951        99881     20480.00
      24.431     0.999957        99881     23405.71
      24.463     0.999963        99882     27306.67
      24.463     0.999969        99882     32768.00
      24.767     0.999973        99883     36408.89
      24.767     0.999976        99883     40960.00
      24.767     0.999979        99883     46811.43
      25.055     0.999982        99884     54613.33
      25.055     0.999985        99884     65536.00
      25.055     0.999986        99884     72817.78
      25.055     0.999988        99884     81920.00
      25.055     0.999989        99884     93622.86
      25.727     0.999991        99885    109226.67
      25.727     1.000000        99885          inf
#[Mean    =        1.821, StdDeviation   =        1.601]
#[Max     =       25.712, Total count    =        99885]
#[Buckets =           27, SubBuckets     =         2048]
----------------------------------------------------------
  99887 requests in 10.00s, 16.67MB read
Requests/sec:   9988.94
Transfer/sec:      1.67MB
