Running 10s test @ http://localhost
  2 threads and 10 connections
  Thread Stats   Avg      Stdev     Max   +/- Stdev
    Latency     2.35ms    3.29ms  44.00ms   93.13%
    Req/Sec       -nan      -nan   0.00      0.00%
  Latency Distribution (HdrHistogram - Recorded Latency)
 50.000%    1.47ms
 75.000%    2.28ms
 90.000%    4.15ms
 99.000%   18.74ms
 99.900%   31.45ms
 99.990%   41.92ms
 99.999%   44.00ms
100.000%   44.03ms

  Detailed Percentile spectrum:
       Value   Percentile   TotalCount 1/(1-Percentile)

       0.078     0.000000            1         1.00
       0.641     0.100000        10004         1.11
       0.848     0.200000        20008         1.25
       1.044     0.300000        29969         1.43
       1.251     0.400000        39978         1.67
       1.468     0.500000        49971         2.00
       1.584     0.550000        54984         2.22
       1.714     0.600000        59976         2.50
       1.863     0.650000        64945         2.86
       2.046     0.700000        69930         3.33
       2.283     0.750000        74947         4.00
       2.429     0.775000        77431         4.44
       2.609     0.800000        79932         5.00
       2.839     0.825000        82425         5.71
       3.135     0.850000        84921         6.67
       3.547     0.875000        87421         8.00
       3.815     0.887500        88661         8.89
       4.147     0.900000        89909        10.00
       4.603     0.912500        91158        11.43
       5.219     0.925000        92403        13.33
       6.111     0.937500        93656        16.00
       6.695     0.943750        94278        17.78
       7.407     0.950000        94901        20.00
       8.343     0.956250        95528        22.86
       9.391     0.962500        96150        26.67
      10.631     0.968750        96773        32.00
      11.399     0.971875        97087        35.56
      12.287     0.975000        97397        40.00
      13.287     0.978125        97710        45.71
      14.311     0.981250        98021        53.33
      15.423     0.984375        98337        64.00
      16.191     0.985938        98490        71.11
      16.943     0.987500        98646        80.00
      18.079     0.989062        98802        91.43
      19.231     0.990625        98958       106.67
      20.399     0.992188        99117       128.00
      21.023     0.992969        99194       142.22
      21.871     0.993750        99272       160.00
      22.847     0.994531        99352       182.86
      23.855     0.995313        99426       213.33
      25.167     0.996094        99505       256.00
      25.775     0.996484        99545       284.44
      26.463     0.996875        99583       320.00
      27.007     0.997266        99621       365.71
      27.663     0.997656        99661       426.67
      28.239     0.998047        99699       512.00
      28.623     0.998242        99719       568.89
      28.911     0.998437        99738       640.00
      29.391     0.998633        99759       731.43
      30.383     0.998828        99777       853.33
      31.711     0.999023        99797      1024.00
      33.183     0.999121        99807      1137.78
      34.175     0.999219        99816      1280.00
      35.391     0.999316        99826      1462.86
      36.319     0.999414        99836      1706.67
      37.471     0.999512        99846      2048.00
      37.727     0.999561        99853      2275.56
      37.951     0.999609        99855      2560.00
      38.111     0.999658        99860      2925.71
      38.303     0.999707        99865      3413.33
      38.623     0.999756        99870      4096.00
      38.943     0.999780        99873      4551.11
      39.103     0.999805        99875      5120.00
      39.583     0.999829        99877      5851.43
      41.151     0.999854        99880      6826.67
      41.791     0.999878        99882      8192.00
      41.919     0.999890        99884      9102.22
      42.367     0.999902        99885     10240.00
      42.527     0.999915        99887     11702.86
      42.527     0.999927        99887     13653.33
      43.007     0.999939        99888     16384.00
      43.103     0.999945        99889     18204.44
      43.487     0.999951        99890     20480.00
      43.487     0.999957        99890     23405.71
      43.775     0.999963        99891     27306.67
      43.775     0.999969        99891     32768.00
      43.935     0.999973        99892     36408.89
      43.935     0.999976        99892     40960.00
      43.935     0.999979        99892     46811.43
      43.999     0.999982        99893     54613.33
      43.999     0.999985        99893     65536.00
      43.999     0.999986        99893     72817.78
      43.999     0.999988        99893     81920.00
      43.999     0.999989        99893     93622.86
      44.031     0.999991        99894    109226.67
      44.031     1.000000        99894          inf
#[Mean    =        2.347, StdDeviation   =        3.288]
#[Max     =       44.000, Total count    =        99894]
#[Buckets =           27, SubBuckets     =         2048]
----------------------------------------------------------
  99896 requests in 10.00s, 16.67MB read
Requests/sec:   9988.94
Transfer/sec:      1.67MB
