Running 10s test @ http://localhost
  2 threads and 10 connections
  Thread Stats   Avg      Stdev     Max   +/- Stdev
    Latency     1.89ms    1.91ms  22.90ms   91.83%
    Req/Sec       -nan      -nan   0.00      0.00%
  Latency Distribution (HdrHistogram - Recorded Latency)
 50.000%    1.40ms
 75.000%    2.09ms
 90.000%    3.38ms
 99.000%   11.31ms
 99.900%   16.56ms
 99.990%   20.94ms
 99.999%   22.54ms
100.000%   22.91ms

  Detailed Percentile spectrum:
       Value   Percentile   TotalCount 1/(1-Percentile)

       0.099     0.000000            1         1.00
       0.597     0.100000        10025         1.11
       0.811     0.200000        19979         1.25
       1.007     0.300000        29980         1.43
       1.196     0.400000        39986         1.67
       1.397     0.500000        49947         2.00
       1.503     0.550000        54946         2.22
       1.617     0.600000        59964         2.50
       1.750     0.650000        64941         2.86
       1.901     0.700000        69945         3.33
       2.085     0.750000        74971         4.00
       2.195     0.775000        77420         4.44
       2.329     0.800000        79929         5.00
       2.485     0.825000        82420         5.71
       2.687     0.850000        84904         6.67
       2.979     0.875000        87405         8.00
       3.153     0.887500        88654         8.89
       3.385     0.900000        89905        10.00
       3.667     0.912500        91147        11.43
       3.999     0.925000        92396        13.33
       4.467     0.937500        93646        16.00
       4.759     0.943750        94273        17.78
       5.123     0.950000        94894        20.00
       5.559     0.956250        95525        22.86
       6.091     0.962500        96141        26.67
       6.823     0.968750        96765        32.00
       7.275     0.971875        97078        35.56
       7.755     0.975000        97390        40.00
       8.263     0.978125        97701        45.71
       8.951     0.981250        98014        53.33
       9.735     0.984375        98325        64.00
      10.127     0.985938        98481        71.11
      10.559     0.987500        98638        80.00
      11.023     0.989062        98794        91.43
      11.471     0.990625        98951       106.67
      11.967     0.992188        99105       128.00
      12.239     0.992969        99184       142.22
      12.527     0.993750        99261       160.00
      12.871     0.994531        99341       182.86
      13.183     0.995313        99418       213.33
      13.487     0.996094        99496       256.00
      13.687     0.996484        99534       284.44
      13.951     0.996875        99573       320.00
      14.319     0.997266        99612       365.71
      14.663     0.997656        99651       426.67
      14.967     0.998047        99692       512.00
      15.167     0.998242        99710       568.89
      15.415     0.998437        99729       640.00
      15.823     0.998633        99750       731.43
      16.143     0.998828        99768       853.33
      16.735     0.999023        99788      1024.00
      17.055     0.999121        99798      1137.78
      17.423     0.999219        99808      1280.00
      17.711     0.999316        99817      1462.86
      18.031     0.999414        99827      1706.67
      18.351     0.999512        99837      2048.00
      18.527     0.999561        99842      2275.56
      18.671     0.999609        99846      2560.00
      19.039     0.999658        99851      2925.71
      19.279     0.999707        99856      3413.33
      19.695     0.999756        99861      4096.00
      19.935     0.999780        99864      4551.11
      20.015     0.999805        99867      5120.00
      20.031     0.999829        99868      5851.43
      20.639     0.999854        99871      6826.67
      20.767     0.999878        99873      8192.00
      20.943     0.999890        99875      9102.22
      21.167     0.999902        99876     10240.00
      21.375     0.999915        99877     11702.86
      21.423     0.999927        99878     13653.33
      21.503     0.999939        99879     16384.00
      21.695     0.999945        99880     18204.44
      21.711     0.999951        99881     20480.00
      21.711     0.999957        99881     23405.71
      21.967     0.999963        99882     27306.67
      21.967     0.999969        99882     32768.00
      22.239     0.999973        99883     36408.89
      22.239     0.999976        99883     40960.00
      22.239     0.999979        99883     46811.43
      22.543     0.999982        99884     54613.33
      22.543     0.999985        99884     65536.00
      22.543     0.999986        99884     72817.78
      22.543     0.999988        99884     81920.00
      22.543     0.999989        99884     93622.86
      22.911     0.999991        99885    109226.67
      22.911     1.000000        99885          inf
#[Mean    =        1.893, StdDeviation   =        1.911]
#[Max     =       22.896, Total count    =        99885]
#[Buckets =           27, SubBuckets     =         2048]
----------------------------------------------------------
  99890 requests in 10.00s, 16.67MB read
Requests/sec:   9989.08
Transfer/sec:      1.67MB
