Running 10s test @ http://localhost
  2 threads and 10 connections
  Thread Stats   Avg      Stdev     Max   +/- Stdev
    Latency     2.47ms    3.91ms  53.34ms   93.73%
    Req/Sec       -nan      -nan   0.00      0.00%
  Latency Distribution (HdrHistogram - Recorded Latency)
 50.000%    1.47ms
 75.000%    2.25ms
 90.000%    4.17ms
 99.000%   22.27ms
 99.900%   43.13ms
 99.990%   50.81ms
 99.999%   53.06ms
100.000%   53.38ms

  Detailed Percentile spectrum:
       Value   Percentile   TotalCount 1/(1-Percentile)

       0.126     0.000000            1         1.00
       0.656     0.100000        10032         1.11
       0.877     0.200000        20016         1.25
       1.077     0.300000        30021         1.43
       1.268     0.400000        39966         1.67
       1.471     0.500000        49988         2.00
       1.581     0.550000        54950         2.22
       1.705     0.600000        59938         2.50
       1.853     0.650000        64923         2.86
       2.024     0.700000        69942         3.33
       2.251     0.750000        74926         4.00
       2.391     0.775000        77422         4.44
       2.565     0.800000        79915         5.00
       2.797     0.825000        82401         5.71
       3.111     0.850000        84902         6.67
       3.531     0.875000        87398         8.00
       3.807     0.887500        88648         8.89
       4.167     0.900000        89894        10.00
       4.631     0.912500        91145        11.43
       5.307     0.925000        92389        13.33
       6.407     0.937500        93639        16.00
       7.155     0.943750        94266        17.78
       8.007     0.950000        94887        20.00
       8.919     0.956250        95512        22.86
      10.007     0.962500        96136        26.67
      11.439     0.968750        96762        32.00
      12.439     0.971875        97071        35.56
      13.639     0.975000        97383        40.00
      14.871     0.978125        97696        45.71
      16.079     0.981250        98008        53.33
      17.663     0.984375        98319        64.00
      18.767     0.985938        98475        71.11
      19.951     0.987500        98631        80.00
      21.391     0.989062        98788        91.43
      22.831     0.990625        98946       106.67
      24.159     0.992188        99100       128.00
      24.767     0.992969        99177       142.22
      25.711     0.993750        99258       160.00
      26.607     0.994531        99335       182.86
      28.015     0.995313        99411       213.33
      30.127     0.996094        99489       256.00
      31.903     0.996484        99528       284.44
      33.503     0.996875        99567       320.00
      34.463     0.997266        99607       365.71
      35.999     0.997656        99645       426.67
      37.535     0.998047        99684       512.00
      38.335     0.998242        99704       568.89
      39.359     0.998437        99723       640.00
      41.023     0.998633        99743       731.43
      42.303     0.998828        99762       853.33
      43.455     0.999023        99782      1024.00
      43.999     0.999121        99793      1137.78
      44.511     0.999219        99801      1280.00
      45.215     0.999316        99811      1462.86
      46.175     0.999414        99821      1706.67
      47.007     0.999512        99831      2048.00
      47.455     0.999561        99837      2275.56
      47.679     0.999609        99840      2560.00
      48.127     0.999658        99845      2925.71
      48.639     0.999707        99850      3413.33
      49.279     0.999756        99855      4096.00
      49.567     0.999780        99859      4551.11
      49.855     0.999805        99860      5120.00
      49.951     0.999829        99862      5851.43
      50.271     0.999854        99865      6826.67
      50.431     0.999878        99867      8192.00
      50.815     0.999890        99869      9102.22
      50.879     0.999902        99870     10240.00
      51.263     0.999915        99872     11702.86
      51.263     0.999927        99872     13653.33
      51.487     0.999939        99873     16384.00
      51.647     0.999945        99874     18204.44
      51.679     0.999951        99875     20480.00
      51.679     0.999957        99875     23405.71
      51.711     0.999963        99876     27306.67
      51.711     0.999969        99876     32768.00
      52.447     0.999973        99877     36408.89
      52.447     0.999976        99877     40960.00
      52.447     0.999979        99877     46811.43
      53.055     0.999982        99878     54613.33
      53.055     0.999985        99878     65536.00
      53.055     0.999986        99878     72817.78
      53.055     0.999988        99878     81920.00
      53.055     0.999989        99878     93622.86
      53.375     0.999991        99879    109226.67
      53.375     1.000000        99879          inf
#[Mean    =        2.466, StdDeviation   =        3.914]
#[Max     =       53.344, Total count    =        99879]
#[Buckets =           27, SubBuckets     =         2048]
----------------------------------------------------------
  99881 requests in 10.00s, 16.67MB read
Requests/sec:   9988.62
Transfer/sec:      1.67MB
