Running 10s test @ http://localhost
  2 threads and 10 connections
  Thread Stats   Avg      Stdev     Max   +/- Stdev
    Latency     3.31ms    5.21ms  46.50ms   91.95%
    Req/Sec       -nan      -nan   0.00      0.00%
  Latency Distribution (HdrHistogram - Recorded Latency)
 50.000%    1.68ms
 75.000%    2.86ms
 90.000%    6.84ms
 99.000%   29.61ms
 99.900%   41.98ms
 99.990%   45.50ms
 99.999%   46.21ms
100.000%   46.53ms

  Detailed Percentile spectrum:
       Value   Percentile   TotalCount 1/(1-Percentile)

       0.131     0.000000            1         1.00
       0.718     0.100000        10000         1.11
       0.965     0.200000        19996         1.25
       1.210     0.300000        29990         1.43
       1.438     0.400000        39995         1.67
       1.682     0.500000        49953         2.00
       1.824     0.550000        54963         2.22
       1.991     0.600000        59946         2.50
       2.203     0.650000        64948         2.86
       2.475     0.700000        69930         3.33
       2.861     0.750000        74928         4.00
       3.129     0.775000        77427         4.44
       3.485     0.800000        79920         5.00
       3.923     0.825000        82408         5.71
       4.539     0.850000        84910         6.67
       5.407     0.875000        87400         8.00
       6.051     0.887500        88650         8.89
       6.835     0.900000        89896        10.00
       7.775     0.912500        91151        11.43
       9.151     0.925000        92394        13.33
      10.791     0.937500        93642        16.00
      11.759     0.943750        94266        17.78
      13.023     0.950000        94895        20.00
      14.591     0.956250        95515        22.86
      16.303     0.962500        96139        26.67
      18.335     0.968750        96763        32.00
      19.327     0.971875        97080        35.56
      20.415     0.975000        97387        40.00
      21.711     0.978125        97701        45.71
      23.391     0.981250        98012        53.33
      25.567     0.984375        98324        64.00
      26.543     0.985938        98482        71.11
      27.583     0.987500        98637        80.00
      28.815     0.989062        98793        91.43
      30.159     0.990625        98948       106.67
      31.855     0.992188        99104       128.00
      32.767     0.992969        99182       142.22
      33.535     0.993750        99261       160.00
      34.303     0.994531        99339       182.86
      35.327     0.995313        99422       213.33
      36.383     0.996094        99494       256.00
      36.927     0.996484        99536       284.44
      37.407     0.996875        99572       320.00
      38.079     0.997266        99611       365.71
      39.071     0.997656        99650       426.67
      40.159     0.998047        99691       512.00
      40.639     0.998242        99710       568.89
      41.055     0.998437        99729       640.00
      41.279     0.998633        99749       731.43
      41.631     0.998828        99767       853.33
      42.015     0.999023        99788      1024.00
      42.207     0.999121        99798      1137.78
      42.431     0.999219        99806      1280.00
      42.751     0.999316        99816      1462.86
      43.199     0.999414        99826      1706.67
      43.455     0.999512        99836      2048.00
      43.711     0.999561        99841      2275.56
      43.807     0.999609        99845      2560.00
      44.255     0.999658        99850      2925.71
      44.735     0.999707        99855      3413.33
      44.895     0.999756        99860      4096.00
      45.055     0.999780        99863      4551.11
      45.183     0.999805        99865      5120.00
      45.311     0.999829        99869      5851.43
      45.343     0.999854        99870      6826.67
      45.407     0.999878        99872      8192.00
      45.503     0.999890        99874      9102.22
      45.535     0.999902        99877     10240.00
      45.535     0.999915        99877     11702.86
      45.535     0.999927        99877     13653.33
      45.599     0.999939        99878     16384.00
      45.631     0.999945        99879     18204.44
      45.759     0.999951        99880     20480.00
      45.759     0.999957        99880     23405.71
      45.855     0.999963        99882     27306.67
      45.855     0.999969        99882     32768.00
      45.855     0.999973        99882     36408.89
      45.855     0.999976        99882     40960.00
      45.855     0.999979        99882     46811.43
      46.207     0.999982        99883     54613.33
      46.207     0.999985        99883     65536.00
      46.207     0.999986        99883     72817.78
      46.207     0.999988        99883     81920.00
      46.207     0.999989        99883     93622.86
      46.527     0.999991        99884    109226.67
      46.527     1.000000        99884          inf
#[Mean    =        3.308, StdDeviation   =        5.209]
#[Max     =       46.496, Total count    =        99884]
#[Buckets =           27, SubBuckets     =         2048]
----------------------------------------------------------
  99886 requests in 10.00s, 16.67MB read
Requests/sec:   9988.92
Transfer/sec:      1.67MB
