Running 10s test @ http://localhost
  2 threads and 10 connections
  Thread Stats   Avg      Stdev     Max   +/- Stdev
    Latency     1.95ms    2.11ms  38.69ms   92.86%
    Req/Sec       -nan      -nan   0.00      0.00%
  Latency Distribution (HdrHistogram - Recorded Latency)
 50.000%    1.44ms
 75.000%    2.13ms
 90.000%    3.40ms
 99.000%   11.86ms
 99.900%   22.75ms
 99.990%   35.62ms
 99.999%   38.62ms
100.000%   38.72ms

  Detailed Percentile spectrum:
       Value   Percentile   TotalCount 1/(1-Percentile)

       0.111     0.000000            1         1.00
       0.642     0.100000        10014         1.11
       0.842     0.200000        19979         1.25
       1.034     0.300000        29981         1.43
       1.233     0.400000        39993         1.67
       1.436     0.500000        49977         2.00
       1.544     0.550000        54959         2.22
       1.659     0.600000        59958         2.50
       1.793     0.650000        64949         2.86
       1.947     0.700000        69928         3.33
       2.133     0.750000        74927         4.00
       2.249     0.775000        77454         4.44
       2.379     0.800000        79926         5.00
       2.545     0.825000        82416         5.71
       2.747     0.850000        84924         6.67
       3.017     0.875000        87402         8.00
       3.187     0.887500        88653         8.89
       3.397     0.900000        89905        10.00
       3.649     0.912500        91150        11.43
       3.957     0.925000        92402        13.33
       4.383     0.937500        93648        16.00
       4.647     0.943750        94270        17.78
       4.999     0.950000        94895        20.00
       5.435     0.956250        95521        22.86
       6.003     0.962500        96145        26.67
       6.699     0.968750        96769        32.00
       7.107     0.971875        97081        35.56
       7.603     0.975000        97392        40.00
       8.179     0.978125        97704        45.71
       8.823     0.981250        98016        53.33
       9.639     0.984375        98328        64.00
      10.127     0.985938        98485        71.11
      10.735     0.987500        98640        80.00
      11.391     0.989062        98797        91.43
      12.231     0.990625        98952       106.67
      13.095     0.992188        99110       128.00
      13.495     0.992969        99186       142.22
      13.895     0.993750        99264       160.00
      14.311     0.994531        99344       182.86
      14.703     0.995313        99420       213.33
      15.215     0.996094        99498       256.00
      15.567     0.996484        99537       284.44
      16.007     0.996875        99576       320.00
      16.479     0.997266        99615       365.71
      17.119     0.997656        99654       426.67
      18.047     0.998047        99693       512.00
      18.559     0.998242        99713       568.89
      19.423     0.998437        99732       640.00
      20.383     0.998633        99752       731.43
      21.535     0.998828        99771       853.33
      22.831     0.999023        99791      1024.00
      23.503     0.999121        99801      1137.78
      23.807     0.999219        99810      1280.00
      24.319     0.999316        99820      1462.86
      24.799     0.999414        99830      1706.67
      26.831     0.999512        99840      2048.00
      27.855     0.999561        99845      2275.56
      28.895     0.999609        99849      2560.00
      30.175     0.999658        99854      2925.71
      31.135     0.999707        99859      3413.33
      32.447     0.999756        99864      4096.00
      32.863     0.999780        99867      4551.11
      33.311     0.999805        99869      5120.00
      33.535     0.999829        99871      5851.43
      34.719     0.999854        99874      6826.67
      35.199     0.999878        99876      8192.00
      35.615     0.999890        99878      9102.22
      35.743     0.999902        99879     10240.00
      36.415     0.999915        99880     11702.86
      37.087     0.999927        99881     13653.33
      37.311     0.999939        99882     16384.00
      37.887     0.999945        99883     18204.44
      38.463     0.999951        99884     20480.00
      38.463     0.999957        99884     23405.71
      38.559     0.999963        99886     27306.67
      38.559     0.999969        99886     32768.00
      38.559     0.999973        99886     36408.89
      38.559     0.999976        99886     40960.00
      38.559     0.999979        99886     46811.43
      38.623     0.999982        99887     54613.33
      38.623     0.999985        99887     65536.00
      38.623     0.999986        99887     72817.78
      38.623     0.999988        99887     81920.00
      38.623     0.999989        99887     93622.86
      38.719     0.999991        99888    109226.67
      38.719     1.000000        99888          inf
#[Mean    =        1.948, StdDeviation   =        2.105]
#[Max     =       38.688, Total count    =        99888]
#[Buckets =           27, SubBuckets     =         2048]
----------------------------------------------------------
  99890 requests in 10.00s, 16.67MB read
Requests/sec:   9989.18
Transfer/sec:      1.67MB
