Running 10s test @ http://localhost
  2 threads and 10 connections
  Thread Stats   Avg      Stdev     Max   +/- Stdev
    Latency     2.33ms    3.37ms  42.66ms   93.75%
    Req/Sec       -nan      -nan   0.00      0.00%
  Latency Distribution (HdrHistogram - Recorded Latency)
 50.000%    1.50ms
 75.000%    2.24ms
 90.000%    3.88ms
 99.000%   19.42ms
 99.900%   36.06ms
 99.990%   41.66ms
 99.999%   42.69ms
100.000%   42.69ms

  Detailed Percentile spectrum:
       Value   Percentile   TotalCount 1/(1-Percentile)

       0.122     0.000000            2         1.00
       0.674     0.100000         9988         1.11
       0.892     0.200000        20009         1.25
       1.103     0.300000        29968         1.43
       1.297     0.400000        39981         1.67
       1.496     0.500000        49970         2.00
       1.608     0.550000        54955         2.22
       1.729     0.600000        59940         2.50
       1.868     0.650000        64943         2.86
       2.034     0.700000        69937         3.33
       2.241     0.750000        74938         4.00
       2.365     0.775000        77429         4.44
       2.513     0.800000        79911         5.00
       2.713     0.825000        82404         5.71
       2.973     0.850000        84915         6.67
       3.333     0.875000        87402         8.00
       3.583     0.887500        88641         8.89
       3.885     0.900000        89891        10.00
       4.291     0.912500        91139        11.43
       4.859     0.925000        92387        13.33
       5.707     0.937500        93637        16.00
       6.323     0.943750        94262        17.78
       6.987     0.950000        94887        20.00
       7.779     0.956250        95508        22.86
       8.703     0.962500        96132        26.67
       9.815     0.968750        96758        32.00
      10.423     0.971875        97069        35.56
      11.111     0.975000        97383        40.00
      11.975     0.978125        97693        45.71
      13.295     0.981250        98006        53.33
      15.159     0.984375        98317        64.00
      16.175     0.985938        98474        71.11
      17.279     0.987500        98631        80.00
      18.639     0.989062        98786        91.43
      19.919     0.990625        98943       106.67
      21.599     0.992188        99098       128.00
      22.815     0.992969        99177       142.22
      24.095     0.993750        99254       160.00
      25.279     0.994531        99331       182.86
      26.191     0.995313        99410       213.33
      27.279     0.996094        99487       256.00
      28.047     0.996484        99527       284.44
      29.247     0.996875        99565       320.00
      30.367     0.997266        99604       365.71
      32.031     0.997656        99643       426.67
      33.247     0.998047        99682       512.00
      33.791     0.998242        99703       568.89
      34.367     0.998437        99722       640.00
      34.975     0.998633        99742       731.43
      35.551     0.998828        99760       853.33
      36.159     0.999023        99780      1024.00
      36.607     0.999121        99791      1137.78
      36.991     0.999219        99799      1280.00
      37.439     0.999316        99811      1462.86
      37.855     0.999414        99819      1706.67
      38.975     0.999512        99829      2048.00
      39.327     0.999561        99834      2275.56
      39.487     0.999609        99838      2560.00
      39.775     0.999658        99843      2925.71
      40.159     0.999707        99848      3413.33
      41.055     0.999756        99855      4096.00
      41.151     0.999780        99856      4551.11
      41.247     0.999805        99859      5120.00
      41.311     0.999829        99860      5851.43
      41.407     0.999854        99863      6826.67
      41.631     0.999878        99866      8192.00
      41.663     0.999890        99867      9102.22
      41.695     0.999902        99868     10240.00
      41.759     0.999915        99869     11702.86
      41.823     0.999927        99870     13653.33
      42.047     0.999939        99871     16384.00
      42.111     0.999945        99872     18204.44
      42.143     0.999951        99873     20480.00
      42.143     0.999957        99873     23405.71
      42.367     0.999963        99874     27306.67
      42.367     0.999969        99874     32768.00
      42.527     0.999973        99875     36408.89
      42.527     0.999976        99875     40960.00
      42.527     0.999979        99875     46811.43
      42.687     0.999982        99877     54613.33
      42.687     1.000000        99877          inf
#[Mean    =        2.329, StdDeviation   =        3.373]
#[Max     =       42.656, Total count    =        99877]
#[Buckets =           27, SubBuckets     =         2048]
----------------------------------------------------------
  99879 requests in 10.00s, 16.67MB read
Requests/sec:   9987.90
Transfer/sec:      1.67MB
