Running 10s test @ http://localhost
  2 threads and 10 connections
  Thread Stats   Avg      Stdev     Max   +/- Stdev
    Latency     1.99ms    3.84ms  81.41ms   96.60%
    Req/Sec       -nan      -nan   0.00      0.00%
  Latency Distribution (HdrHistogram - Recorded Latency)
 50.000%    1.35ms
 75.000%    1.91ms
 90.000%    2.68ms
 99.000%   18.40ms
 99.900%   48.26ms
 99.990%   78.59ms
 99.999%   81.28ms
100.000%   81.47ms

  Detailed Percentile spectrum:
       Value   Percentile   TotalCount 1/(1-Percentile)

       0.110     0.000000            1         1.00
       0.612     0.100000         9998         1.11
       0.812     0.200000        20018         1.25
       1.000     0.300000        29996         1.43
       1.177     0.400000        39972         1.67
       1.351     0.500000        49940         2.00
       1.442     0.550000        54968         2.22
       1.541     0.600000        59943         2.50
       1.647     0.650000        64926         2.86
       1.770     0.700000        69950         3.33
       1.910     0.750000        74941         4.00
       1.989     0.775000        77424         4.44
       2.077     0.800000        79913         5.00
       2.185     0.825000        82432         5.71
       2.305     0.850000        84908         6.67
       2.461     0.875000        87409         8.00
       2.561     0.887500        88670         8.89
       2.679     0.900000        89898        10.00
       2.835     0.912500        91143        11.43
       3.067     0.925000        92390        13.33
       3.391     0.937500        93639        16.00
       3.645     0.943750        94264        17.78
       4.009     0.950000        94887        20.00
       4.555     0.956250        95517        22.86
       5.283     0.962500        96135        26.67
       6.423     0.968750        96760        32.00
       7.271     0.971875        97071        35.56
       8.255     0.975000        97383        40.00
       9.439     0.978125        97696        45.71
      10.615     0.981250        98009        53.33
      11.855     0.984375        98320        64.00
      12.895     0.985938        98476        71.11
      14.695     0.987500        98634        80.00
      16.879     0.989062        98788        91.43
      19.615     0.990625        98944       106.67
      23.055     0.992188        99100       128.00
      25.599     0.992969        99178       142.22
      28.319     0.993750        99256       160.00
      30.815     0.994531        99334       182.86
      34.207     0.995313        99413       213.33
      36.383     0.996094        99490       256.00
      37.471     0.996484        99529       284.44
      38.271     0.996875        99568       320.00
      39.071     0.997266        99607       365.71
      40.223     0.997656        99646       426.67
      42.175     0.998047        99686       512.00
      43.519     0.998242        99705       568.89
      44.543     0.998437        99725       640.00
      45.375     0.998633        99744       731.43
      46.655     0.998828        99763       853.33
      48.479     0.999023        99783      1024.00
      50.751     0.999121        99793      1137.78
      53.439     0.999219        99803      1280.00
      54.751     0.999316        99812      1462.86
      58.527     0.999414        99822      1706.67
      62.367     0.999512        99832      2048.00
      65.023     0.999561        99837      2275.56
      66.815     0.999609        99841      2560.00
      68.351     0.999658        99846      2925.71
      70.847     0.999707        99851      3413.33
      72.383     0.999756        99856      4096.00
      74.111     0.999780        99859      4551.11
      75.583     0.999805        99861      5120.00
      76.095     0.999829        99863      5851.43
      77.119     0.999854        99866      6826.67
      77.631     0.999878        99868      8192.00
      78.591     0.999890        99870      9102.22
      78.975     0.999902        99871     10240.00
      79.295     0.999915        99872     11702.86
      79.551     0.999927        99873     13653.33
      79.743     0.999939        99874     16384.00
      79.871     0.999945        99875     18204.44
      80.319     0.999951        99876     20480.00
      80.319     0.999957        99876     23405.71
      80.703     0.999963        99877     27306.67
      80.703     0.999969        99877     32768.00
      80.959     0.999973        99878     36408.89
      80.959     0.999976        99878     40960.00
      80.959     0.999979        99878     46811.43
      81.279     0.999982        99879     54613.33
      81.279     0.999985        99879     65536.00
      81.279     0.999986        99879     72817.78
      81.279     0.999988        99879     81920.00
      81.279     0.999989        99879     93622.86
      81.471     0.999991        99880    109226.67
      81.471     1.000000        99880          inf
#[Mean    =        1.995, StdDeviation   =        3.843]
#[Max     =       81.408, Total count    =        99880]
#[Buckets =           27, SubBuckets     =         2048]
----------------------------------------------------------
  99882 requests in 10.00s, 16.67MB read
Requests/sec:   9987.93
Transfer/sec:      1.67MB
