Running 10s test @ http://localhost
  2 threads and 10 connections
  Thread Stats   Avg      Stdev     Max   +/- Stdev
    Latency     1.93ms    2.02ms  31.38ms   92.41%
    Req/Sec       -nan      -nan   0.00      0.00%
  Latency Distribution (HdrHistogram - Recorded Latency)
 50.000%    1.44ms
 75.000%    2.13ms
 90.000%    3.40ms
 99.000%   11.69ms
 99.900%   20.50ms
 99.990%   28.98ms
 99.999%   31.23ms
100.000%   31.39ms

  Detailed Percentile spectrum:
       Value   Percentile   TotalCount 1/(1-Percentile)

       0.097     0.000000            1         1.00
       0.625     0.100000         9995         1.11
       0.834     0.200000        20003         1.25
       1.033     0.300000        29966         1.43
       1.236     0.400000        40008         1.67
       1.438     0.500000        49960         2.00
       1.545     0.550000        54974         2.22
       1.660     0.600000        59948         2.50
       1.792     0.650000        64928         2.86
       1.949     0.700000        69941         3.33
       2.135     0.750000        74936         4.00
       2.247     0.775000        77435         4.44
       2.377     0.800000        79914         5.00
       2.539     0.825000        82414         5.71
       2.733     0.850000        84908         6.67
       3.003     0.875000        87406         8.00
       3.187     0.887500        88650         8.89
       3.401     0.900000        89899        10.00
       3.661     0.912500        91154        11.43
       3.981     0.925000        92393        13.33
       4.391     0.937500        93645        16.00
       4.659     0.943750        94266        17.78
       4.975     0.950000        94889        20.00
       5.383     0.956250        95515        22.86
       5.903     0.962500        96139        26.67
       6.539     0.968750        96763        32.00
       6.955     0.971875        97075        35.56
       7.435     0.975000        97389        40.00
       8.003     0.978125        97701        45.71
       8.679     0.981250        98012        53.33
       9.527     0.984375        98323        64.00
      10.007     0.985938        98479        71.11
      10.615     0.987500        98636        80.00
      11.191     0.989062        98791        91.43
      12.039     0.990625        98947       106.67
      12.711     0.992188        99104       128.00
      13.015     0.992969        99181       142.22
      13.543     0.993750        99261       160.00
      13.927     0.994531        99338       182.86
      14.431     0.995313        99415       213.33
      15.047     0.996094        99494       256.00
      15.415     0.996484        99533       284.44
      15.735     0.996875        99573       320.00
      16.103     0.997266        99610       365.71
      16.703     0.997656        99649       426.67
      17.375     0.998047        99688       512.00
      17.823     0.998242        99709       568.89
      18.255     0.998437        99729       640.00
      18.975     0.998633        99748       731.43
      19.647     0.998828        99766       853.33
      20.607     0.999023        99786      1024.00
      21.215     0.999121        99796      1137.78
      21.759     0.999219        99805      1280.00
      22.303     0.999316        99815      1462.86
      23.071     0.999414        99825      1706.67
      24.159     0.999512        99836      2048.00
      24.655     0.999561        99840      2275.56
      25.135     0.999609        99844      2560.00
      25.823     0.999658        99849      2925.71
      26.655     0.999707        99854      3413.33
      27.135     0.999756        99859      4096.00
      27.615     0.999780        99862      4551.11
      27.839     0.999805        99864      5120.00
      28.047     0.999829        99866      5851.43
      28.431     0.999854        99869      6826.67
      28.671     0.999878        99871      8192.00
      28.975     0.999890        99873      9102.22
      28.991     0.999902        99874     10240.00
      29.151     0.999915        99875     11702.86
      29.567     0.999927        99876     13653.33
      29.679     0.999939        99877     16384.00
      29.903     0.999945        99878     18204.44
      30.271     0.999951        99879     20480.00
      30.271     0.999957        99879     23405.71
      30.463     0.999963        99880     27306.67
      30.463     0.999969        99880     32768.00
      31.007     0.999973        99881     36408.89
      31.007     0.999976        99881     40960.00
      31.007     0.999979        99881     46811.43
      31.231     0.999982        99882     54613.33
      31.231     0.999985        99882     65536.00
      31.231     0.999986        99882     72817.78
      31.231     0.999988        99882     81920.00
      31.231     0.999989        99882     93622.86
      31.391     0.999991        99883    109226.67
      31.391     1.000000        99883          inf
#[Mean    =        1.933, StdDeviation   =        2.021]
#[Max     =       31.376, Total count    =        99883]
#[Buckets =           27, SubBuckets     =         2048]
----------------------------------------------------------
  99890 requests in 10.00s, 16.67MB read
Requests/sec:   9989.14
Transfer/sec:      1.67MB
