Running 10s test @ http://localhost
  2 threads and 10 connections
  Thread Stats   Avg      Stdev     Max   +/- Stdev
    Latency     2.58ms    3.79ms  50.62ms   92.44%
    Req/Sec       -nan      -nan   0.00      0.00%
  Latency Distribution (HdrHistogram - Recorded Latency)
 50.000%    1.50ms
 75.000%    2.31ms
 90.000%    4.79ms
 99.000%   19.81ms
 99.900%   35.62ms
 99.990%   47.65ms
 99.999%   50.40ms
100.000%   50.65ms

  Detailed Percentile spectrum:
       Value   Percentile   TotalCount 1/(1-Percentile)

       0.124     0.000000            1         1.00
       0.677     0.100000        10003         1.11
       0.901     0.200000        19981         1.25
       1.098     0.300000        29967         1.43
       1.296     0.400000        39962         1.67
       1.504     0.500000        49989         2.00
       1.619     0.550000        54973         2.22
       1.749     0.600000        59947         2.50
       1.896     0.650000        64943         2.86
       2.077     0.700000        69954         3.33
       2.313     0.750000        74929         4.00
       2.467     0.775000        77427         4.44
       2.657     0.800000        79928         5.00
       2.915     0.825000        82416         5.71
       3.295     0.850000        84915         6.67
       3.849     0.875000        87406         8.00
       4.243     0.887500        88651         8.89
       4.787     0.900000        89900        10.00
       5.463     0.912500        91150        11.43
       6.439     0.925000        92403        13.33
       7.799     0.937500        93645        16.00
       8.647     0.943750        94271        17.78
       9.607     0.950000        94894        20.00
      10.671     0.956250        95521        22.86
      11.871     0.962500        96147        26.67
      13.151     0.968750        96767        32.00
      13.863     0.971875        97079        35.56
      14.567     0.975000        97391        40.00
      15.335     0.978125        97703        45.71
      16.103     0.981250        98015        53.33
      17.119     0.984375        98328        64.00
      17.807     0.985938        98486        71.11
      18.527     0.987500        98639        80.00
      19.295     0.989062        98798        91.43
      20.191     0.990625        98952       106.67
      21.583     0.992188        99109       128.00
      22.831     0.992969        99185       142.22
      24.047     0.993750        99263       160.00
      25.599     0.994531        99341       182.86
      27.135     0.995313        99419       213.33
      28.735     0.996094        99497       256.00
      29.583     0.996484        99536       284.44
      30.303     0.996875        99576       320.00
      30.927     0.997266        99614       365.71
      31.599     0.997656        99654       426.67
      32.543     0.998047        99692       512.00
      33.183     0.998242        99712       568.89
      33.567     0.998437        99731       640.00
      34.239     0.998633        99752       731.43
      34.783     0.998828        99770       853.33
      35.679     0.999023        99790      1024.00
      36.159     0.999121        99801      1137.78
      36.383     0.999219        99809      1280.00
      36.671     0.999316        99819      1462.86
      37.087     0.999414        99829      1706.67
      37.855     0.999512        99839      2048.00
      38.847     0.999561        99844      2275.56
      39.551     0.999609        99848      2560.00
      40.447     0.999658        99853      2925.71
      42.303     0.999707        99858      3413.33
      43.455     0.999756        99863      4096.00
      44.031     0.999780        99866      4551.11
      44.767     0.999805        99868      5120.00
      45.983     0.999829        99870      5851.43
      46.943     0.999854        99873      6826.67
      47.167     0.999878        99875      8192.00
      47.647     0.999890        99877      9102.22
      47.743     0.999902        99878     10240.00
      47.871     0.999915        99879     11702.86
      48.479     0.999927        99880     13653.33
      48.991     0.999939        99881     16384.00
      49.247     0.999945        99882     18204.44
      49.311     0.999951        99883     20480.00
      49.311     0.999957        99883     23405.71
      49.439     0.999963        99884     27306.67
      49.439     0.999969        99884     32768.00
      49.791     0.999973        99885     36408.89
      49.791     0.999976        99885     40960.00
      49.791     0.999979        99885     46811.43
      50.399     0.999982        99886     54613.33
      50.399     0.999985        99886     65536.00
      50.399     0.999986        99886     72817.78
      50.399     0.999988        99886     81920.00
      50.399     0.999989        99886     93622.86
      50.655     0.999991        99887    109226.67
      50.655     1.000000        99887          inf
#[Mean    =        2.576, StdDeviation   =        3.791]
#[Max     =       50.624, Total count    =        99887]
#[Buckets =           27, SubBuckets     =         2048]
----------------------------------------------------------
  99892 requests in 10.00s, 16.67MB read
Requests/sec:   9989.73
Transfer/sec:      1.67MB
