Running 10s test @ http://localhost
  2 threads and 10 connections
  Thread Stats   Avg      Stdev     Max   +/- Stdev
    Latency     2.25ms    2.82ms  33.47ms   92.50%
    Req/Sec       -nan      -nan   0.00      0.00%
  Latency Distribution (HdrHistogram - Recorded Latency)
 50.000%    1.47ms
 75.000%    2.25ms
 90.000%    3.98ms
 99.000%   15.74ms
 99.900%   24.75ms
 99.990%   29.84ms
 99.999%   32.93ms
100.000%   33.50ms

  Detailed Percentile spectrum:
       Value   Percentile   TotalCount 1/(1-Percentile)

       0.089     0.000000            1         1.00
       0.623     0.100000         9986         1.11
       0.843     0.200000        19990         1.25
       1.055     0.300000        29947         1.43
       1.265     0.400000        39970         1.67
       1.471     0.500000        49932         2.00
       1.588     0.550000        54907         2.22
       1.719     0.600000        59912         2.50
       1.866     0.650000        64881         2.86
       2.037     0.700000        69873         3.33
       2.251     0.750000        74893         4.00
       2.381     0.775000        77366         4.44
       2.537     0.800000        79867         5.00
       2.745     0.825000        82356         5.71
       3.009     0.850000        84838         6.67
       3.401     0.875000        87333         8.00
       3.657     0.887500        88582         8.89
       3.985     0.900000        89832        10.00
       4.447     0.912500        91079        11.43
       5.071     0.925000        92323        13.33
       6.083     0.937500        93568        16.00
       6.779     0.943750        94191        17.78
       7.547     0.950000        94815        20.00
       8.367     0.956250        95441        22.86
       9.279     0.962500        96064        26.67
      10.263     0.968750        96691        32.00
      10.823     0.971875        96999        35.56
      11.447     0.975000        97311        40.00
      12.095     0.978125        97626        45.71
      12.799     0.981250        97933        53.33
      13.663     0.984375        98245        64.00
      14.215     0.985938        98403        71.11
      14.767     0.987500        98557        80.00
      15.351     0.989062        98714        91.43
      16.039     0.990625        98869       106.67
      16.943     0.992188        99027       128.00
      17.407     0.992969        99106       142.22
      17.935     0.993750        99181       160.00
      18.623     0.994531        99259       182.86
      19.487     0.995313        99337       213.33
      20.287     0.996094        99416       256.00
      20.751     0.996484        99454       284.44
      21.247     0.996875        99495       320.00
      21.647     0.997266        99532       365.71
      22.127     0.997656        99571       426.67
      22.783     0.998047        99610       512.00
      23.055     0.998242        99630       568.89
      23.359     0.998437        99649       640.00
      23.951     0.998633        99668       731.43
      24.415     0.998828        99688       853.33
      24.815     0.999023        99707      1024.00
      25.071     0.999121        99717      1137.78
      25.487     0.999219        99727      1280.00
      25.823     0.999316        99737      1462.86
      26.255     0.999414        99746      1706.67
      26.799     0.999512        99756      2048.00
      27.023     0.999561        99761      2275.56
      27.375     0.999609        99766      2560.00
      27.711     0.999658        99770      2925.71
      28.079     0.999707        99775      3413.33
      28.511     0.999756        99780      4096.00
      28.735     0.999780        99783      4551.11
      28.799     0.999805        99785      5120.00
      28.895     0.999829        99787      5851.43
      29.199     0.999854        99790      6826.67
      29.423     0.999878        99792      8192.00
      29.839     0.999890        99794      9102.22
      29.935     0.999902        99795     10240.00
      29.983     0.999915        99796     11702.86
      29.999     0.999927        99797     13653.33
      30.143     0.999939        99798     16384.00
      30.559     0.999945        99799     18204.44
      30.911     0.999951        99800     20480.00
      30.911     0.999957        99800     23405.71
      31.583     0.999963        99801     27306.67
      31.583     0.999969        99801     32768.00
      32.287     0.999973        99802     36408.89
      32.287     0.999976        99802     40960.00
      32.287     0.999979        99802     46811.43
      32.927     0.999982        99803     54613.33
      32.927     0.999985        99803     65536.00
      32.927     0.999986        99803     72817.78
      32.927     0.999988        99803     81920.00
      32.927     0.999989        99803     93622.86
      33.503     0.999991        99804    109226.67
      33.503     1.000000        99804          inf
#[Mean    =        2.249, StdDeviation   =        2.821]
#[Max     =       33.472, Total count    =        99804]
#[Buckets =           27, SubBuckets     =         2048]
----------------------------------------------------------
  99807 requests in 9.99s, 16.66MB read
Requests/sec:   9989.26
Transfer/sec:      1.67MB
