Running 10s test @ http://localhost
  2 threads and 10 connections
  Thread Stats   Avg      Stdev     Max   +/- Stdev
    Latency     1.91ms    1.95ms  33.50ms   93.02%
    Req/Sec       -nan      -nan   0.00      0.00%
  Latency Distribution (HdrHistogram - Recorded Latency)
 50.000%    1.46ms
 75.000%    2.12ms
 90.000%    3.22ms
 99.000%   10.94ms
 99.900%   20.46ms
 99.990%   30.56ms
 99.999%   33.18ms
100.000%   33.53ms

  Detailed Percentile spectrum:
       Value   Percentile   TotalCount 1/(1-Percentile)

       0.139     0.000000            1         1.00
       0.654     0.100000        10017         1.11
       0.868     0.200000        20003         1.25
       1.071     0.300000        29992         1.43
       1.262     0.400000        39964         1.67
       1.458     0.500000        49973         2.00
       1.563     0.550000        54953         2.22
       1.674     0.600000        59966         2.50
       1.801     0.650000        64925         2.86
       1.945     0.700000        69930         3.33
       2.121     0.750000        74931         4.00
       2.223     0.775000        77414         4.44
       2.341     0.800000        79905         5.00
       2.481     0.825000        82431         5.71
       2.657     0.850000        84909         6.67
       2.893     0.875000        87396         8.00
       3.039     0.887500        88663         8.89
       3.217     0.900000        89899        10.00
       3.451     0.912500        91142        11.43
       3.725     0.925000        92395        13.33
       4.081     0.937500        93638        16.00
       4.319     0.943750        94267        17.78
       4.603     0.950000        94888        20.00
       4.963     0.956250        95511        22.86
       5.451     0.962500        96135        26.67
       6.047     0.968750        96762        32.00
       6.471     0.971875        97072        35.56
       6.935     0.975000        97384        40.00
       7.555     0.978125        97697        45.71
       8.231     0.981250        98008        53.33
       8.935     0.984375        98320        64.00
       9.407     0.985938        98476        71.11
       9.991     0.987500        98632        80.00
      10.615     0.989062        98790        91.43
      11.175     0.990625        98944       106.67
      11.943     0.992188        99100       128.00
      12.407     0.992969        99181       142.22
      12.967     0.993750        99257       160.00
      13.735     0.994531        99334       182.86
      14.823     0.995313        99412       213.33
      15.847     0.996094        99492       256.00
      16.167     0.996484        99529       284.44
      16.655     0.996875        99568       320.00
      17.135     0.997266        99607       365.71
      17.759     0.997656        99646       426.67
      18.511     0.998047        99685       512.00
      19.135     0.998242        99705       568.89
      19.519     0.998437        99724       640.00
      19.839     0.998633        99744       731.43
      20.271     0.998828        99764       853.33
      20.559     0.999023        99783      1024.00
      20.895     0.999121        99793      1137.78
      21.151     0.999219        99802      1280.00
      21.711     0.999316        99812      1462.86
      22.175     0.999414        99822      1706.67
      22.591     0.999512        99832      2048.00
      22.831     0.999561        99837      2275.56
      23.007     0.999609        99841      2560.00
      23.519     0.999658        99846      2925.71
      23.983     0.999707        99851      3413.33
      24.639     0.999756        99856      4096.00
      25.311     0.999780        99859      4551.11
      26.415     0.999805        99861      5120.00
      27.391     0.999829        99863      5851.43
      28.943     0.999854        99866      6826.67
      29.887     0.999878        99868      8192.00
      30.559     0.999890        99870      9102.22
      31.071     0.999902        99871     10240.00
      31.487     0.999915        99872     11702.86
      32.015     0.999927        99874     13653.33
      32.015     0.999939        99874     16384.00
      32.079     0.999945        99875     18204.44
      32.159     0.999951        99876     20480.00
      32.159     0.999957        99876     23405.71
      32.591     0.999963        99877     27306.67
      32.591     0.999969        99877     32768.00
      32.751     0.999973        99878     36408.89
      32.751     0.999976        99878     40960.00
      32.751     0.999979        99878     46811.43
      33.183     0.999982        99879     54613.33
      33.183     0.999985        99879     65536.00
      33.183     0.999986        99879     72817.78
      33.183     0.999988        99879     81920.00
      33.183     0.999989        99879     93622.86
      33.535     0.999991        99880    109226.67
      33.535     1.000000        99880          inf
#[Mean    =        1.907, StdDeviation   =        1.947]
#[Max     =       33.504, Total count    =        99880]
#[Buckets =           27, SubBuckets     =         2048]
----------------------------------------------------------
  99886 requests in 10.00s, 16.67MB read
Requests/sec:   9988.86
Transfer/sec:      1.67MB
