Running 10s test @ http://localhost
  2 threads and 10 connections
  Thread Stats   Avg      Stdev     Max   +/- Stdev
    Latency     2.04ms    2.55ms  36.35ms   94.04%
    Req/Sec       -nan      -nan   0.00      0.00%
  Latency Distribution (HdrHistogram - Recorded Latency)
 50.000%    1.44ms
 75.000%    2.12ms
 90.000%    3.42ms
 99.000%   14.62ms
 99.900%   28.83ms
 99.990%   33.57ms
 99.999%   36.06ms
100.000%   36.38ms

  Detailed Percentile spectrum:
       Value   Percentile   TotalCount 1/(1-Percentile)

       0.089     0.000000            1         1.00
       0.661     0.100000        10018         1.11
       0.868     0.200000        20027         1.25
       1.058     0.300000        30023         1.43
       1.242     0.400000        39990         1.67
       1.439     0.500000        49988         2.00
       1.542     0.550000        54943         2.22
       1.658     0.600000        59965         2.50
       1.789     0.650000        64972         2.86
       1.936     0.700000        69943         3.33
       2.125     0.750000        74929         4.00
       2.241     0.775000        77450         4.44
       2.377     0.800000        79953         5.00
       2.543     0.825000        82424         5.71
       2.755     0.850000        84909         6.67
       3.035     0.875000        87417         8.00
       3.203     0.887500        88661         8.89
       3.417     0.900000        89911        10.00
       3.677     0.912500        91157        11.43
       4.017     0.925000        92405        13.33
       4.459     0.937500        93653        16.00
       4.783     0.943750        94277        17.78
       5.195     0.950000        94900        20.00
       5.731     0.956250        95521        22.86
       6.411     0.962500        96150        26.67
       7.307     0.968750        96772        32.00
       7.871     0.971875        97082        35.56
       8.535     0.975000        97398        40.00
       9.263     0.978125        97707        45.71
      10.367     0.981250        98019        53.33
      11.607     0.984375        98331        64.00
      12.327     0.985938        98490        71.11
      13.055     0.987500        98646        80.00
      14.015     0.989062        98802        91.43
      15.143     0.990625        98957       106.67
      16.327     0.992188        99113       128.00
      17.007     0.992969        99189       142.22
      18.047     0.993750        99267       160.00
      19.103     0.994531        99345       182.86
      19.983     0.995313        99423       213.33
      20.975     0.996094        99503       256.00
      21.551     0.996484        99540       284.44
      22.255     0.996875        99579       320.00
      23.087     0.997266        99619       365.71
      23.999     0.997656        99657       426.67
      24.991     0.998047        99696       512.00
      25.631     0.998242        99716       568.89
      26.223     0.998437        99735       640.00
      26.895     0.998633        99755       731.43
      28.239     0.998828        99774       853.33
      28.943     0.999023        99794      1024.00
      29.343     0.999121        99806      1137.78
      29.551     0.999219        99813      1280.00
      30.127     0.999316        99823      1462.86
      30.863     0.999414        99833      1706.67
      31.487     0.999512        99843      2048.00
      31.791     0.999561        99848      2275.56
      31.967     0.999609        99852      2560.00
      32.127     0.999658        99857      2925.71
      32.303     0.999707        99862      3413.33
      32.735     0.999756        99867      4096.00
      32.799     0.999780        99871      4551.11
      32.895     0.999805        99873      5120.00
      33.023     0.999829        99874      5851.43
      33.247     0.999854        99877      6826.67
      33.343     0.999878        99879      8192.00
      33.567     0.999890        99881      9102.22
      33.663     0.999902        99882     10240.00
      33.887     0.999915        99883     11702.86
      34.015     0.999927        99884     13653.33
      34.047     0.999939        99885     16384.00
      34.175     0.999945        99886     18204.44
      34.655     0.999951        99887     20480.00
      34.655     0.999957        99887     23405.71
      35.039     0.999963        99888     27306.67
      35.039     0.999969        99888     32768.00
      35.455     0.999973        99889     36408.89
      35.455     0.999976        99889     40960.00
      35.455     0.999979        99889     46811.43
      36.063     0.999982        99890     54613.33
      36.063     0.999985        99890     65536.00
      36.063     0.999986        99890     72817.78
      36.063     0.999988        99890     81920.00
      36.063     0.999989        99890     93622.86
      36.383     0.999991        99891    109226.67
      36.383     1.000000        99891          inf
#[Mean    =        2.041, StdDeviation   =        2.552]
#[Max     =       36.352, Total count    =        99891]
#[Buckets =           27, SubBuckets     =         2048]
----------------------------------------------------------
  99893 requests in 10.00s, 16.67MB read
Requests/sec:   9989.51
Transfer/sec:      1.67MB
