Running 10s test @ http://localhost
  2 threads and 10 connections
  Thread Stats   Avg      Stdev     Max   +/- Stdev
    Latency     2.46ms    3.50ms  48.48ms   92.89%
    Req/Sec       -nan      -nan   0.00      0.00%
  Latency Distribution (HdrHistogram - Recorded Latency)
 50.000%    1.51ms
 75.000%    2.36ms
 90.000%    4.49ms
 99.000%   20.03ms
 99.900%   33.82ms
 99.990%   47.39ms
 99.999%   48.38ms
100.000%   48.51ms

  Detailed Percentile spectrum:
       Value   Percentile   TotalCount 1/(1-Percentile)

       0.097     0.000000            1         1.00
       0.669     0.100000        10022         1.11
       0.883     0.200000        20020         1.25
       1.086     0.300000        30000         1.43
       1.295     0.400000        39998         1.67
       1.510     0.500000        49959         2.00
       1.630     0.550000        54942         2.22
       1.771     0.600000        59954         2.50
       1.923     0.650000        64933         2.86
       2.109     0.700000        69958         3.33
       2.361     0.750000        74933         4.00
       2.519     0.775000        77424         4.44
       2.715     0.800000        79924         5.00
       2.975     0.825000        82424         5.71
       3.309     0.850000        84916         6.67
       3.753     0.875000        87403         8.00
       4.079     0.887500        88659         8.89
       4.487     0.900000        89907        10.00
       5.003     0.912500        91152        11.43
       5.691     0.925000        92397        13.33
       6.615     0.937500        93646        16.00
       7.227     0.943750        94271        17.78
       7.923     0.950000        94896        20.00
       8.791     0.956250        95518        22.86
       9.831     0.962500        96145        26.67
      11.127     0.968750        96765        32.00
      11.895     0.971875        97081        35.56
      12.687     0.975000        97390        40.00
      13.695     0.978125        97703        45.71
      14.903     0.981250        98016        53.33
      16.263     0.984375        98327        64.00
      17.055     0.985938        98486        71.11
      18.207     0.987500        98638        80.00
      19.359     0.989062        98796        91.43
      20.447     0.990625        98950       106.67
      21.759     0.992188        99109       128.00
      22.495     0.992969        99185       142.22
      23.215     0.993750        99262       160.00
      23.967     0.994531        99340       182.86
      24.655     0.995313        99418       213.33
      25.487     0.996094        99496       256.00
      26.175     0.996484        99536       284.44
      26.927     0.996875        99574       320.00
      28.031     0.997266        99613       365.71
      29.295     0.997656        99652       426.67
      30.495     0.998047        99691       512.00
      31.103     0.998242        99711       568.89
      31.615     0.998437        99731       640.00
      32.207     0.998633        99751       731.43
      32.799     0.998828        99769       853.33
      34.015     0.999023        99789      1024.00
      34.943     0.999121        99799      1137.78
      35.519     0.999219        99808      1280.00
      37.087     0.999316        99818      1462.86
      39.167     0.999414        99828      1706.67
      42.271     0.999512        99839      2048.00
      43.327     0.999561        99843      2275.56
      43.871     0.999609        99847      2560.00
      44.639     0.999658        99853      2925.71
      45.151     0.999707        99857      3413.33
      45.823     0.999756        99862      4096.00
      46.079     0.999780        99865      4551.11
      46.239     0.999805        99867      5120.00
      46.623     0.999829        99869      5851.43
      47.231     0.999854        99872      6826.67
      47.359     0.999878        99874      8192.00
      47.391     0.999890        99876      9102.22
      47.647     0.999902        99877     10240.00
      47.679     0.999915        99879     11702.86
      47.679     0.999927        99879     13653.33
      47.871     0.999939        99881     16384.00
      47.871     0.999945        99881     18204.44
      48.191     0.999951        99882     20480.00
      48.191     0.999957        99882     23405.71
      48.223     0.999963        99884     27306.67
      48.223     0.999969        99884     32768.00
      48.223     0.999973        99884     36408.89
      48.223     0.999976        99884     40960.00
      48.223     0.999979        99884     46811.43
      48.383     0.999982        99885     54613.33
      48.383     0.999985        99885     65536.00
      48.383     0.999986        99885     72817.78
      48.383     0.999988        99885     81920.00
      48.383     0.999989        99885     93622.86
      48.511     0.999991        99886    109226.67
      48.511     1.000000        99886          inf
#[Mean    =        2.463, StdDeviation   =        3.499]
#[Max     =       48.480, Total count    =        99886]
#[Buckets =           27, SubBuckets     =         2048]
----------------------------------------------------------
  99891 requests in 10.00s, 16.67MB read
Requests/sec:   9989.59
Transfer/sec:      1.67MB
