Running 10s test @ http://localhost
  2 threads and 10 connections
  Thread Stats   Avg      Stdev     Max   +/- Stdev
    Latency     1.98ms    2.57ms  40.83ms   93.76%
    Req/Sec       -nan      -nan   0.00      0.00%
  Latency Distribution (HdrHistogram - Recorded Latency)
 50.000%    1.38ms
 75.000%    2.00ms
 90.000%    3.06ms
 99.000%   14.14ms
 99.900%   27.20ms
 99.990%   37.66ms
 99.999%   40.42ms
100.000%   40.86ms

  Detailed Percentile spectrum:
       Value   Percentile   TotalCount 1/(1-Percentile)

       0.112     0.000000            1         1.00
       0.606     0.100000         9998         1.11
       0.803     0.200000        20005         1.25
       0.992     0.300000        29965         1.43
       1.187     0.400000        39965         1.67
       1.384     0.500000        49967         2.00
       1.479     0.550000        54925         2.22
       1.582     0.600000        59939         2.50
       1.699     0.650000        64891         2.86
       1.835     0.700000        69879         3.33
       1.998     0.750000        74884         4.00
       2.095     0.775000        77364         4.44
       2.209     0.800000        79891         5.00
       2.337     0.825000        82363         5.71
       2.493     0.850000        84869         6.67
       2.709     0.875000        87364         8.00
       2.859     0.887500        88600         8.89
       3.063     0.900000        89843        10.00
       3.361     0.912500        91091        11.43
       3.843     0.925000        92339        13.33
       4.543     0.937500        93582        16.00
       5.027     0.943750        94208        17.78
       5.675     0.950000        94830        20.00
       6.411     0.956250        95454        22.86
       7.355     0.962500        96080        26.67
       8.527     0.968750        96701        32.00
       9.143     0.971875        97013        35.56
       9.783     0.975000        97325        40.00
      10.519     0.978125        97641        45.71
      11.279     0.981250        97951        53.33
      12.127     0.984375        98262        64.00
      12.639     0.985938        98419        71.11
      13.151     0.987500        98573        80.00
      13.767     0.989062        98729        91.43
      14.399     0.990625        98886       106.67
      15.271     0.992188        99041       128.00
      15.743     0.992969        99120       142.22
      16.255     0.993750        99197       160.00
      16.863     0.994531        99275       182.86
      17.551     0.995313        99353       213.33
      18.623     0.996094        99431       256.00
      19.551     0.996484        99470       284.44
      20.799     0.996875        99510       320.00
      22.399     0.997266        99548       365.71
      23.567     0.997656        99588       426.67
      24.383     0.998047        99626       512.00
      24.735     0.998242        99646       568.89
      25.151     0.998437        99665       640.00
      25.759     0.998633        99684       731.43
      26.447     0.998828        99704       853.33
      27.311     0.999023        99723      1024.00
      28.975     0.999121        99733      1137.78
      30.719     0.999219        99743      1280.00
      31.487     0.999316        99752      1462.86
      31.983     0.999414        99762      1706.67
      32.719     0.999512        99772      2048.00
      33.151     0.999561        99777      2275.56
      33.951     0.999609        99782      2560.00
      34.111     0.999658        99786      2925.71
      34.399     0.999707        99791      3413.33
      34.879     0.999756        99796      4096.00
      35.103     0.999780        99799      4551.11
      35.327     0.999805        99801      5120.00
      35.839     0.999829        99803      5851.43
      36.479     0.999854        99806      6826.67
      37.151     0.999878        99808      8192.00
      37.663     0.999890        99810      9102.22
      37.887     0.999902        99812     10240.00
      37.887     0.999915        99812     11702.86
      38.335     0.999927        99813     13653.33
      38.591     0.999939        99814     16384.00
      38.911     0.999945        99815     18204.44
      39.359     0.999951        99816     20480.00
      39.359     0.999957        99816     23405.71
      39.967     0.999963        99817     27306.67
      39.967     0.999969        99817     32768.00
      40.319     0.999973        99818     36408.89
      40.319     0.999976        99818     40960.00
      40.319     0.999979        99818     46811.43
      40.415     0.999982        99819     54613.33
      40.415     0.999985        99819     65536.00
      40.415     0.999986        99819     72817.78
      40.415     0.999988        99819     81920.00
      40.415     0.999989        99819     93622.86
      40.863     0.999991        99820    109226.67
      40.863     1.000000        99820          inf
#[Mean    =        1.977, StdDeviation   =        2.574]
#[Max     =       40.832, Total count    =        99820]
#[Buckets =           27, SubBuckets     =         2048]
----------------------------------------------------------
  99822 requests in 10.00s, 16.66MB read
Requests/sec:   9982.80
Transfer/sec:      1.67MB
