Running 10s test @ http://localhost
  2 threads and 10 connections
  Thread Stats   Avg      Stdev     Max   +/- Stdev
    Latency     2.86ms    5.20ms  60.16ms   94.31%
    Req/Sec       -nan      -nan   0.00      0.00%
  Latency Distribution (HdrHistogram - Recorded Latency)
 50.000%    1.52ms
 75.000%    2.36ms
 90.000%    4.51ms
 99.000%   31.74ms
 99.900%   46.37ms
 99.990%   59.10ms
 99.999%   60.03ms
100.000%   60.19ms

  Detailed Percentile spectrum:
       Value   Percentile   TotalCount 1/(1-Percentile)

       0.089     0.000000            1         1.00
       0.665     0.100000        10015         1.11
       0.879     0.200000        20003         1.25
       1.087     0.300000        29981         1.43
       1.304     0.400000        39964         1.67
       1.525     0.500000        49970         2.00
       1.646     0.550000        54944         2.22
       1.779     0.600000        59937         2.50
       1.937     0.650000        64950         2.86
       2.119     0.700000        69947         3.33
       2.363     0.750000        74934         4.00
       2.521     0.775000        77438         4.44
       2.715     0.800000        79929         5.00
       2.955     0.825000        82413         5.71
       3.293     0.850000        84916         6.67
       3.751     0.875000        87402         8.00
       4.079     0.887500        88648         8.89
       4.507     0.900000        89897        10.00
       5.087     0.912500        91156        11.43
       5.935     0.925000        92395        13.33
       7.271     0.937500        93644        16.00
       8.171     0.943750        94268        17.78
       9.399     0.950000        94891        20.00
      11.151     0.956250        95516        22.86
      13.471     0.962500        96140        26.67
      16.863     0.968750        96764        32.00
      18.463     0.971875        97078        35.56
      20.527     0.975000        97389        40.00
      22.639     0.978125        97702        45.71
      24.911     0.981250        98015        53.33
      27.423     0.984375        98328        64.00
      28.671     0.985938        98482        71.11
      29.887     0.987500        98640        80.00
      31.039     0.989062        98794        91.43
      32.335     0.990625        98950       106.67
      33.695     0.992188        99109       128.00
      34.303     0.992969        99185       142.22
      34.815     0.993750        99261       160.00
      35.679     0.994531        99342       182.86
      36.415     0.995313        99417       213.33
      37.439     0.996094        99496       256.00
      37.983     0.996484        99534       284.44
      38.655     0.996875        99574       320.00
      39.583     0.997266        99613       365.71
      40.447     0.997656        99653       426.67
      41.759     0.998047        99690       512.00
      42.335     0.998242        99711       568.89
      42.975     0.998437        99729       640.00
      44.127     0.998633        99750       731.43
      45.247     0.998828        99768       853.33
      46.463     0.999023        99788      1024.00
      47.295     0.999121        99798      1137.78
      48.127     0.999219        99808      1280.00
      49.983     0.999316        99817      1462.86
      50.943     0.999414        99827      1706.67
      52.607     0.999512        99838      2048.00
      53.375     0.999561        99842      2275.56
      53.727     0.999609        99846      2560.00
      53.983     0.999658        99851      2925.71
      54.175     0.999707        99856      3413.33
      54.847     0.999756        99861      4096.00
      55.871     0.999780        99864      4551.11
      56.223     0.999805        99866      5120.00
      56.447     0.999829        99868      5851.43
      57.759     0.999854        99871      6826.67
      58.719     0.999878        99873      8192.00
      59.103     0.999890        99875      9102.22
      59.135     0.999902        99876     10240.00
      59.167     0.999915        99877     11702.86
      59.423     0.999927        99878     13653.33
      59.551     0.999939        99880     16384.00
      59.551     0.999945        99880     18204.44
      59.775     0.999951        99881     20480.00
      59.775     0.999957        99881     23405.71
      59.871     0.999963        99882     27306.67
      59.871     0.999969        99882     32768.00
      59.967     0.999973        99883     36408.89
      59.967     0.999976        99883     40960.00
      59.967     0.999979        99883     46811.43
      60.031     0.999982        99884     54613.33
      60.031     0.999985        99884     65536.00
      60.031     0.999986        99884     72817.78
      60.031     0.999988        99884     81920.00
      60.031     0.999989        99884     93622.86
      60.191     0.999991        99885    109226.67
      60.191     1.000000        99885          inf
#[Mean    =        2.857, StdDeviation   =        5.205]
#[Max     =       60.160, Total count    =        99885]
#[Buckets =           27, SubBuckets     =         2048]
----------------------------------------------------------
  99887 requests in 10.00s, 16.67MB read
Requests/sec:   9988.53
Transfer/sec:      1.67MB
