Running 10s test @ http://localhost
  2 threads and 10 connections
  Thread Stats   Avg      Stdev     Max   +/- Stdev
    Latency     2.46ms    4.17ms  63.14ms   94.51%
    Req/Sec       -nan      -nan   0.00      0.00%
  Latency Distribution (HdrHistogram - Recorded Latency)
 50.000%    1.49ms
 75.000%    2.32ms
 90.000%    4.22ms
 99.000%   19.97ms
 99.900%   50.11ms
 99.990%   62.56ms
 99.999%   63.01ms
100.000%   63.17ms

  Detailed Percentile spectrum:
       Value   Percentile   TotalCount 1/(1-Percentile)

       0.086     0.000000            1         1.00
       0.659     0.100000         9990         1.11
       0.877     0.200000        20007         1.25
       1.078     0.300000        30006         1.43
       1.281     0.400000        39983         1.67
       1.494     0.500000        49963         2.00
       1.610     0.550000        54952         2.22
       1.743     0.600000        59935         2.50
       1.899     0.650000        64959         2.86
       2.083     0.700000        69959         3.33
       2.321     0.750000        74925         4.00
       2.477     0.775000        77435         4.44
       2.665     0.800000        79926         5.00
       2.905     0.825000        82427         5.71
       3.225     0.850000        84906         6.67
       3.647     0.875000        87405         8.00
       3.899     0.887500        88655         8.89
       4.223     0.900000        89913        10.00
       4.651     0.912500        91156        11.43
       5.207     0.925000        92402        13.33
       5.979     0.937500        93645        16.00
       6.523     0.943750        94278        17.78
       7.135     0.950000        94899        20.00
       7.895     0.956250        95521        22.86
       8.863     0.962500        96144        26.67
      10.015     0.968750        96771        32.00
      10.679     0.971875        97080        35.56
      11.535     0.975000        97391        40.00
      12.415     0.978125        97703        45.71
      13.575     0.981250        98016        53.33
      15.127     0.984375        98328        64.00
      16.167     0.985938        98484        71.11
      17.199     0.987500        98640        80.00
      18.719     0.989062        98796        91.43
      21.135     0.990625        98952       106.67
      24.431     0.992188        99108       128.00
      26.815     0.992969        99186       142.22
      30.767     0.993750        99264       160.00
      33.311     0.994531        99343       182.86
      35.711     0.995313        99422       213.33
      37.951     0.996094        99498       256.00
      39.359     0.996484        99537       284.44
      40.575     0.996875        99576       320.00
      41.759     0.997266        99615       365.71
      44.063     0.997656        99656       426.67
      45.503     0.998047        99693       512.00
      46.271     0.998242        99713       568.89
      47.391     0.998437        99732       640.00
      48.863     0.998633        99752       731.43
      49.567     0.998828        99771       853.33
      50.175     0.999023        99791      1024.00
      50.719     0.999121        99801      1137.78
      52.767     0.999219        99810      1280.00
      55.263     0.999316        99820      1462.86
      56.767     0.999414        99830      1706.67
      57.823     0.999512        99840      2048.00
      58.367     0.999561        99845      2275.56
      59.199     0.999609        99849      2560.00
      60.255     0.999658        99854      2925.71
      60.799     0.999707        99859      3413.33
      61.343     0.999756        99864      4096.00
      61.503     0.999780        99867      4551.11
      61.599     0.999805        99869      5120.00
      61.791     0.999829        99871      5851.43
      62.239     0.999854        99875      6826.67
      62.335     0.999878        99876      8192.00
      62.559     0.999890        99878      9102.22
      62.591     0.999902        99880     10240.00
      62.591     0.999915        99880     11702.86
      62.687     0.999927        99881     13653.33
      62.719     0.999939        99882     16384.00
      62.751     0.999945        99883     18204.44
      62.783     0.999951        99885     20480.00
      62.783     0.999957        99885     23405.71
      62.783     0.999963        99885     27306.67
      62.783     0.999969        99885     32768.00
      62.975     0.999973        99886     36408.89
      62.975     0.999976        99886     40960.00
      62.975     0.999979        99886     46811.43
      63.007     0.999982        99887     54613.33
      63.007     0.999985        99887     65536.00
      63.007     0.999986        99887     72817.78
      63.007     0.999988        99887     81920.00
      63.007     0.999989        99887     93622.86
      63.167     0.999991        99888    109226.67
      63.167     1.000000        99888          inf
#[Mean    =        2.465, StdDeviation   =        4.173]
#[Max     =       63.136, Total count    =        99888]
#[Buckets =           27, SubBuckets     =         2048]
----------------------------------------------------------
  99890 requests in 10.00s, 16.67MB read
Requests/sec:   9988.84
Transfer/sec:      1.67MB
