Running 10s test @ http://localhost
  2 threads and 10 connections
  Thread Stats   Avg      Stdev     Max   +/- Stdev
    Latency     5.54ms   12.43ms 120.00ms   93.50%
    Req/Sec       -nan      -nan   0.00      0.00%
  Latency Distribution (HdrHistogram - Recorded Latency)
 50.000%    1.75ms
 75.000%    3.71ms
 90.000%   12.03ms
 99.000%   76.48ms
 99.900%  101.44ms
 99.990%  116.67ms
 99.999%  119.68ms
100.000%  120.06ms

  Detailed Percentile spectrum:
       Value   Percentile   TotalCount 1/(1-Percentile)

       0.147     0.000000            1         1.00
       0.727     0.100000         9997         1.11
       0.990     0.200000        20018         1.25
       1.231     0.300000        29983         1.43
       1.470     0.400000        39973         1.67
       1.755     0.500000        49954         2.00
       1.935     0.550000        54936         2.22
       2.167     0.600000        59927         2.50
       2.481     0.650000        64919         2.86
       2.943     0.700000        69923         3.33
       3.711     0.750000        74906         4.00
       4.283     0.775000        77406         4.44
       5.083     0.800000        79904         5.00
       6.211     0.825000        82396         5.71
       7.615     0.850000        84887         6.67
       9.383     0.875000        87399         8.00
      10.591     0.887500        88633         8.89
      12.031     0.900000        89881        10.00
      13.687     0.912500        91133        11.43
      15.839     0.925000        92380        13.33
      18.527     0.937500        93633        16.00
      20.191     0.943750        94253        17.78
      22.287     0.950000        94875        20.00
      24.815     0.956250        95500        22.86
      27.887     0.962500        96125        26.67
      33.279     0.968750        96748        32.00
      37.823     0.971875        97059        35.56
      46.015     0.975000        97373        40.00
      53.567     0.978125        97683        45.71
      60.671     0.981250        97998        53.33
      67.263     0.984375        98309        64.00
      70.079     0.985938        98464        71.11
      72.575     0.987500        98619        80.00
      75.007     0.989062        98777        91.43
      77.375     0.990625        98932       106.67
      80.447     0.992188        99088       128.00
      81.663     0.992969        99166       142.22
      83.583     0.993750        99244       160.00
      85.311     0.994531        99323       182.86
      86.847     0.995313        99400       213.33
      89.151     0.996094        99478       256.00
      90.303     0.996484        99519       284.44
      91.391     0.996875        99556       320.00
      92.863     0.997266        99594       365.71
      94.335     0.997656        99634       426.67
      95.999     0.998047        99672       512.00
      97.087     0.998242        99692       568.89
      98.111     0.998437        99714       640.00
      99.071     0.998633        99731       731.43
     100.287     0.998828        99751       853.33
     101.887     0.999023        99770      1024.00
     102.783     0.999121        99781      1137.78
     103.679     0.999219        99789      1280.00
     104.319     0.999316        99799      1462.86
     105.215     0.999414        99809      1706.67
     106.239     0.999512        99819      2048.00
     106.495     0.999561        99824      2275.56
     106.943     0.999609        99828      2560.00
     107.839     0.999658        99833      2925.71
     109.375     0.999707        99838      3413.33
     111.743     0.999756        99843      4096.00
     112.959     0.999780        99846      4551.11
     113.855     0.999805        99848      5120.00
     114.687     0.999829        99850      5851.43
     115.647     0.999854        99853      6826.67
     116.223     0.999878        99855      8192.00
     116.671     0.999890        99857      9102.22
     116.799     0.999902        99858     10240.00
     116.991     0.999915        99859     11702.86
     117.055     0.999927        99860     13653.33
     117.247     0.999939        99861     16384.00
     117.823     0.999945        99862     18204.44
     118.207     0.999951        99863     20480.00
     118.207     0.999957        99863     23405.71
     118.719     0.999963        99864     27306.67
     118.719     0.999969        99864     32768.00
     119.167     0.999973        99865     36408.89
     119.167     0.999976        99865     40960.00
     119.167     0.999979        99865     46811.43
     119.679     0.999982        99866     54613.33
     119.679     0.999985        99866     65536.00
     119.679     0.999986        99866     72817.78
     119.679     0.999988        99866     81920.00
     119.679     0.999989        99866     93622.86
     120.063     0.999991        99867    109226.67
     120.063     1.000000        99867          inf
#[Mean    =        5.538, StdDeviation   =       12.428]
#[Max     =      120.000, Total count    =        99867]
#[Buckets =           27, SubBuckets     =         2048]
----------------------------------------------------------
  99870 requests in 10.00s, 16.67MB read
Requests/sec:   9987.30
Transfer/sec:      1.67MB
