Running 10s test @ http://localhost
  2 threads and 10 connections
  Thread Stats   Avg      Stdev     Max   +/- Stdev
    Latency     2.06ms    2.22ms  40.16ms   92.10%
    Req/Sec       -nan      -nan   0.00      0.00%
  Latency Distribution (HdrHistogram - Recorded Latency)
 50.000%    1.46ms
 75.000%    2.19ms
 90.000%    3.68ms
 99.000%   12.45ms
 99.900%   19.10ms
 99.990%   36.54ms
 99.999%   39.81ms
100.000%   40.19ms

  Detailed Percentile spectrum:
       Value   Percentile   TotalCount 1/(1-Percentile)

       0.088     0.000000            1         1.00
       0.672     0.100000        10020         1.11
       0.887     0.200000        20010         1.25
       1.079     0.300000        29973         1.43
       1.268     0.400000        39981         1.67
       1.464     0.500000        49959         2.00
       1.574     0.550000        54962         2.22
       1.695     0.600000        59957         2.50
       1.831     0.650000        64945         2.86
       1.991     0.700000        69934         3.33
       2.193     0.750000        74923         4.00
       2.321     0.775000        77438         4.44
       2.463     0.800000        79915         5.00
       2.653     0.825000        82430         5.71
       2.895     0.850000        84910         6.67
       3.219     0.875000        87402         8.00
       3.427     0.887500        88658         8.89
       3.681     0.900000        89899        10.00
       4.007     0.912500        91156        11.43
       4.431     0.925000        92402        13.33
       5.019     0.937500        93650        16.00
       5.407     0.943750        94270        17.78
       5.851     0.950000        94898        20.00
       6.419     0.956250        95519        22.86
       7.123     0.962500        96144        26.67
       7.855     0.968750        96771        32.00
       8.263     0.971875        97079        35.56
       8.743     0.975000        97395        40.00
       9.271     0.978125        97703        45.71
       9.887     0.981250        98016        53.33
      10.615     0.984375        98328        64.00
      11.039     0.985938        98487        71.11
      11.479     0.987500        98643        80.00
      12.039     0.989062        98796        91.43
      12.687     0.990625        98952       106.67
      13.383     0.992188        99107       128.00
      13.751     0.992969        99185       142.22
      14.167     0.993750        99263       160.00
      14.655     0.994531        99341       182.86
      15.215     0.995313        99420       213.33
      15.831     0.996094        99497       256.00
      16.127     0.996484        99537       284.44
      16.415     0.996875        99580       320.00
      16.735     0.997266        99614       365.71
      17.151     0.997656        99653       426.67
      17.599     0.998047        99693       512.00
      17.791     0.998242        99713       568.89
      18.031     0.998437        99732       640.00
      18.319     0.998633        99751       731.43
      18.655     0.998828        99770       853.33
      19.311     0.999023        99790      1024.00
      19.647     0.999121        99800      1137.78
      20.207     0.999219        99809      1280.00
      20.607     0.999316        99819      1462.86
      21.119     0.999414        99829      1706.67
      22.479     0.999512        99839      2048.00
      23.391     0.999561        99844      2275.56
      24.255     0.999609        99848      2560.00
      26.079     0.999658        99853      2925.71
      28.431     0.999707        99858      3413.33
      30.815     0.999756        99863      4096.00
      31.759     0.999780        99866      4551.11
      32.207     0.999805        99868      5120.00
      33.023     0.999829        99870      5851.43
      34.495     0.999854        99873      6826.67
      35.807     0.999878        99875      8192.00
      36.543     0.999890        99877      9102.22
      36.927     0.999902        99878     10240.00
      37.023     0.999915        99879     11702.86
      37.311     0.999927        99880     13653.33
      37.887     0.999939        99881     16384.00
      38.431     0.999945        99882     18204.44
      38.719     0.999951        99883     20480.00
      38.719     0.999957        99883     23405.71
      38.943     0.999963        99884     27306.67
      38.943     0.999969        99884     32768.00
      39.359     0.999973        99885     36408.89
      39.359     0.999976        99885     40960.00
      39.359     0.999979        99885     46811.43
      39.807     0.999982        99886     54613.33
      39.807     0.999985        99886     65536.00
      39.807     0.999986        99886     72817.78
      39.807     0.999988        99886     81920.00
      39.807     0.999989        99886     93622.86
      40.191     0.999991        99887    109226.67
      40.191     1.000000        99887          inf
#[Mean    =        2.059, StdDeviation   =        2.216]
#[Max     =       40.160, Total count    =        99887]
#[Buckets =           27, SubBuckets     =         2048]
----------------------------------------------------------
  99889 requests in 10.00s, 16.67MB read
Requests/sec:   9989.31
Transfer/sec:      1.67MB
