Running 10s test @ http://localhost
  2 threads and 10 connections
  Thread Stats   Avg      Stdev     Max   +/- Stdev
    Latency     2.07ms    2.57ms  39.49ms   93.45%
    Req/Sec       -nan      -nan   0.00      0.00%
  Latency Distribution (HdrHistogram - Recorded Latency)
 50.000%    1.44ms
 75.000%    2.15ms
 90.000%    3.57ms
 99.000%   15.09ms
 99.900%   26.38ms
 99.990%   34.08ms
 99.999%   38.69ms
100.000%   39.52ms

  Detailed Percentile spectrum:
       Value   Percentile   TotalCount 1/(1-Percentile)

       0.074     0.000000            1         1.00
       0.642     0.100000        10024         1.11
       0.839     0.200000        20009         1.25
       1.027     0.300000        30025         1.43
       1.220     0.400000        39992         1.67
       1.436     0.500000        49977         2.00
       1.546     0.550000        54945         2.22
       1.667     0.600000        59935         2.50
       1.804     0.650000        64952         2.86
       1.961     0.700000        69942         3.33
       2.155     0.750000        74964         4.00
       2.277     0.775000        77421         4.44
       2.419     0.800000        79915         5.00
       2.595     0.825000        82417         5.71
       2.817     0.850000        84906         6.67
       3.121     0.875000        87416         8.00
       3.319     0.887500        88654         8.89
       3.565     0.900000        89903        10.00
       3.873     0.912500        91154        11.43
       4.255     0.925000        92402        13.33
       4.779     0.937500        93651        16.00
       5.099     0.943750        94271        17.78
       5.499     0.950000        94893        20.00
       6.035     0.956250        95520        22.86
       6.747     0.962500        96145        26.67
       7.647     0.968750        96767        32.00
       8.255     0.971875        97083        35.56
       8.975     0.975000        97392        40.00
       9.791     0.978125        97705        45.71
      10.767     0.981250        98016        53.33
      12.007     0.984375        98328        64.00
      12.727     0.985938        98485        71.11
      13.487     0.987500        98639        80.00
      14.527     0.989062        98797        91.43
      15.455     0.990625        98951       106.67
      16.895     0.992188        99111       128.00
      17.471     0.992969        99185       142.22
      18.159     0.993750        99264       160.00
      18.895     0.994531        99341       182.86
      19.855     0.995313        99419       213.33
      20.879     0.996094        99498       256.00
      21.343     0.996484        99536       284.44
      21.983     0.996875        99576       320.00
      22.479     0.997266        99614       365.71
      23.103     0.997656        99655       426.67
      23.775     0.998047        99692       512.00
      24.223     0.998242        99714       568.89
      24.623     0.998437        99731       640.00
      25.423     0.998633        99751       731.43
      25.839     0.998828        99771       853.33
      26.575     0.999023        99790      1024.00
      26.847     0.999121        99800      1137.78
      27.295     0.999219        99810      1280.00
      27.487     0.999316        99819      1462.86
      27.743     0.999414        99829      1706.67
      28.031     0.999512        99841      2048.00
      28.127     0.999561        99844      2275.56
      28.415     0.999609        99848      2560.00
      28.511     0.999658        99853      2925.71
      28.927     0.999707        99858      3413.33
      29.311     0.999756        99863      4096.00
      29.599     0.999780        99866      4551.11
      30.207     0.999805        99868      5120.00
      30.799     0.999829        99870      5851.43
      32.015     0.999854        99873      6826.67
      33.183     0.999878        99875      8192.00
      34.079     0.999890        99877      9102.22
      34.367     0.999902        99878     10240.00
      34.943     0.999915        99879     11702.86
      35.519     0.999927        99880     13653.33
      36.223     0.999939        99881     16384.00
      36.735     0.999945        99882     18204.44
      37.343     0.999951        99883     20480.00
      37.343     0.999957        99883     23405.71
      37.983     0.999963        99884     27306.67
      37.983     0.999969        99884     32768.00
      38.527     0.999973        99885     36408.89
      38.527     0.999976        99885     40960.00
      38.527     0.999979        99885     46811.43
      38.687     0.999982        99886     54613.33
      38.687     0.999985        99886     65536.00
      38.687     0.999986        99886     72817.78
      38.687     0.999988        99886     81920.00
      38.687     0.999989        99886     93622.86
      39.519     0.999991        99887    109226.67
      39.519     1.000000        99887          inf
#[Mean    =        2.067, StdDeviation   =        2.570]
#[Max     =       39.488, Total count    =        99887]
#[Buckets =           27, SubBuckets     =         2048]
----------------------------------------------------------
  99893 requests in 10.00s, 16.67MB read
Requests/sec:   9988.76
Transfer/sec:      1.67MB
