Running 10s test @ http://localhost
  2 threads and 10 connections
  Thread Stats   Avg      Stdev     Max   +/- Stdev
    Latency     2.18ms    2.97ms  53.31ms   93.76%
    Req/Sec       -nan      -nan   0.00      0.00%
  Latency Distribution (HdrHistogram - Recorded Latency)
 50.000%    1.47ms
 75.000%    2.25ms
 90.000%    3.83ms
 99.000%   14.94ms
 99.900%   39.78ms
 99.990%   51.13ms
 99.999%   52.83ms
100.000%   53.34ms

  Detailed Percentile spectrum:
       Value   Percentile   TotalCount 1/(1-Percentile)

       0.124     0.000000            1         1.00
       0.643     0.100000        10028         1.11
       0.839     0.200000        19982         1.25
       1.041     0.300000        29994         1.43
       1.249     0.400000        39976         1.67
       1.466     0.500000        49982         2.00
       1.578     0.550000        54944         2.22
       1.704     0.600000        59944         2.50
       1.850     0.650000        64927         2.86
       2.026     0.700000        69946         3.33
       2.253     0.750000        74934         4.00
       2.387     0.775000        77422         4.44
       2.551     0.800000        79922         5.00
       2.749     0.825000        82409         5.71
       3.013     0.850000        84924         6.67
       3.347     0.875000        87405         8.00
       3.561     0.887500        88660         8.89
       3.827     0.900000        89905        10.00
       4.151     0.912500        91162        11.43
       4.575     0.925000        92399        13.33
       5.147     0.937500        93649        16.00
       5.567     0.943750        94269        17.78
       6.047     0.950000        94893        20.00
       6.647     0.956250        95519        22.86
       7.407     0.962500        96142        26.67
       8.335     0.968750        96767        32.00
       8.823     0.971875        97082        35.56
       9.407     0.975000        97395        40.00
      10.103     0.978125        97703        45.71
      11.031     0.981250        98019        53.33
      12.111     0.984375        98327        64.00
      12.815     0.985938        98483        71.11
      13.447     0.987500        98639        80.00
      14.319     0.989062        98795        91.43
      15.495     0.990625        98951       106.67
      17.103     0.992188        99107       128.00
      18.079     0.992969        99186       142.22
      19.007     0.993750        99266       160.00
      20.031     0.994531        99342       182.86
      21.167     0.995313        99419       213.33
      22.511     0.996094        99498       256.00
      23.183     0.996484        99536       284.44
      23.983     0.996875        99576       320.00
      24.719     0.997266        99615       365.71
      25.551     0.997656        99654       426.67
      26.751     0.998047        99692       512.00
      27.471     0.998242        99712       568.89
      28.639     0.998437        99731       640.00
      31.071     0.998633        99751       731.43
      33.151     0.998828        99770       853.33
      41.407     0.999023        99790      1024.00
      43.391     0.999121        99800      1137.78
      45.055     0.999219        99809      1280.00
      46.015     0.999316        99819      1462.86
      46.847     0.999414        99829      1706.67
      48.031     0.999512        99839      2048.00
      49.023     0.999561        99844      2275.56
      49.279     0.999609        99848      2560.00
      49.535     0.999658        99853      2925.71
      49.759     0.999707        99859      3413.33
      50.079     0.999756        99864      4096.00
      50.175     0.999780        99866      4551.11
      50.431     0.999805        99868      5120.00
      50.559     0.999829        99870      5851.43
      50.815     0.999854        99873      6826.67
      50.975     0.999878        99875      8192.00
      51.135     0.999890        99878      9102.22
      51.135     0.999902        99878     10240.00
      51.295     0.999915        99879     11702.86
      51.423     0.999927        99881     13653.33
      51.423     0.999939        99881     16384.00
      51.583     0.999945        99882     18204.44
      51.679     0.999951        99883     20480.00
      51.679     0.999957        99883     23405.71
      51.743     0.999963        99884     27306.67
      51.743     0.999969        99884     32768.00
      52.287     0.999973        99885     36408.89
      52.287     0.999976        99885     40960.00
      52.287     0.999979        99885     46811.43
      52.831     0.999982        99886     54613.33
      52.831     0.999985        99886     65536.00
      52.831     0.999986        99886     72817.78
      52.831     0.999988        99886     81920.00
      52.831     0.999989        99886     93622.86
      53.343     0.999991        99887    109226.67
      53.343     1.000000        99887          inf
#[Mean    =        2.178, StdDeviation   =        2.972]
#[Max     =       53.312, Total count    =        99887]
#[Buckets =           27, SubBuckets     =         2048]
----------------------------------------------------------
  99890 requests in 10.00s, 16.67MB read
Requests/sec:   9989.49
Transfer/sec:      1.67MB
