Running 10s test @ http://localhost
  2 threads and 10 connections
  Thread Stats   Avg      Stdev     Max   +/- Stdev
    Latency     2.37ms    2.94ms  46.34ms   91.31%
    Req/Sec       -nan      -nan   0.00      0.00%
  Latency Distribution (HdrHistogram - Recorded Latency)
 50.000%    1.49ms
 75.000%    2.36ms
 90.000%    4.71ms
 99.000%   15.45ms
 99.900%   27.22ms
 99.990%   41.31ms
 99.999%   46.01ms
100.000%   46.37ms

  Detailed Percentile spectrum:
       Value   Percentile   TotalCount 1/(1-Percentile)

       0.094     0.000000            1         1.00
       0.654     0.100000        10020         1.11
       0.868     0.200000        19996         1.25
       1.069     0.300000        29971         1.43
       1.268     0.400000        39983         1.67
       1.485     0.500000        49953         2.00
       1.609     0.550000        54967         2.22
       1.746     0.600000        59976         2.50
       1.904     0.650000        64959         2.86
       2.099     0.700000        69938         3.33
       2.357     0.750000        74922         4.00
       2.527     0.775000        77423         4.44
       2.745     0.800000        79919         5.00
       3.025     0.825000        82422         5.71
       3.395     0.850000        84907         6.67
       3.915     0.875000        87409         8.00
       4.267     0.887500        88659         8.89
       4.707     0.900000        89902        10.00
       5.283     0.912500        91153        11.43
       6.079     0.925000        92402        13.33
       7.107     0.937500        93647        16.00
       7.699     0.943750        94274        17.78
       8.319     0.950000        94899        20.00
       8.975     0.956250        95520        22.86
       9.759     0.962500        96147        26.67
      10.559     0.968750        96771        32.00
      11.015     0.971875        97081        35.56
      11.511     0.975000        97395        40.00
      12.127     0.978125        97707        45.71
      12.783     0.981250        98022        53.33
      13.519     0.984375        98331        64.00
      13.959     0.985938        98486        71.11
      14.463     0.987500        98643        80.00
      15.031     0.989062        98799        91.43
      15.695     0.990625        98955       106.67
      16.327     0.992188        99112       128.00
      16.831     0.992969        99190       142.22
      17.279     0.993750        99266       160.00
      17.839     0.994531        99346       182.86
      18.383     0.995313        99424       213.33
      19.103     0.996094        99501       256.00
      19.503     0.996484        99539       284.44
      20.175     0.996875        99578       320.00
      21.135     0.997266        99618       365.71
      22.575     0.997656        99656       426.67
      23.727     0.998047        99695       512.00
      24.399     0.998242        99715       568.89
      24.991     0.998437        99734       640.00
      25.695     0.998633        99754       731.43
      26.447     0.998828        99773       853.33
      27.263     0.999023        99794      1024.00
      27.679     0.999121        99803      1137.78
      27.935     0.999219        99812      1280.00
      28.255     0.999316        99822      1462.86
      28.623     0.999414        99832      1706.67
      29.471     0.999512        99842      2048.00
      30.063     0.999561        99847      2275.56
      30.399     0.999609        99851      2560.00
      30.767     0.999658        99856      2925.71
      31.103     0.999707        99861      3413.33
      34.527     0.999756        99866      4096.00
      35.007     0.999780        99869      4551.11
      35.967     0.999805        99871      5120.00
      37.119     0.999829        99873      5851.43
      38.943     0.999854        99876      6826.67
      40.159     0.999878        99878      8192.00
      41.311     0.999890        99880      9102.22
      41.823     0.999902        99881     10240.00
      42.527     0.999915        99882     11702.86
      43.007     0.999927        99883     13653.33
      43.135     0.999939        99884     16384.00
      43.807     0.999945        99885     18204.44
      44.543     0.999951        99886     20480.00
      44.543     0.999957        99886     23405.71
      45.119     0.999963        99887     27306.67
      45.119     0.999969        99887     32768.00
      45.823     0.999973        99888     36408.89
      45.823     0.999976        99888     40960.00
      45.823     0.999979        99888     46811.43
      46.015     0.999982        99889     54613.33
      46.015     0.999985        99889     65536.00
      46.015     0.999986        99889     72817.78
      46.015     0.999988        99889     81920.00
      46.015     0.999989        99889     93622.86
      46.367     0.999991        99890    109226.67
      46.367     1.000000        99890          inf
#[Mean    =        2.372, StdDeviation   =        2.940]
#[Max     =       46.336, Total count    =        99890]
#[Buckets =           27, SubBuckets     =         2048]
----------------------------------------------------------
  99894 requests in 10.00s, 16.67MB read
Requests/sec:   9989.42
Transfer/sec:      1.67MB
