Running 10s test @ http://localhost
  2 threads and 10 connections
  Thread Stats   Avg      Stdev     Max   +/- Stdev
    Latency     5.31ms   13.73ms 124.35ms   94.18%
    Req/Sec       -nan      -nan   0.00      0.00%
  Latency Distribution (HdrHistogram - Recorded Latency)
 50.000%    1.64ms
 75.000%    2.86ms
 90.000%    8.85ms
 99.000%   86.59ms
 99.900%  115.07ms
 99.990%  121.98ms
 99.999%  124.10ms
100.000%  124.42ms

  Detailed Percentile spectrum:
       Value   Percentile   TotalCount 1/(1-Percentile)

       0.098     0.000000            1         1.00
       0.680     0.100000        10004         1.11
       0.923     0.200000        19983         1.25
       1.153     0.300000        29990         1.43
       1.386     0.400000        39996         1.67
       1.637     0.500000        49959         2.00
       1.784     0.550000        54941         2.22
       1.951     0.600000        59938         2.50
       2.165     0.650000        64922         2.86
       2.453     0.700000        69937         3.33
       2.861     0.750000        74930         4.00
       3.161     0.775000        77418         4.44
       3.589     0.800000        79913         5.00
       4.191     0.825000        82417         5.71
       5.075     0.850000        84904         6.67
       6.523     0.875000        87395         8.00
       7.575     0.887500        88644         8.89
       8.855     0.900000        89893        10.00
      10.463     0.912500        91142        11.43
      12.975     0.925000        92394        13.33
      16.991     0.937500        93639        16.00
      20.143     0.943750        94264        17.78
      23.679     0.950000        94886        20.00
      28.031     0.956250        95513        22.86
      33.791     0.962500        96135        26.67
      41.535     0.968750        96762        32.00
      45.439     0.971875        97072        35.56
      49.439     0.975000        97385        40.00
      53.567     0.978125        97697        45.71
      59.775     0.981250        98009        53.33
      69.567     0.984375        98320        64.00
      74.623     0.985938        98477        71.11
      78.783     0.987500        98632        80.00
      83.583     0.989062        98789        91.43
      88.319     0.990625        98945       106.67
      92.543     0.992188        99100       128.00
      94.719     0.992969        99179       142.22
      96.511     0.993750        99257       160.00
      98.367     0.994531        99335       182.86
     100.351     0.995313        99414       213.33
     102.655     0.996094        99491       256.00
     104.063     0.996484        99529       284.44
     105.471     0.996875        99568       320.00
     107.327     0.997266        99609       365.71
     108.863     0.997656        99647       426.67
     110.591     0.998047        99686       512.00
     111.551     0.998242        99705       568.89
     112.767     0.998437        99724       640.00
     113.599     0.998633        99747       731.43
     114.431     0.998828        99765       853.33
     115.199     0.999023        99783      1024.00
     115.583     0.999121        99794      1137.78
     115.967     0.999219        99802      1280.00
     116.543     0.999316        99814      1462.86
     117.119     0.999414        99823      1706.67
     117.631     0.999512        99832      2048.00
     117.887     0.999561        99837      2275.56
     118.335     0.999609        99841      2560.00
     118.783     0.999658        99849      2925.71
     118.911     0.999707        99851      3413.33
     120.063     0.999756        99856      4096.00
     120.511     0.999780        99861      4551.11
     120.511     0.999805        99861      5120.00
     120.639     0.999829        99863      5851.43
     121.023     0.999854        99866      6826.67
     121.663     0.999878        99868      8192.00
     121.983     0.999890        99870      9102.22
     122.239     0.999902        99871     10240.00
     122.559     0.999915        99872     11702.86
     122.879     0.999927        99873     13653.33
     123.071     0.999939        99874     16384.00
     123.391     0.999945        99875     18204.44
     123.839     0.999951        99876     20480.00
     123.839     0.999957        99876     23405.71
     123.903     0.999963        99878     27306.67
     123.903     0.999969        99878     32768.00
     123.903     0.999973        99878     36408.89
     123.903     0.999976        99878     40960.00
     123.903     0.999979        99878     46811.43
     124.095     0.999982        99879     54613.33
     124.095     0.999985        99879     65536.00
     124.095     0.999986        99879     72817.78
     124.095     0.999988        99879     81920.00
     124.095     0.999989        99879     93622.86
     124.415     0.999991        99880    109226.67
     124.415     1.000000        99880          inf
#[Mean    =        5.310, StdDeviation   =       13.734]
#[Max     =      124.352, Total count    =        99880]
#[Buckets =           27, SubBuckets     =         2048]
----------------------------------------------------------
  99882 requests in 10.00s, 16.67MB read
Requests/sec:   9986.99
Transfer/sec:      1.67MB
