Running 10s test @ http://localhost
  2 threads and 10 connections
  Thread Stats   Avg      Stdev     Max   +/- Stdev
    Latency     3.75ms    8.11ms  88.19ms   93.51%
    Req/Sec       -nan      -nan   0.00      0.00%
  Latency Distribution (HdrHistogram - Recorded Latency)
 50.000%    1.54ms
 75.000%    2.61ms
 90.000%    7.15ms
 99.000%   46.05ms
 99.900%   78.40ms
 99.990%   86.27ms
 99.999%   87.81ms
100.000%   88.25ms

  Detailed Percentile spectrum:
       Value   Percentile   TotalCount 1/(1-Percentile)

       0.116     0.000000            1         1.00
       0.666     0.100000         9988         1.11
       0.888     0.200000        20010         1.25
       1.091     0.300000        29981         1.43
       1.304     0.400000        39987         1.67
       1.539     0.500000        49976         2.00
       1.670     0.550000        54933         2.22
       1.826     0.600000        59937         2.50
       2.012     0.650000        64939         2.86
       2.253     0.700000        69921         3.33
       2.609     0.750000        74912         4.00
       2.855     0.775000        77416         4.44
       3.173     0.800000        79907         5.00
       3.601     0.825000        82399         5.71
       4.247     0.850000        84898         6.67
       5.315     0.875000        87394         8.00
       6.103     0.887500        88645         8.89
       7.151     0.900000        89895        10.00
       8.511     0.912500        91144        11.43
      10.135     0.925000        92392        13.33
      12.303     0.937500        93638        16.00
      13.623     0.943750        94259        17.78
      14.975     0.950000        94884        20.00
      16.687     0.956250        95508        22.86
      19.375     0.962500        96135        26.67
      22.623     0.968750        96757        32.00
      24.447     0.971875        97069        35.56
      26.687     0.975000        97381        40.00
      29.727     0.978125        97693        45.71
      32.895     0.981250        98005        53.33
      36.671     0.984375        98318        64.00
      38.271     0.985938        98475        71.11
      39.871     0.987500        98629        80.00
      42.783     0.989062        98785        91.43
      48.319     0.990625        98941       106.67
      53.599     0.992188        99097       128.00
      56.063     0.992969        99175       142.22
      58.399     0.993750        99254       160.00
      61.407     0.994531        99332       182.86
      63.519     0.995313        99409       213.33
      66.879     0.996094        99487       256.00
      68.159     0.996484        99528       284.44
      69.695     0.996875        99565       320.00
      70.975     0.997266        99605       365.71
      72.063     0.997656        99643       426.67
      74.943     0.998047        99682       512.00
      76.095     0.998242        99702       568.89
      76.735     0.998437        99722       640.00
      77.183     0.998633        99743       731.43
      77.503     0.998828        99761       853.33
      78.463     0.999023        99780      1024.00
      78.719     0.999121        99790      1137.78
      79.039     0.999219        99802      1280.00
      79.615     0.999316        99811      1462.86
      80.511     0.999414        99819      1706.67
      81.599     0.999512        99829      2048.00
      82.431     0.999561        99834      2275.56
      82.751     0.999609        99838      2560.00
      83.071     0.999658        99843      2925.71
      83.583     0.999707        99850      3413.33
      83.775     0.999756        99853      4096.00
      84.351     0.999780        99856      4551.11
      84.671     0.999805        99858      5120.00
      84.863     0.999829        99860      5851.43
      85.503     0.999854        99863      6826.67
      85.951     0.999878        99865      8192.00
      86.271     0.999890        99867      9102.22
      86.463     0.999902        99869     10240.00
      86.463     0.999915        99869     11702.86
      86.655     0.999927        99870     13653.33
      86.783     0.999939        99871     16384.00
      87.039     0.999945        99872     18204.44
      87.103     0.999951        99873     20480.00
      87.103     0.999957        99873     23405.71
      87.295     0.999963        99875     27306.67
      87.295     0.999969        99875     32768.00
      87.295     0.999973        99875     36408.89
      87.295     0.999976        99875     40960.00
      87.295     0.999979        99875     46811.43
      87.807     0.999982        99876     54613.33
      87.807     0.999985        99876     65536.00
      87.807     0.999986        99876     72817.78
      87.807     0.999988        99876     81920.00
      87.807     0.999989        99876     93622.86
      88.255     0.999991        99877    109226.67
      88.255     1.000000        99877          inf
#[Mean    =        3.752, StdDeviation   =        8.109]
#[Max     =       88.192, Total count    =        99877]
#[Buckets =           27, SubBuckets     =         2048]
----------------------------------------------------------
  99879 requests in 10.00s, 16.67MB read
Requests/sec:   9987.93
Transfer/sec:      1.67MB
