Running 10s test @ http://localhost
  2 threads and 10 connections
  Thread Stats   Avg      Stdev     Max   +/- Stdev
    Latency     3.73ms    7.22ms  68.99ms   92.98%
    Req/Sec       -nan      -nan   0.00      0.00%
  Latency Distribution (HdrHistogram - Recorded Latency)
 50.000%    1.58ms
 75.000%    2.71ms
 90.000%    7.79ms
 99.000%   42.40ms
 99.900%   60.51ms
 99.990%   66.56ms
 99.999%   69.06ms
100.000%   69.06ms

  Detailed Percentile spectrum:
       Value   Percentile   TotalCount 1/(1-Percentile)

       0.101     0.000000            1         1.00
       0.693     0.100000        10000         1.11
       0.917     0.200000        20018         1.25
       1.128     0.300000        29973         1.43
       1.347     0.400000        39975         1.67
       1.577     0.500000        49965         2.00
       1.715     0.550000        54953         2.22
       1.877     0.600000        59944         2.50
       2.081     0.650000        64965         2.86
       2.347     0.700000        69958         3.33
       2.715     0.750000        74928         4.00
       3.005     0.775000        77418         4.44
       3.381     0.800000        79912         5.00
       3.903     0.825000        82410         5.71
       4.699     0.850000        84907         6.67
       5.939     0.875000        87405         8.00
       6.775     0.887500        88655         8.89
       7.791     0.900000        89901        10.00
       8.919     0.912500        91151        11.43
      10.311     0.925000        92400        13.33
      12.239     0.937500        93650        16.00
      13.415     0.943750        94275        17.78
      14.775     0.950000        94896        20.00
      16.463     0.956250        95524        22.86
      19.135     0.962500        96145        26.67
      22.799     0.968750        96770        32.00
      25.183     0.971875        97081        35.56
      27.807     0.975000        97393        40.00
      30.975     0.978125        97705        45.71
      34.015     0.981250        98018        53.33
      36.607     0.984375        98332        64.00
      37.887     0.985938        98486        71.11
      39.391     0.987500        98643        80.00
      41.215     0.989062        98798        91.43
      43.167     0.990625        98954       106.67
      45.407     0.992188        99110       128.00
      46.495     0.992969        99190       142.22
      47.615     0.993750        99266       160.00
      49.375     0.994531        99348       182.86
      50.623     0.995313        99422       213.33
      52.447     0.996094        99500       256.00
      53.183     0.996484        99539       284.44
      54.079     0.996875        99578       320.00
      55.295     0.997266        99618       365.71
      56.127     0.997656        99656       426.67
      57.215     0.998047        99695       512.00
      58.111     0.998242        99715       568.89
      58.943     0.998437        99734       640.00
      59.647     0.998633        99754       731.43
      60.031     0.998828        99773       853.33
      60.639     0.999023        99793      1024.00
      61.343     0.999121        99804      1137.78
      61.919     0.999219        99812      1280.00
      62.719     0.999316        99822      1462.86
      63.231     0.999414        99832      1706.67
      63.647     0.999512        99843      2048.00
      64.031     0.999561        99849      2275.56
      64.063     0.999609        99851      2560.00
      64.543     0.999658        99857      2925.71
      64.607     0.999707        99861      3413.33
      64.895     0.999756        99866      4096.00
      65.055     0.999780        99869      4551.11
      65.215     0.999805        99871      5120.00
      65.407     0.999829        99873      5851.43
      65.727     0.999854        99876      6826.67
      66.303     0.999878        99878      8192.00
      66.559     0.999890        99880      9102.22
      66.751     0.999902        99881     10240.00
      67.071     0.999915        99882     11702.86
      67.327     0.999927        99883     13653.33
      67.391     0.999939        99884     16384.00
      67.583     0.999945        99885     18204.44
      67.711     0.999951        99886     20480.00
      67.711     0.999957        99886     23405.71
      68.031     0.999963        99887     27306.67
      68.031     0.999969        99887     32768.00
      68.735     0.999973        99888     36408.89
      68.735     0.999976        99888     40960.00
      68.735     0.999979        99888     46811.43
      69.055     0.999982        99890     54613.33
      69.055     1.000000        99890          inf
#[Mean    =        3.729, StdDeviation   =        7.223]
#[Max     =       68.992, Total count    =        99890]
#[Buckets =           27, SubBuckets     =         2048]
----------------------------------------------------------
  99892 requests in 10.00s, 16.67MB read
Requests/sec:   9989.56
Transfer/sec:      1.67MB
