Running 10s test @ http://localhost
  2 threads and 10 connections
  Thread Stats   Avg      Stdev     Max   +/- Stdev
    Latency     2.58ms    4.46ms  47.23ms   93.32%
    Req/Sec       -nan      -nan   0.00      0.00%
  Latency Distribution (HdrHistogram - Recorded Latency)
 50.000%    1.39ms
 75.000%    2.12ms
 90.000%    4.19ms
 99.000%   24.43ms
 99.900%   44.00ms
 99.990%   46.24ms
 99.999%   47.20ms
100.000%   47.26ms

  Detailed Percentile spectrum:
       Value   Percentile   TotalCount 1/(1-Percentile)

       0.117     0.000000            1         1.00
       0.626     0.100000         9995         1.11
       0.820     0.200000        20008         1.25
       1.002     0.300000        30020         1.43
       1.187     0.400000        39981         1.67
       1.389     0.500000        49981         2.00
       1.499     0.550000        54982         2.22
       1.618     0.600000        59962         2.50
       1.756     0.650000        64946         2.86
       1.916     0.700000        69943         3.33
       2.117     0.750000        74929         4.00
       2.249     0.775000        77432         4.44
       2.417     0.800000        79932         5.00
       2.637     0.825000        82425         5.71
       2.927     0.850000        84910         6.67
       3.397     0.875000        87411         8.00
       3.745     0.887500        88659         8.89
       4.191     0.900000        89906        10.00
       4.855     0.912500        91153        11.43
       5.975     0.925000        92402        13.33
       7.635     0.937500        93650        16.00
       8.711     0.943750        94277        17.78
      10.111     0.950000        94899        20.00
      11.671     0.956250        95525        22.86
      13.383     0.962500        96147        26.67
      14.999     0.968750        96771        32.00
      16.167     0.971875        97083        35.56
      17.503     0.975000        97395        40.00
      18.671     0.978125        97707        45.71
      19.967     0.981250        98021        53.33
      21.167     0.984375        98332        64.00
      21.839     0.985938        98488        71.11
      22.639     0.987500        98646        80.00
      23.647     0.989062        98800        91.43
      25.151     0.990625        98958       106.67
      26.559     0.992188        99116       128.00
      27.167     0.992969        99191       142.22
      27.887     0.993750        99269       160.00
      28.623     0.994531        99347       182.86
      29.743     0.995313        99424       213.33
      31.407     0.996094        99503       256.00
      32.991     0.996484        99542       284.44
      35.231     0.996875        99580       320.00
      37.151     0.997266        99619       365.71
      39.999     0.997656        99658       426.67
      41.791     0.998047        99697       512.00
      42.239     0.998242        99717       568.89
      42.751     0.998437        99737       640.00
      43.263     0.998633        99756       731.43
      43.519     0.998828        99775       853.33
      44.063     0.999023        99795      1024.00
      44.319     0.999121        99805      1137.78
      44.479     0.999219        99815      1280.00
      44.735     0.999316        99826      1462.86
      44.959     0.999414        99834      1706.67
      45.151     0.999512        99844      2048.00
      45.311     0.999561        99849      2275.56
      45.503     0.999609        99854      2560.00
      45.695     0.999658        99859      2925.71
      45.823     0.999707        99864      3413.33
      45.887     0.999756        99870      4096.00
      45.919     0.999780        99871      4551.11
      45.983     0.999805        99874      5120.00
      46.047     0.999829        99875      5851.43
      46.111     0.999854        99880      6826.67
      46.111     0.999878        99880      8192.00
      46.239     0.999890        99882      9102.22
      46.303     0.999902        99883     10240.00
      46.335     0.999915        99884     11702.86
      46.399     0.999927        99885     13653.33
      46.559     0.999939        99886     16384.00
      46.591     0.999945        99887     18204.44
      46.655     0.999951        99888     20480.00
      46.655     0.999957        99888     23405.71
      46.943     0.999963        99889     27306.67
      46.943     0.999969        99889     32768.00
      47.039     0.999973        99890     36408.89
      47.039     0.999976        99890     40960.00
      47.039     0.999979        99890     46811.43
      47.199     0.999982        99891     54613.33
      47.199     0.999985        99891     65536.00
      47.199     0.999986        99891     72817.78
      47.199     0.999988        99891     81920.00
      47.199     0.999989        99891     93622.86
      47.263     0.999991        99892    109226.67
      47.263     1.000000        99892          inf
#[Mean    =        2.581, StdDeviation   =        4.462]
#[Max     =       47.232, Total count    =        99892]
#[Buckets =           27, SubBuckets     =         2048]
----------------------------------------------------------
  99894 requests in 10.00s, 16.67MB read
Requests/sec:   9988.48
Transfer/sec:      1.67MB
