Running 10s test @ http://localhost
  2 threads and 10 connections
  Thread Stats   Avg      Stdev     Max   +/- Stdev
    Latency     2.71ms    4.36ms  63.78ms   93.14%
    Req/Sec       -nan      -nan   0.00      0.00%
  Latency Distribution (HdrHistogram - Recorded Latency)
 50.000%    1.50ms
 75.000%    2.38ms
 90.000%    4.91ms
 99.000%   25.20ms
 99.900%   41.15ms
 99.990%   60.77ms
 99.999%   63.71ms
100.000%   63.81ms

  Detailed Percentile spectrum:
       Value   Percentile   TotalCount 1/(1-Percentile)

       0.118     0.000000            1         1.00
       0.648     0.100000         9997         1.11
       0.865     0.200000        19977         1.25
       1.074     0.300000        29979         1.43
       1.279     0.400000        39977         1.67
       1.496     0.500000        49969         2.00
       1.618     0.550000        54969         2.22
       1.757     0.600000        59956         2.50
       1.920     0.650000        64932         2.86
       2.119     0.700000        69933         3.33
       2.377     0.750000        74947         4.00
       2.543     0.775000        77423         4.44
       2.755     0.800000        79925         5.00
       3.037     0.825000        82406         5.71
       3.431     0.850000        84904         6.67
       4.001     0.875000        87396         8.00
       4.403     0.887500        88651         8.89
       4.907     0.900000        89900        10.00
       5.571     0.912500        91149        11.43
       6.447     0.925000        92392        13.33
       7.783     0.937500        93642        16.00
       8.679     0.943750        94267        17.78
       9.903     0.950000        94888        20.00
      11.199     0.956250        95516        22.86
      12.559     0.962500        96135        26.67
      14.207     0.968750        96759        32.00
      15.367     0.971875        97074        35.56
      16.479     0.975000        97383        40.00
      17.871     0.978125        97699        45.71
      19.215     0.981250        98008        53.33
      20.831     0.984375        98321        64.00
      22.239     0.985938        98477        71.11
      23.407     0.987500        98634        80.00
      24.639     0.989062        98788        91.43
      25.599     0.990625        98944       106.67
      26.623     0.992188        99100       128.00
      27.199     0.992969        99180       142.22
      27.823     0.993750        99257       160.00
      28.607     0.994531        99336       182.86
      29.487     0.995313        99413       213.33
      30.703     0.996094        99492       256.00
      31.311     0.996484        99529       284.44
      31.935     0.996875        99568       320.00
      32.575     0.997266        99607       365.71
      33.375     0.997656        99648       426.67
      34.207     0.998047        99685       512.00
      34.815     0.998242        99705       568.89
      35.231     0.998437        99724       640.00
      36.159     0.998633        99744       731.43
      37.727     0.998828        99763       853.33
      41.855     0.999023        99783      1024.00
      44.127     0.999121        99793      1137.78
      45.535     0.999219        99802      1280.00
      46.207     0.999316        99812      1462.86
      47.615     0.999414        99823      1706.67
      48.223     0.999512        99833      2048.00
      48.735     0.999561        99837      2275.56
      49.919     0.999609        99841      2560.00
      52.607     0.999658        99846      2925.71
      55.455     0.999707        99851      3413.33
      57.343     0.999756        99856      4096.00
      58.111     0.999780        99859      4551.11
      58.751     0.999805        99861      5120.00
      59.167     0.999829        99863      5851.43
      59.679     0.999854        99866      6826.67
      59.999     0.999878        99868      8192.00
      60.767     0.999890        99870      9102.22
      60.799     0.999902        99871     10240.00
      61.439     0.999915        99872     11702.86
      61.983     0.999927        99873     13653.33
      62.783     0.999939        99874     16384.00
      62.975     0.999945        99875     18204.44
      63.231     0.999951        99876     20480.00
      63.231     0.999957        99876     23405.71
      63.359     0.999963        99878     27306.67
      63.359     0.999969        99878     32768.00
      63.359     0.999973        99878     36408.89
      63.359     0.999976        99878     40960.00
      63.359     0.999979        99878     46811.43
      63.711     0.999982        99879     54613.33
      63.711     0.999985        99879     65536.00
      63.711     0.999986        99879     72817.78
      63.711     0.999988        99879     81920.00
      63.711     0.999989        99879     93622.86
      63.807     0.999991        99880    109226.67
      63.807     1.000000        99880          inf
#[Mean    =        2.707, StdDeviation   =        4.363]
#[Max     =       63.776, Total count    =        99880]
#[Buckets =           27, SubBuckets     =         2048]
----------------------------------------------------------
  99884 requests in 10.00s, 16.67MB read
Requests/sec:   9988.47
Transfer/sec:      1.67MB
