Running 10s test @ http://localhost
  2 threads and 10 connections
  Thread Stats   Avg      Stdev     Max   +/- Stdev
    Latency     2.19ms    2.99ms  38.75ms   94.23%
    Req/Sec       -nan      -nan   0.00      0.00%
  Latency Distribution (HdrHistogram - Recorded Latency)
 50.000%    1.48ms
 75.000%    2.19ms
 90.000%    3.58ms
 99.000%   17.87ms
 99.900%   30.70ms
 99.990%   34.85ms
 99.999%   38.27ms
100.000%   38.78ms

  Detailed Percentile spectrum:
       Value   Percentile   TotalCount 1/(1-Percentile)

       0.101     0.000000            1         1.00
       0.659     0.100000        10008         1.11
       0.873     0.200000        19982         1.25
       1.077     0.300000        30003         1.43
       1.276     0.400000        39974         1.67
       1.476     0.500000        49983         2.00
       1.584     0.550000        54942         2.22
       1.704     0.600000        59950         2.50
       1.839     0.650000        64940         2.86
       1.996     0.700000        69928         3.33
       2.187     0.750000        74960         4.00
       2.307     0.775000        77444         4.44
       2.445     0.800000        79936         5.00
       2.613     0.825000        82419         5.71
       2.821     0.850000        84911         6.67
       3.121     0.875000        87404         8.00
       3.329     0.887500        88652         8.89
       3.575     0.900000        89898        10.00
       3.889     0.912500        91148        11.43
       4.295     0.925000        92406        13.33
       4.871     0.937500        93648        16.00
       5.275     0.943750        94270        17.78
       5.791     0.950000        94892        20.00
       6.439     0.956250        95517        22.86
       7.387     0.962500        96141        26.67
       8.623     0.968750        96768        32.00
       9.367     0.971875        97077        35.56
      10.415     0.975000        97390        40.00
      11.415     0.978125        97702        45.71
      12.503     0.981250        98016        53.33
      13.871     0.984375        98328        64.00
      14.775     0.985938        98484        71.11
      15.807     0.987500        98638        80.00
      17.119     0.989062        98795        91.43
      18.479     0.990625        98950       106.67
      19.711     0.992188        99107       128.00
      20.431     0.992969        99184       142.22
      21.615     0.993750        99262       160.00
      22.799     0.994531        99340       182.86
      24.079     0.995313        99420       213.33
      25.183     0.996094        99496       256.00
      25.711     0.996484        99535       284.44
      26.447     0.996875        99574       320.00
      27.151     0.997266        99615       365.71
      27.871     0.997656        99653       426.67
      28.495     0.998047        99691       512.00
      28.879     0.998242        99714       568.89
      29.167     0.998437        99730       640.00
      29.663     0.998633        99750       731.43
      30.319     0.998828        99769       853.33
      30.815     0.999023        99789      1024.00
      31.055     0.999121        99800      1137.78
      31.519     0.999219        99808      1280.00
      31.983     0.999316        99818      1462.86
      32.383     0.999414        99828      1706.67
      32.575     0.999512        99838      2048.00
      32.719     0.999561        99843      2275.56
      32.831     0.999609        99847      2560.00
      33.023     0.999658        99852      2925.71
      33.215     0.999707        99857      3413.33
      33.407     0.999756        99862      4096.00
      33.567     0.999780        99865      4551.11
      33.759     0.999805        99867      5120.00
      33.983     0.999829        99869      5851.43
      34.335     0.999854        99872      6826.67
      34.623     0.999878        99875      8192.00
      34.847     0.999890        99876      9102.22
      35.135     0.999902        99877     10240.00
      35.359     0.999915        99878     11702.86
      35.871     0.999927        99879     13653.33
      35.999     0.999939        99880     16384.00
      36.607     0.999945        99881     18204.44
      37.055     0.999951        99882     20480.00
      37.055     0.999957        99882     23405.71
      37.567     0.999963        99883     27306.67
      37.567     0.999969        99883     32768.00
      38.079     0.999973        99884     36408.89
      38.079     0.999976        99884     40960.00
      38.079     0.999979        99884     46811.43
      38.271     0.999982        99885     54613.33
      38.271     0.999985        99885     65536.00
      38.271     0.999986        99885     72817.78
      38.271     0.999988        99885     81920.00
      38.271     0.999989        99885     93622.86
      38.783     0.999991        99886    109226.67
      38.783     1.000000        99886          inf
#[Mean    =        2.185, StdDeviation   =        2.989]
#[Max     =       38.752, Total count    =        99886]
#[Buckets =           27, SubBuckets     =         2048]
----------------------------------------------------------
  99888 requests in 10.00s, 16.67MB read
Requests/sec:   9989.28
Transfer/sec:      1.67MB
