Running 10s test @ http://localhost
  2 threads and 10 connections
  Thread Stats   Avg      Stdev     Max   +/- Stdev
    Latency     2.13ms    2.62ms  42.66ms   93.48%
    Req/Sec       -nan      -nan   0.00      0.00%
  Latency Distribution (HdrHistogram - Recorded Latency)
 50.000%    1.49ms
 75.000%    2.22ms
 90.000%    3.68ms
 99.000%   13.93ms
 99.900%   31.01ms
 99.990%   40.80ms
 99.999%   42.53ms
100.000%   42.69ms

  Detailed Percentile spectrum:
       Value   Percentile   TotalCount 1/(1-Percentile)

       0.086     0.000000            1         1.00
       0.670     0.100000        10005         1.11
       0.892     0.200000        19976         1.25
       1.096     0.300000        30012         1.43
       1.290     0.400000        39958         1.67
       1.491     0.500000        49977         2.00
       1.601     0.550000        54963         2.22
       1.722     0.600000        59947         2.50
       1.860     0.650000        64933         2.86
       2.021     0.700000        69932         3.33
       2.225     0.750000        74936         4.00
       2.347     0.775000        77399         4.44
       2.501     0.800000        79903         5.00
       2.689     0.825000        82411         5.71
       2.913     0.850000        84907         6.67
       3.233     0.875000        87394         8.00
       3.435     0.887500        88647         8.89
       3.679     0.900000        89883        10.00
       3.963     0.912500        91131        11.43
       4.351     0.925000        92382        13.33
       4.895     0.937500        93628        16.00
       5.271     0.943750        94257        17.78
       5.723     0.950000        94876        20.00
       6.327     0.956250        95502        22.86
       7.015     0.962500        96125        26.67
       7.943     0.968750        96749        32.00
       8.495     0.971875        97067        35.56
       9.143     0.975000        97373        40.00
       9.975     0.978125        97685        45.71
      10.767     0.981250        97999        53.33
      11.607     0.984375        98310        64.00
      12.103     0.985938        98466        71.11
      12.727     0.987500        98622        80.00
      13.415     0.989062        98777        91.43
      14.335     0.990625        98935       106.67
      15.335     0.992188        99092       128.00
      15.999     0.992969        99169       142.22
      16.879     0.993750        99246       160.00
      17.855     0.994531        99323       182.86
      18.879     0.995313        99401       213.33
      19.887     0.996094        99481       256.00
      20.415     0.996484        99518       284.44
      21.231     0.996875        99557       320.00
      22.399     0.997266        99596       365.71
      23.439     0.997656        99635       426.67
      24.431     0.998047        99674       512.00
      25.375     0.998242        99694       568.89
      26.479     0.998437        99713       640.00
      28.351     0.998633        99733       731.43
      29.487     0.998828        99752       853.33
      31.471     0.999023        99772      1024.00
      32.431     0.999121        99782      1137.78
      33.503     0.999219        99791      1280.00
      34.207     0.999316        99801      1462.86
      34.975     0.999414        99811      1706.67
      36.095     0.999512        99821      2048.00
      36.415     0.999561        99826      2275.56
      37.023     0.999609        99830      2560.00
      37.791     0.999658        99835      2925.71
      38.367     0.999707        99840      3413.33
      39.231     0.999756        99845      4096.00
      39.743     0.999780        99848      4551.11
      39.871     0.999805        99850      5120.00
      39.999     0.999829        99852      5851.43
      40.191     0.999854        99855      6826.67
      40.511     0.999878        99857      8192.00
      40.799     0.999890        99859      9102.22
      41.055     0.999902        99860     10240.00
      41.119     0.999915        99862     11702.86
      41.119     0.999927        99862     13653.33
      41.311     0.999939        99863     16384.00
      41.503     0.999945        99864     18204.44
      41.663     0.999951        99865     20480.00
      41.663     0.999957        99865     23405.71
      41.919     0.999963        99866     27306.67
      41.919     0.999969        99866     32768.00
      42.079     0.999973        99867     36408.89
      42.079     0.999976        99867     40960.00
      42.079     0.999979        99867     46811.43
      42.527     0.999982        99868     54613.33
      42.527     0.999985        99868     65536.00
      42.527     0.999986        99868     72817.78
      42.527     0.999988        99868     81920.00
      42.527     0.999989        99868     93622.86
      42.687     0.999991        99869    109226.67
      42.687     1.000000        99869          inf
#[Mean    =        2.131, StdDeviation   =        2.621]
#[Max     =       42.656, Total count    =        99869]
#[Buckets =           27, SubBuckets     =         2048]
----------------------------------------------------------
  99871 requests in 10.00s, 16.67MB read
Requests/sec:   9987.39
Transfer/sec:      1.67MB
