Running 10s test @ http://localhost
  2 threads and 10 connections
  Thread Stats   Avg      Stdev     Max   +/- Stdev
    Latency     2.23ms    3.39ms  45.98ms   93.45%
    Req/Sec       -nan      -nan   0.00      0.00%
  Latency Distribution (HdrHistogram - Recorded Latency)
 50.000%    1.39ms
 75.000%    2.02ms
 90.000%    3.54ms
 99.000%   19.12ms
 99.900%   34.33ms
 99.990%   42.49ms
 99.999%   45.98ms
100.000%   46.01ms

  Detailed Percentile spectrum:
       Value   Percentile   TotalCount 1/(1-Percentile)

       0.107     0.000000            1         1.00
       0.655     0.100000         9990         1.11
       0.851     0.200000        20021         1.25
       1.027     0.300000        29995         1.43
       1.206     0.400000        39969         1.67
       1.388     0.500000        49966         2.00
       1.485     0.550000        54951         2.22
       1.590     0.600000        59959         2.50
       1.713     0.650000        64952         2.86
       1.853     0.700000        69928         3.33
       2.018     0.750000        74923         4.00
       2.123     0.775000        77430         4.44
       2.241     0.800000        79918         5.00
       2.389     0.825000        82431         5.71
       2.595     0.850000        84912         6.67
       2.915     0.875000        87405         8.00
       3.171     0.887500        88650         8.89
       3.535     0.900000        89896        10.00
       4.075     0.912500        91149        11.43
       4.827     0.925000        92390        13.33
       5.923     0.937500        93639        16.00
       6.563     0.943750        94264        17.78
       7.267     0.950000        94889        20.00
       8.083     0.956250        95513        22.86
       8.999     0.962500        96142        26.67
      10.311     0.968750        96760        32.00
      11.279     0.971875        97073        35.56
      12.335     0.975000        97384        40.00
      13.463     0.978125        97698        45.71
      15.167     0.981250        98009        53.33
      16.559     0.984375        98321        64.00
      17.151     0.985938        98479        71.11
      17.887     0.987500        98634        80.00
      18.639     0.989062        98790        91.43
      19.519     0.990625        98945       106.67
      20.847     0.992188        99101       128.00
      21.487     0.992969        99180       142.22
      22.495     0.993750        99258       160.00
      23.663     0.994531        99337       182.86
      25.119     0.995313        99413       213.33
      26.431     0.996094        99491       256.00
      27.103     0.996484        99531       284.44
      27.887     0.996875        99569       320.00
      29.135     0.997266        99608       365.71
      30.431     0.997656        99647       426.67
      31.615     0.998047        99686       512.00
      32.239     0.998242        99706       568.89
      32.735     0.998437        99725       640.00
      33.247     0.998633        99745       731.43
      33.535     0.998828        99764       853.33
      34.495     0.999023        99784      1024.00
      35.327     0.999121        99795      1137.78
      35.839     0.999219        99803      1280.00
      36.351     0.999316        99813      1462.86
      37.183     0.999414        99823      1706.67
      37.855     0.999512        99833      2048.00
      38.239     0.999561        99838      2275.56
      38.303     0.999609        99842      2560.00
      38.815     0.999658        99847      2925.71
      39.263     0.999707        99852      3413.33
      39.807     0.999756        99857      4096.00
      40.127     0.999780        99860      4551.11
      40.415     0.999805        99862      5120.00
      40.607     0.999829        99864      5851.43
      40.831     0.999854        99867      6826.67
      41.663     0.999878        99869      8192.00
      42.495     0.999890        99872      9102.22
      42.495     0.999902        99872     10240.00
      43.039     0.999915        99874     11702.86
      43.039     0.999927        99874     13653.33
      43.327     0.999939        99875     16384.00
      43.839     0.999945        99876     18204.44
      44.383     0.999951        99877     20480.00
      44.383     0.999957        99877     23405.71
      44.927     0.999963        99878     27306.67
      44.927     0.999969        99878     32768.00
      45.407     0.999973        99879     36408.89
      45.407     0.999976        99879     40960.00
      45.407     0.999979        99879     46811.43
      45.983     0.999982        99880     54613.33
      45.983     0.999985        99880     65536.00
      45.983     0.999986        99880     72817.78
      45.983     0.999988        99880     81920.00
      45.983     0.999989        99880     93622.86
      46.015     0.999991        99881    109226.67
      46.015     1.000000        99881          inf
#[Mean    =        2.231, StdDeviation   =        3.392]
#[Max     =       45.984, Total count    =        99881]
#[Buckets =           27, SubBuckets     =         2048]
----------------------------------------------------------
  99883 requests in 10.00s, 16.67MB read
Requests/sec:   9988.14
Transfer/sec:      1.67MB
