Running 10s test @ http://localhost
  2 threads and 10 connections
  Thread Stats   Avg      Stdev     Max   +/- Stdev
    Latency     2.18ms    2.48ms  30.61ms   91.09%
    Req/Sec       -nan      -nan   0.00      0.00%
  Latency Distribution (HdrHistogram - Recorded Latency)
 50.000%    1.45ms
 75.000%    2.25ms
 90.000%    4.27ms
 99.000%   13.56ms
 99.900%   24.27ms
 99.990%   29.42ms
 99.999%   30.19ms
100.000%   30.62ms

  Detailed Percentile spectrum:
       Value   Percentile   TotalCount 1/(1-Percentile)

       0.088     0.000000            1         1.00
       0.661     0.100000        10002         1.11
       0.862     0.200000        20011         1.25
       1.051     0.300000        29986         1.43
       1.242     0.400000        39995         1.67
       1.451     0.500000        49946         2.00
       1.565     0.550000        54970         2.22
       1.694     0.600000        59944         2.50
       1.840     0.650000        64951         2.86
       2.020     0.700000        69939         3.33
       2.247     0.750000        74940         4.00
       2.399     0.775000        77441         4.44
       2.589     0.800000        79915         5.00
       2.835     0.825000        82412         5.71
       3.153     0.850000        84902         6.67
       3.617     0.875000        87407         8.00
       3.917     0.887500        88650         8.89
       4.271     0.900000        89901        10.00
       4.731     0.912500        91148        11.43
       5.299     0.925000        92396        13.33
       5.995     0.937500        93645        16.00
       6.395     0.943750        94270        17.78
       6.883     0.950000        94892        20.00
       7.395     0.956250        95515        22.86
       7.991     0.962500        96138        26.67
       8.687     0.968750        96764        32.00
       9.183     0.971875        97075        35.56
       9.703     0.975000        97387        40.00
      10.287     0.978125        97702        45.71
      10.919     0.981250        98012        53.33
      11.807     0.984375        98324        64.00
      12.279     0.985938        98484        71.11
      12.743     0.987500        98637        80.00
      13.191     0.989062        98791        91.43
      13.839     0.990625        98947       106.67
      14.543     0.992188        99103       128.00
      14.919     0.992969        99182       142.22
      15.303     0.993750        99259       160.00
      15.751     0.994531        99340       182.86
      16.191     0.995313        99415       213.33
      16.607     0.996094        99493       256.00
      16.831     0.996484        99533       284.44
      17.247     0.996875        99571       320.00
      17.823     0.997266        99612       365.71
      18.447     0.997656        99649       426.67
      19.295     0.998047        99688       512.00
      19.983     0.998242        99708       568.89
      20.575     0.998437        99727       640.00
      21.871     0.998633        99747       731.43
      23.375     0.998828        99766       853.33
      24.383     0.999023        99786      1024.00
      24.863     0.999121        99796      1137.78
      25.455     0.999219        99805      1280.00
      25.823     0.999316        99815      1462.86
      26.479     0.999414        99825      1706.67
      27.103     0.999512        99835      2048.00
      27.423     0.999561        99840      2275.56
      27.727     0.999609        99844      2560.00
      28.079     0.999658        99849      2925.71
      28.367     0.999707        99854      3413.33
      28.591     0.999756        99859      4096.00
      28.751     0.999780        99862      4551.11
      28.831     0.999805        99865      5120.00
      28.975     0.999829        99867      5851.43
      29.167     0.999854        99869      6826.67
      29.231     0.999878        99871      8192.00
      29.423     0.999890        99873      9102.22
      29.455     0.999902        99874     10240.00
      29.471     0.999915        99875     11702.86
      29.487     0.999927        99876     13653.33
      29.551     0.999939        99877     16384.00
      29.663     0.999945        99878     18204.44
      29.887     0.999951        99879     20480.00
      29.887     0.999957        99879     23405.71
      30.111     0.999963        99880     27306.67
      30.111     0.999969        99880     32768.00
      30.175     0.999973        99881     36408.89
      30.175     0.999976        99881     40960.00
      30.175     0.999979        99881     46811.43
      30.191     0.999982        99882     54613.33
      30.191     0.999985        99882     65536.00
      30.191     0.999986        99882     72817.78
      30.191     0.999988        99882     81920.00
      30.191     0.999989        99882     93622.86
      30.623     0.999991        99883    109226.67
      30.623     1.000000        99883          inf
#[Mean    =        2.181, StdDeviation   =        2.484]
#[Max     =       30.608, Total count    =        99883]
#[Buckets =           27, SubBuckets     =         2048]
----------------------------------------------------------
  99887 requests in 10.00s, 16.67MB read
Requests/sec:   9988.85
Transfer/sec:      1.67MB
