Running 10s test @ http://localhost
  2 threads and 10 connections
  Thread Stats   Avg      Stdev     Max   +/- Stdev
    Latency     2.98ms    5.13ms  71.94ms   92.77%
    Req/Sec       -nan      -nan   0.00      0.00%
  Latency Distribution (HdrHistogram - Recorded Latency)
 50.000%    1.53ms
 75.000%    2.52ms
 90.000%    5.92ms
 99.000%   26.88ms
 99.900%   52.74ms
 99.990%   69.89ms
 99.999%   71.81ms
100.000%   72.00ms

  Detailed Percentile spectrum:
       Value   Percentile   TotalCount 1/(1-Percentile)

       0.113     0.000000            1         1.00
       0.643     0.100000        10012         1.11
       0.857     0.200000        20009         1.25
       1.076     0.300000        29991         1.43
       1.295     0.400000        39975         1.67
       1.526     0.500000        49955         2.00
       1.654     0.550000        54952         2.22
       1.805     0.600000        59959         2.50
       1.977     0.650000        64938         2.86
       2.209     0.700000        69958         3.33
       2.515     0.750000        74920         4.00
       2.723     0.775000        77416         4.44
       3.003     0.800000        79926         5.00
       3.369     0.825000        82415         5.71
       3.877     0.850000        84916         6.67
       4.683     0.875000        87405         8.00
       5.243     0.887500        88660         8.89
       5.919     0.900000        89904        10.00
       6.775     0.912500        91152        11.43
       7.827     0.925000        92400        13.33
       9.367     0.937500        93648        16.00
      10.455     0.943750        94278        17.78
      11.535     0.950000        94898        20.00
      12.791     0.956250        95525        22.86
      14.375     0.962500        96146        26.67
      16.207     0.968750        96770        32.00
      17.247     0.971875        97089        35.56
      18.143     0.975000        97397        40.00
      19.055     0.978125        97710        45.71
      20.095     0.981250        98022        53.33
      21.535     0.984375        98336        64.00
      22.639     0.985938        98488        71.11
      24.047     0.987500        98643        80.00
      25.663     0.989062        98799        91.43
      27.903     0.990625        98955       106.67
      30.367     0.992188        99112       128.00
      31.343     0.992969        99189       142.22
      32.479     0.993750        99271       160.00
      33.823     0.994531        99346       182.86
      35.903     0.995313        99425       213.33
      38.207     0.996094        99501       256.00
      39.711     0.996484        99540       284.44
      41.055     0.996875        99579       320.00
      42.399     0.997266        99618       365.71
      44.991     0.997656        99657       426.67
      47.967     0.998047        99697       512.00
      49.631     0.998242        99716       568.89
      50.655     0.998437        99735       640.00
      51.583     0.998633        99759       731.43
      51.999     0.998828        99774       853.33
      52.831     0.999023        99796      1024.00
      53.183     0.999121        99804      1137.78
      54.719     0.999219        99813      1280.00
      56.383     0.999316        99823      1462.86
      58.175     0.999414        99833      1706.67
      60.991     0.999512        99843      2048.00
      62.175     0.999561        99848      2275.56
      62.687     0.999609        99852      2560.00
      63.423     0.999658        99857      2925.71
      64.959     0.999707        99862      3413.33
      66.559     0.999756        99867      4096.00
      67.391     0.999780        99870      4551.11
      68.031     0.999805        99872      5120.00
      68.799     0.999829        99874      5851.43
      69.503     0.999854        99877      6826.67
      69.631     0.999878        99880      8192.00
      69.887     0.999890        99881      9102.22
      70.207     0.999902        99882     10240.00
      70.335     0.999915        99883     11702.86
      70.399     0.999927        99884     13653.33
      70.719     0.999939        99885     16384.00
      70.783     0.999945        99886     18204.44
      70.911     0.999951        99887     20480.00
      70.911     0.999957        99887     23405.71
      71.167     0.999963        99888     27306.67
      71.167     0.999969        99888     32768.00
      71.295     0.999973        99889     36408.89
      71.295     0.999976        99889     40960.00
      71.295     0.999979        99889     46811.43
      71.807     0.999982        99890     54613.33
      71.807     0.999985        99890     65536.00
      71.807     0.999986        99890     72817.78
      71.807     0.999988        99890     81920.00
      71.807     0.999989        99890     93622.86
      71.999     0.999991        99891    109226.67
      71.999     1.000000        99891          inf
#[Mean    =        2.982, StdDeviation   =        5.126]
#[Max     =       71.936, Total count    =        99891]
#[Buckets =           27, SubBuckets     =         2048]
----------------------------------------------------------
  99896 requests in 10.00s, 16.67MB read
Requests/sec:   9988.94
Transfer/sec:      1.67MB
