Running 10s test @ http://localhost
  2 threads and 10 connections
  Thread Stats   Avg      Stdev     Max   +/- Stdev
    Latency     2.57ms    4.37ms  45.15ms   94.10%
    Req/Sec       -nan      -nan   0.00      0.00%
  Latency Distribution (HdrHistogram - Recorded Latency)
 50.000%    1.49ms
 75.000%    2.25ms
 90.000%    4.03ms
 99.000%   25.79ms
 99.900%   40.80ms
 99.990%   44.06ms
 99.999%   45.12ms
100.000%   45.18ms

  Detailed Percentile spectrum:
       Value   Percentile   TotalCount 1/(1-Percentile)

       0.100     0.000000            2         1.00
       0.640     0.100000        10007         1.11
       0.867     0.200000        20007         1.25
       1.075     0.300000        29983         1.43
       1.281     0.400000        39978         1.67
       1.488     0.500000        49984         2.00
       1.602     0.550000        54948         2.22
       1.727     0.600000        59936         2.50
       1.873     0.650000        64953         2.86
       2.040     0.700000        69927         3.33
       2.251     0.750000        74954         4.00
       2.377     0.775000        77442         4.44
       2.541     0.800000        79925         5.00
       2.741     0.825000        82418         5.71
       3.007     0.850000        84915         6.67
       3.417     0.875000        87408         8.00
       3.689     0.887500        88662         8.89
       4.031     0.900000        89904        10.00
       4.503     0.912500        91162        11.43
       5.231     0.925000        92404        13.33
       6.431     0.937500        93652        16.00
       7.391     0.943750        94275        17.78
       8.575     0.950000        94900        20.00
       9.999     0.956250        95526        22.86
      11.423     0.962500        96149        26.67
      13.239     0.968750        96772        32.00
      14.431     0.971875        97084        35.56
      15.703     0.975000        97397        40.00
      17.455     0.978125        97709        45.71
      19.023     0.981250        98023        53.33
      20.879     0.984375        98334        64.00
      21.887     0.985938        98490        71.11
      23.231     0.987500        98647        80.00
      24.655     0.989062        98801        91.43
      26.527     0.990625        98957       106.67
      28.767     0.992188        99113       128.00
      29.983     0.992969        99191       142.22
      31.487     0.993750        99269       160.00
      33.151     0.994531        99347       182.86
      34.847     0.995313        99425       213.33
      36.159     0.996094        99504       256.00
      36.671     0.996484        99543       284.44
      37.247     0.996875        99581       320.00
      37.919     0.997266        99620       365.71
      38.591     0.997656        99659       426.67
      39.263     0.998047        99702       512.00
      39.519     0.998242        99718       568.89
      39.679     0.998437        99737       640.00
      40.159     0.998633        99757       731.43
      40.543     0.998828        99777       853.33
      40.863     0.999023        99796      1024.00
      41.151     0.999121        99806      1137.78
      41.471     0.999219        99815      1280.00
      41.759     0.999316        99825      1462.86
      42.335     0.999414        99835      1706.67
      42.751     0.999512        99846      2048.00
      43.039     0.999561        99852      2275.56
      43.103     0.999609        99854      2560.00
      43.295     0.999658        99859      2925.71
      43.455     0.999707        99865      3413.33
      43.679     0.999756        99870      4096.00
      43.711     0.999780        99872      4551.11
      43.775     0.999805        99874      5120.00
      43.871     0.999829        99876      5851.43
      43.967     0.999854        99879      6826.67
      44.031     0.999878        99882      8192.00
      44.063     0.999890        99885      9102.22
      44.063     0.999902        99885     10240.00
      44.063     0.999915        99885     11702.86
      44.095     0.999927        99886     13653.33
      44.447     0.999939        99887     16384.00
      44.511     0.999945        99888     18204.44
      44.575     0.999951        99889     20480.00
      44.575     0.999957        99889     23405.71
      44.607     0.999963        99890     27306.67
      44.607     0.999969        99890     32768.00
      44.799     0.999973        99891     36408.89
      44.799     0.999976        99891     40960.00
      44.799     0.999979        99891     46811.43
      45.119     0.999982        99892     54613.33
      45.119     0.999985        99892     65536.00
      45.119     0.999986        99892     72817.78
      45.119     0.999988        99892     81920.00
      45.119     0.999989        99892     93622.86
      45.183     0.999991        99893    109226.67
      45.183     1.000000        99893          inf
#[Mean    =        2.573, StdDeviation   =        4.369]
#[Max     =       45.152, Total count    =        99893]
#[Buckets =           27, SubBuckets     =         2048]
----------------------------------------------------------
  99897 requests in 10.00s, 16.67MB read
Requests/sec:   9989.86
Transfer/sec:      1.67MB
