Running 10s test @ http://localhost
  2 threads and 10 connections
  Thread Stats   Avg      Stdev     Max   +/- Stdev
    Latency     1.89ms    1.73ms  20.43ms   90.98%
    Req/Sec       -nan      -nan   0.00      0.00%
  Latency Distribution (HdrHistogram - Recorded Latency)
 50.000%    1.43ms
 75.000%    2.13ms
 90.000%    3.42ms
 99.000%    9.65ms
 99.900%   15.24ms
 99.990%   17.95ms
 99.999%   20.37ms
100.000%   20.45ms

  Detailed Percentile spectrum:
       Value   Percentile   TotalCount 1/(1-Percentile)

       0.142     0.000000            1         1.00
       0.630     0.100000        10033         1.11
       0.834     0.200000        20012         1.25
       1.031     0.300000        30004         1.43
       1.232     0.400000        39983         1.67
       1.434     0.500000        49964         2.00
       1.541     0.550000        54948         2.22
       1.658     0.600000        59933         2.50
       1.795     0.650000        64935         2.86
       1.947     0.700000        69934         3.33
       2.135     0.750000        74922         4.00
       2.249     0.775000        77454         4.44
       2.387     0.800000        79928         5.00
       2.545     0.825000        82432         5.71
       2.755     0.850000        84922         6.67
       3.029     0.875000        87419         8.00
       3.207     0.887500        88660         8.89
       3.427     0.900000        89910        10.00
       3.687     0.912500        91146        11.43
       4.019     0.925000        92395        13.33
       4.479     0.937500        93652        16.00
       4.755     0.943750        94270        17.78
       5.075     0.950000        94894        20.00
       5.491     0.956250        95517        22.86
       5.939     0.962500        96144        26.67
       6.515     0.968750        96766        32.00
       6.839     0.971875        97078        35.56
       7.199     0.975000        97390        40.00
       7.583     0.978125        97701        45.71
       7.967     0.981250        98016        53.33
       8.447     0.984375        98328        64.00
       8.703     0.985938        98483        71.11
       9.039     0.987500        98643        80.00
       9.423     0.989062        98796        91.43
       9.887     0.990625        98950       106.67
      10.399     0.992188        99108       128.00
      10.663     0.992969        99187       142.22
      10.927     0.993750        99264       160.00
      11.263     0.994531        99340       182.86
      11.671     0.995313        99419       213.33
      12.063     0.996094        99497       256.00
      12.295     0.996484        99535       284.44
      12.559     0.996875        99576       320.00
      12.855     0.997266        99613       365.71
      13.295     0.997656        99652       426.67
      13.799     0.998047        99691       512.00
      14.119     0.998242        99711       568.89
      14.407     0.998437        99732       640.00
      14.671     0.998633        99750       731.43
      14.911     0.998828        99769       853.33
      15.295     0.999023        99789      1024.00
      15.495     0.999121        99799      1137.78
      15.759     0.999219        99808      1280.00
      15.927     0.999316        99818      1462.86
      16.151     0.999414        99828      1706.67
      16.479     0.999512        99838      2048.00
      16.591     0.999561        99843      2275.56
      16.703     0.999609        99847      2560.00
      16.927     0.999658        99853      2925.71
      17.039     0.999707        99857      3413.33
      17.135     0.999756        99862      4096.00
      17.263     0.999780        99865      4551.11
      17.439     0.999805        99867      5120.00
      17.503     0.999829        99869      5851.43
      17.647     0.999854        99872      6826.67
      17.903     0.999878        99874      8192.00
      17.951     0.999890        99876      9102.22
      17.983     0.999902        99877     10240.00
      18.239     0.999915        99878     11702.86
      18.703     0.999927        99879     13653.33
      18.831     0.999939        99880     16384.00
      19.183     0.999945        99881     18204.44
      19.487     0.999951        99882     20480.00
      19.487     0.999957        99882     23405.71
      20.047     0.999963        99883     27306.67
      20.047     0.999969        99883     32768.00
      20.079     0.999973        99884     36408.89
      20.079     0.999976        99884     40960.00
      20.079     0.999979        99884     46811.43
      20.367     0.999982        99885     54613.33
      20.367     0.999985        99885     65536.00
      20.367     0.999986        99885     72817.78
      20.367     0.999988        99885     81920.00
      20.367     0.999989        99885     93622.86
      20.447     0.999991        99886    109226.67
      20.447     1.000000        99886          inf
#[Mean    =        1.891, StdDeviation   =        1.735]
#[Max     =       20.432, Total count    =        99886]
#[Buckets =           27, SubBuckets     =         2048]
----------------------------------------------------------
  99889 requests in 10.00s, 16.67MB read
Requests/sec:   9989.32
Transfer/sec:      1.67MB
