Running 10s test @ http://localhost
  2 threads and 10 connections
  Thread Stats   Avg      Stdev     Max   +/- Stdev
    Latency     3.38ms    6.84ms  57.60ms   94.34%
    Req/Sec       -nan      -nan   0.00      0.00%
  Latency Distribution (HdrHistogram - Recorded Latency)
 50.000%    1.55ms
 75.000%    2.52ms
 90.000%    5.70ms
 99.000%   43.94ms
 99.900%   51.10ms
 99.990%   54.94ms
 99.999%   57.60ms
100.000%   57.63ms

  Detailed Percentile spectrum:
       Value   Percentile   TotalCount 1/(1-Percentile)

       0.136     0.000000            2         1.00
       0.659     0.100000        10017         1.11
       0.888     0.200000        20011         1.25
       1.113     0.300000        29997         1.43
       1.329     0.400000        39960         1.67
       1.554     0.500000        49942         2.00
       1.681     0.550000        54955         2.22
       1.831     0.600000        59928         2.50
       2.010     0.650000        64931         2.86
       2.229     0.700000        69922         3.33
       2.523     0.750000        74931         4.00
       2.717     0.775000        77427         4.44
       2.975     0.800000        79908         5.00
       3.325     0.825000        82403         5.71
       3.807     0.850000        84899         6.67
       4.571     0.875000        87396         8.00
       5.063     0.887500        88649         8.89
       5.699     0.900000        89895        10.00
       6.555     0.912500        91143        11.43
       7.683     0.925000        92393        13.33
       9.263     0.937500        93645        16.00
      10.319     0.943750        94270        17.78
      11.559     0.950000        94886        20.00
      13.463     0.956250        95511        22.86
      16.263     0.962500        96135        26.67
      20.047     0.968750        96760        32.00
      22.671     0.971875        97071        35.56
      27.215     0.975000        97384        40.00
      31.727     0.978125        97696        45.71
      37.151     0.981250        98008        53.33
      40.383     0.984375        98320        64.00
      41.887     0.985938        98479        71.11
      42.751     0.987500        98640        80.00
      43.519     0.989062        98793        91.43
      44.223     0.990625        98951       106.67
      44.863     0.992188        99102       128.00
      45.279     0.992969        99181       142.22
      45.695     0.993750        99259       160.00
      46.079     0.994531        99338       182.86
      46.719     0.995313        99412       213.33
      47.391     0.996094        99490       256.00
      47.839     0.996484        99529       284.44
      48.319     0.996875        99569       320.00
      48.735     0.997266        99609       365.71
      49.023     0.997656        99647       426.67
      49.503     0.998047        99687       512.00
      49.695     0.998242        99706       568.89
      49.919     0.998437        99728       640.00
      50.271     0.998633        99744       731.43
      50.847     0.998828        99764       853.33
      51.199     0.999023        99783      1024.00
      51.423     0.999121        99794      1137.78
      51.647     0.999219        99803      1280.00
      51.871     0.999316        99815      1462.86
      51.999     0.999414        99822      1706.67
      52.511     0.999512        99832      2048.00
      52.671     0.999561        99837      2275.56
      52.895     0.999609        99841      2560.00
      53.119     0.999658        99846      2925.71
      53.375     0.999707        99851      3413.33
      53.855     0.999756        99856      4096.00
      54.111     0.999780        99859      4551.11
      54.367     0.999805        99861      5120.00
      54.463     0.999829        99863      5851.43
      54.687     0.999854        99867      6826.67
      54.783     0.999878        99868      8192.00
      54.943     0.999890        99870      9102.22
      55.167     0.999902        99871     10240.00
      55.519     0.999915        99872     11702.86
      55.807     0.999927        99873     13653.33
      56.159     0.999939        99874     16384.00
      56.383     0.999945        99875     18204.44
      56.639     0.999951        99876     20480.00
      56.639     0.999957        99876     23405.71
      56.927     0.999963        99877     27306.67
      56.927     0.999969        99877     32768.00
      57.247     0.999973        99878     36408.89
      57.247     0.999976        99878     40960.00
      57.247     0.999979        99878     46811.43
      57.599     0.999982        99879     54613.33
      57.599     0.999985        99879     65536.00
      57.599     0.999986        99879     72817.78
      57.599     0.999988        99879     81920.00
      57.599     0.999989        99879     93622.86
      57.631     0.999991        99880    109226.67
      57.631     1.000000        99880          inf
#[Mean    =        3.376, StdDeviation   =        6.843]
#[Max     =       57.600, Total count    =        99880]
#[Buckets =           27, SubBuckets     =         2048]
----------------------------------------------------------
  99883 requests in 10.00s, 16.67MB read
Requests/sec:   9988.78
Transfer/sec:      1.67MB
