Running 10s test @ http://localhost
  2 threads and 10 connections
  Thread Stats   Avg      Stdev     Max   +/- Stdev
    Latency     3.13ms    6.30ms  68.67ms   94.16%
    Req/Sec       -nan      -nan   0.00      0.00%
  Latency Distribution (HdrHistogram - Recorded Latency)
 50.000%    1.49ms
 75.000%    2.40ms
 90.000%    5.03ms
 99.000%   38.33ms
 99.900%   58.43ms
 99.990%   66.88ms
 99.999%   68.67ms
100.000%   68.74ms

  Detailed Percentile spectrum:
       Value   Percentile   TotalCount 1/(1-Percentile)

       0.116     0.000000            1         1.00
       0.639     0.100000         9991         1.11
       0.852     0.200000        19999         1.25
       1.058     0.300000        29988         1.43
       1.263     0.400000        39983         1.67
       1.486     0.500000        49954         2.00
       1.609     0.550000        54977         2.22
       1.748     0.600000        59933         2.50
       1.914     0.650000        64945         2.86
       2.121     0.700000        69940         3.33
       2.401     0.750000        74919         4.00
       2.583     0.775000        77432         4.44
       2.807     0.800000        79935         5.00
       3.115     0.825000        82416         5.71
       3.523     0.850000        84904         6.67
       4.103     0.875000        87403         8.00
       4.499     0.887500        88649         8.89
       5.027     0.900000        89897        10.00
       5.827     0.912500        91149        11.43
       6.963     0.925000        92395        13.33
       8.695     0.937500        93643        16.00
       9.823     0.943750        94267        17.78
      11.103     0.950000        94890        20.00
      12.967     0.956250        95517        22.86
      15.767     0.962500        96139        26.67
      19.567     0.968750        96764        32.00
      21.519     0.971875        97075        35.56
      23.359     0.975000        97388        40.00
      25.903     0.978125        97703        45.71
      28.751     0.981250        98013        53.33
      31.823     0.984375        98324        64.00
      33.503     0.985938        98480        71.11
      35.263     0.987500        98639        80.00
      37.311     0.989062        98792        91.43
      39.135     0.990625        98951       106.67
      41.503     0.992188        99105       128.00
      42.719     0.992969        99183       142.22
      43.743     0.993750        99262       160.00
      44.639     0.994531        99338       182.86
      45.535     0.995313        99417       213.33
      46.847     0.996094        99496       256.00
      47.807     0.996484        99535       284.44
      48.639     0.996875        99575       320.00
      49.631     0.997266        99611       365.71
      50.847     0.997656        99650       426.67
      52.127     0.998047        99689       512.00
      53.055     0.998242        99709       568.89
      54.431     0.998437        99729       640.00
      56.415     0.998633        99749       731.43
      57.503     0.998828        99767       853.33
      58.495     0.999023        99787      1024.00
      59.231     0.999121        99797      1137.78
      59.839     0.999219        99806      1280.00
      60.447     0.999316        99816      1462.86
      60.959     0.999414        99827      1706.67
      61.567     0.999512        99836      2048.00
      61.951     0.999561        99841      2275.56
      62.239     0.999609        99845      2560.00
      62.975     0.999658        99850      2925.71
      63.423     0.999707        99856      3413.33
      63.839     0.999756        99861      4096.00
      63.935     0.999780        99864      4551.11
      64.447     0.999805        99865      5120.00
      65.119     0.999829        99867      5851.43
      65.471     0.999854        99870      6826.67
      66.111     0.999878        99872      8192.00
      66.879     0.999890        99874      9102.22
      67.135     0.999902        99875     10240.00
      67.263     0.999915        99877     11702.86
      67.263     0.999927        99877     13653.33
      67.455     0.999939        99878     16384.00
      67.775     0.999945        99879     18204.44
      67.967     0.999951        99880     20480.00
      67.967     0.999957        99880     23405.71
      68.287     0.999963        99882     27306.67
      68.287     0.999969        99882     32768.00
      68.287     0.999973        99882     36408.89
      68.287     0.999976        99882     40960.00
      68.287     0.999979        99882     46811.43
      68.671     0.999982        99883     54613.33
      68.671     0.999985        99883     65536.00
      68.671     0.999986        99883     72817.78
      68.671     0.999988        99883     81920.00
      68.671     0.999989        99883     93622.86
      68.735     0.999991        99884    109226.67
      68.735     1.000000        99884          inf
#[Mean    =        3.132, StdDeviation   =        6.301]
#[Max     =       68.672, Total count    =        99884]
#[Buckets =           27, SubBuckets     =         2048]
----------------------------------------------------------
  99886 requests in 10.00s, 16.67MB read
Requests/sec:   9988.34
Transfer/sec:      1.67MB
