Running 10s test @ http://localhost
  2 threads and 10 connections
  Thread Stats   Avg      Stdev     Max   +/- Stdev
    Latency     2.00ms    2.24ms  40.80ms   93.17%
    Req/Sec       -nan      -nan   0.00      0.00%
  Latency Distribution (HdrHistogram - Recorded Latency)
 50.000%    1.46ms
 75.000%    2.17ms
 90.000%    3.45ms
 99.000%   11.33ms
 99.900%   27.90ms
 99.990%   37.85ms
 99.999%   40.26ms
100.000%   40.83ms

  Detailed Percentile spectrum:
       Value   Percentile   TotalCount 1/(1-Percentile)

       0.116     0.000000            1         1.00
       0.654     0.100000        10019         1.11
       0.877     0.200000        20023         1.25
       1.076     0.300000        29977         1.43
       1.268     0.400000        40002         1.67
       1.462     0.500000        49964         2.00
       1.570     0.550000        54965         2.22
       1.690     0.600000        59952         2.50
       1.826     0.650000        64947         2.86
       1.979     0.700000        69939         3.33
       2.169     0.750000        74920         4.00
       2.283     0.775000        77429         4.44
       2.419     0.800000        79930         5.00
       2.579     0.825000        82428         5.71
       2.789     0.850000        84909         6.67
       3.067     0.875000        87407         8.00
       3.243     0.887500        88657         8.89
       3.449     0.900000        89900        10.00
       3.709     0.912500        91148        11.43
       4.035     0.925000        92397        13.33
       4.447     0.937500        93649        16.00
       4.731     0.943750        94271        17.78
       5.099     0.950000        94897        20.00
       5.547     0.956250        95518        22.86
       6.159     0.962500        96143        26.67
       6.903     0.968750        96768        32.00
       7.355     0.971875        97080        35.56
       7.799     0.975000        97393        40.00
       8.343     0.978125        97704        45.71
       8.943     0.981250        98018        53.33
       9.615     0.984375        98330        64.00
       9.975     0.985938        98484        71.11
      10.439     0.987500        98641        80.00
      10.999     0.989062        98798        91.43
      11.639     0.990625        98954       106.67
      12.679     0.992188        99109       128.00
      13.335     0.992969        99186       142.22
      14.223     0.993750        99264       160.00
      14.919     0.994531        99342       182.86
      15.735     0.995313        99420       213.33
      16.815     0.996094        99498       256.00
      17.583     0.996484        99538       284.44
      18.239     0.996875        99576       320.00
      19.231     0.997266        99615       365.71
      20.175     0.997656        99655       426.67
      21.423     0.998047        99693       512.00
      22.767     0.998242        99713       568.89
      23.679     0.998437        99732       640.00
      25.007     0.998633        99752       731.43
      26.351     0.998828        99771       853.33
      27.983     0.999023        99791      1024.00
      28.431     0.999121        99802      1137.78
      29.055     0.999219        99810      1280.00
      29.679     0.999316        99820      1462.86
      30.399     0.999414        99830      1706.67
      31.119     0.999512        99840      2048.00
      31.887     0.999561        99845      2275.56
      32.175     0.999609        99849      2560.00
      32.607     0.999658        99854      2925.71
      33.471     0.999707        99859      3413.33
      34.399     0.999756        99864      4096.00
      34.847     0.999780        99867      4551.11
      35.007     0.999805        99869      5120.00
      35.615     0.999829        99871      5851.43
      36.895     0.999854        99874      6826.67
      37.439     0.999878        99876      8192.00
      37.855     0.999890        99878      9102.22
      38.239     0.999902        99879     10240.00
      38.495     0.999915        99880     11702.86
      38.719     0.999927        99881     13653.33
      38.911     0.999939        99882     16384.00
      39.071     0.999945        99883     18204.44
      39.103     0.999951        99884     20480.00
      39.103     0.999957        99884     23405.71
      39.647     0.999963        99885     27306.67
      39.647     0.999969        99885     32768.00
      40.223     0.999973        99886     36408.89
      40.223     0.999976        99886     40960.00
      40.223     0.999979        99886     46811.43
      40.255     0.999982        99887     54613.33
      40.255     0.999985        99887     65536.00
      40.255     0.999986        99887     72817.78
      40.255     0.999988        99887     81920.00
      40.255     0.999989        99887     93622.86
      40.831     0.999991        99888    109226.67
      40.831     1.000000        99888          inf
#[Mean    =        1.996, StdDeviation   =        2.240]
#[Max     =       40.800, Total count    =        99888]
#[Buckets =           27, SubBuckets     =         2048]
----------------------------------------------------------
  99891 requests in 10.00s, 16.67MB read
Requests/sec:   9988.22
Transfer/sec:      1.67MB
