Running 10s test @ http://localhost
  2 threads and 10 connections
  Thread Stats   Avg      Stdev     Max   +/- Stdev
    Latency     3.07ms    4.69ms  38.72ms   90.80%
    Req/Sec       -nan      -nan   0.00      0.00%
  Latency Distribution (HdrHistogram - Recorded Latency)
 50.000%    1.52ms
 75.000%    2.51ms
 90.000%    6.89ms
 99.000%   24.09ms
 99.900%   33.66ms
 99.990%   36.58ms
 99.999%   38.27ms
100.000%   38.75ms

  Detailed Percentile spectrum:
       Value   Percentile   TotalCount 1/(1-Percentile)

       0.134     0.000000            1         1.00
       0.671     0.100000         9987         1.11
       0.879     0.200000        20009         1.25
       1.084     0.300000        29971         1.43
       1.295     0.400000        39977         1.67
       1.520     0.500000        49930         2.00
       1.649     0.550000        54932         2.22
       1.791     0.600000        59913         2.50
       1.965     0.650000        64934         2.86
       2.193     0.700000        69916         3.33
       2.505     0.750000        74892         4.00
       2.731     0.775000        77412         4.44
       3.035     0.800000        79886         5.00
       3.457     0.825000        82381         5.71
       4.049     0.850000        84886         6.67
       5.003     0.875000        87375         8.00
       5.823     0.887500        88625         8.89
       6.895     0.900000        89874        10.00
       8.247     0.912500        91120        11.43
       9.879     0.925000        92368        13.33
      11.735     0.937500        93618        16.00
      12.887     0.943750        94241        17.78
      14.119     0.950000        94864        20.00
      15.383     0.956250        95487        22.86
      16.719     0.962500        96116        26.67
      18.127     0.968750        96739        32.00
      18.831     0.971875        97051        35.56
      19.551     0.975000        97364        40.00
      20.367     0.978125        97673        45.71
      21.247     0.981250        97986        53.33
      22.175     0.984375        98298        64.00
      22.703     0.985938        98451        71.11
      23.231     0.987500        98608        80.00
      23.743     0.989062        98763        91.43
      24.415     0.990625        98923       106.67
      25.247     0.992188        99077       128.00
      25.759     0.992969        99153       142.22
      26.351     0.993750        99232       160.00
      26.975     0.994531        99309       182.86
      27.599     0.995313        99387       213.33
      28.511     0.996094        99465       256.00
      28.991     0.996484        99505       284.44
      29.551     0.996875        99543       320.00
      30.255     0.997266        99582       365.71
      30.991     0.997656        99623       426.67
      31.727     0.998047        99660       512.00
      32.207     0.998242        99680       568.89
      32.687     0.998437        99700       640.00
      33.023     0.998633        99719       731.43
      33.407     0.998828        99739       853.33
      33.727     0.999023        99760      1024.00
      33.887     0.999121        99770      1137.78
      34.047     0.999219        99777      1280.00
      34.239     0.999316        99790      1462.86
      34.335     0.999414        99798      1706.67
      34.559     0.999512        99807      2048.00
      34.815     0.999561        99813      2275.56
      34.911     0.999609        99816      2560.00
      35.199     0.999658        99821      2925.71
      35.423     0.999707        99827      3413.33
      35.647     0.999756        99832      4096.00
      35.743     0.999780        99834      4551.11
      35.807     0.999805        99837      5120.00
      35.903     0.999829        99838      5851.43
      36.127     0.999854        99841      6826.67
      36.543     0.999878        99844      8192.00
      36.575     0.999890        99845      9102.22
      36.639     0.999902        99846     10240.00
      36.671     0.999915        99847     11702.86
      36.863     0.999927        99848     13653.33
      36.927     0.999939        99849     16384.00
      37.215     0.999945        99850     18204.44
      37.343     0.999951        99851     20480.00
      37.343     0.999957        99851     23405.71
      37.759     0.999963        99852     27306.67
      37.759     0.999969        99852     32768.00
      37.791     0.999973        99853     36408.89
      37.791     0.999976        99853     40960.00
      37.791     0.999979        99853     46811.43
      38.271     0.999982        99854     54613.33
      38.271     0.999985        99854     65536.00
      38.271     0.999986        99854     72817.78
      38.271     0.999988        99854     81920.00
      38.271     0.999989        99854     93622.86
      38.751     0.999991        99855    109226.67
      38.751     1.000000        99855          inf
#[Mean    =        3.067, StdDeviation   =        4.687]
#[Max     =       38.720, Total count    =        99855]
#[Buckets =           27, SubBuckets     =         2048]
----------------------------------------------------------
  99857 requests in 10.00s, 16.67MB read
Requests/sec:   9984.79
Transfer/sec:      1.67MB
