Running 10s test @ http://localhost
  2 threads and 10 connections
  Thread Stats   Avg      Stdev     Max   +/- Stdev
    Latency     2.34ms    3.19ms  32.56ms   92.48%
    Req/Sec       -nan      -nan   0.00      0.00%
  Latency Distribution (HdrHistogram - Recorded Latency)
 50.000%    1.47ms
 75.000%    2.21ms
 90.000%    4.28ms
 99.000%   18.75ms
 99.900%   27.93ms
 99.990%   30.98ms
 99.999%   32.46ms
100.000%   32.58ms

  Detailed Percentile spectrum:
       Value   Percentile   TotalCount 1/(1-Percentile)

       0.132     0.000000            2         1.00
       0.647     0.100000        10024         1.11
       0.860     0.200000        20015         1.25
       1.058     0.300000        29971         1.43
       1.264     0.400000        39962         1.67
       1.468     0.500000        49961         2.00
       1.576     0.550000        54934         2.22
       1.700     0.600000        59946         2.50
       1.839     0.650000        64932         2.86
       2.002     0.700000        69912         3.33
       2.209     0.750000        74943         4.00
       2.345     0.775000        77438         4.44
       2.503     0.800000        79907         5.00
       2.711     0.825000        82404         5.71
       3.009     0.850000        84896         6.67
       3.507     0.875000        87395         8.00
       3.853     0.887500        88638         8.89
       4.279     0.900000        89885        10.00
       4.815     0.912500        91133        11.43
       5.555     0.925000        92385        13.33
       6.583     0.937500        93633        16.00
       7.223     0.943750        94255        17.78
       7.983     0.950000        94879        20.00
       8.807     0.956250        95502        22.86
       9.807     0.962500        96128        26.67
      10.951     0.968750        96756        32.00
      11.607     0.971875        97070        35.56
      12.391     0.975000        97378        40.00
      13.335     0.978125        97687        45.71
      14.383     0.981250        98000        53.33
      15.583     0.984375        98311        64.00
      16.263     0.985938        98468        71.11
      17.103     0.987500        98625        80.00
      18.063     0.989062        98781        91.43
      19.215     0.990625        98937       106.67
      20.287     0.992188        99092       128.00
      20.799     0.992969        99171       142.22
      21.391     0.993750        99247       160.00
      22.047     0.994531        99325       182.86
      22.911     0.995313        99405       213.33
      23.647     0.996094        99481       256.00
      24.047     0.996484        99521       284.44
      24.463     0.996875        99559       320.00
      24.991     0.997266        99598       365.71
      25.423     0.997656        99637       426.67
      26.063     0.998047        99676       512.00
      26.319     0.998242        99696       568.89
      26.671     0.998437        99715       640.00
      27.007     0.998633        99735       731.43
      27.423     0.998828        99754       853.33
      27.999     0.999023        99775      1024.00
      28.127     0.999121        99784      1137.78
      28.463     0.999219        99793      1280.00
      28.639     0.999316        99803      1462.86
      28.975     0.999414        99815      1706.67
      29.151     0.999512        99823      2048.00
      29.375     0.999561        99829      2275.56
      29.423     0.999609        99832      2560.00
      29.599     0.999658        99837      2925.71
      29.951     0.999707        99842      3413.33
      30.063     0.999756        99847      4096.00
      30.303     0.999780        99850      4551.11
      30.415     0.999805        99852      5120.00
      30.559     0.999829        99854      5851.43
      30.799     0.999854        99857      6826.67
      30.863     0.999878        99859      8192.00
      30.975     0.999890        99861      9102.22
      31.183     0.999902        99862     10240.00
      31.215     0.999915        99863     11702.86
      31.343     0.999927        99864     13653.33
      31.503     0.999939        99865     16384.00
      31.631     0.999945        99866     18204.44
      31.679     0.999951        99867     20480.00
      31.679     0.999957        99867     23405.71
      32.047     0.999963        99868     27306.67
      32.047     0.999969        99868     32768.00
      32.079     0.999973        99869     36408.89
      32.079     0.999976        99869     40960.00
      32.079     0.999979        99869     46811.43
      32.463     0.999982        99870     54613.33
      32.463     0.999985        99870     65536.00
      32.463     0.999986        99870     72817.78
      32.463     0.999988        99870     81920.00
      32.463     0.999989        99870     93622.86
      32.575     0.999991        99871    109226.67
      32.575     1.000000        99871          inf
#[Mean    =        2.344, StdDeviation   =        3.193]
#[Max     =       32.560, Total count    =        99871]
#[Buckets =           27, SubBuckets     =         2048]
----------------------------------------------------------
  99874 requests in 10.00s, 16.67MB read
Requests/sec:   9987.36
Transfer/sec:      1.67MB
