Running 10s test @ http://localhost
  2 threads and 10 connections
  Thread Stats   Avg      Stdev     Max   +/- Stdev
    Latency     1.70ms    1.65ms  41.06ms   93.82%
    Req/Sec       -nan      -nan   0.00      0.00%
  Latency Distribution (HdrHistogram - Recorded Latency)
 50.000%    1.36ms
 75.000%    1.91ms
 90.000%    2.69ms
 99.000%    8.96ms
 99.900%   17.71ms
 99.990%   35.52ms
 99.999%   40.54ms
100.000%   41.09ms

  Detailed Percentile spectrum:
       Value   Percentile   TotalCount 1/(1-Percentile)

       0.123     0.000000            1         1.00
       0.635     0.100000        10009         1.11
       0.822     0.200000        20011         1.25
       0.999     0.300000        30008         1.43
       1.179     0.400000        39992         1.67
       1.361     0.500000        49982         2.00
       1.452     0.550000        54956         2.22
       1.550     0.600000        59973         2.50
       1.658     0.650000        64943         2.86
       1.778     0.700000        69934         3.33
       1.915     0.750000        74933         4.00
       1.993     0.775000        77440         4.44
       2.081     0.800000        79940         5.00
       2.185     0.825000        82429         5.71
       2.309     0.850000        84919         6.67
       2.467     0.875000        87404         8.00
       2.571     0.887500        88648         8.89
       2.693     0.900000        89899        10.00
       2.841     0.912500        91150        11.43
       3.039     0.925000        92401        13.33
       3.329     0.937500        93641        16.00
       3.541     0.943750        94265        17.78
       3.791     0.950000        94890        20.00
       4.143     0.956250        95515        22.86
       4.591     0.962500        96142        26.67
       5.103     0.968750        96761        32.00
       5.439     0.971875        97077        35.56
       5.815     0.975000        97386        40.00
       6.183     0.978125        97698        45.71
       6.707     0.981250        98010        53.33
       7.307     0.984375        98322        64.00
       7.687     0.985938        98477        71.11
       8.111     0.987500        98634        80.00
       8.607     0.989062        98792        91.43
       9.231     0.990625        98946       106.67
      10.015     0.992188        99102       128.00
      10.431     0.992969        99180       142.22
      10.991     0.993750        99257       160.00
      11.527     0.994531        99336       182.86
      12.111     0.995313        99413       213.33
      12.983     0.996094        99491       256.00
      13.399     0.996484        99530       284.44
      13.815     0.996875        99569       320.00
      14.183     0.997266        99608       365.71
      14.727     0.997656        99647       426.67
      15.287     0.998047        99686       512.00
      15.631     0.998242        99706       568.89
      16.007     0.998437        99725       640.00
      16.543     0.998633        99746       731.43
      17.023     0.998828        99764       853.33
      17.775     0.999023        99784      1024.00
      18.175     0.999121        99794      1137.78
      18.575     0.999219        99803      1280.00
      18.895     0.999316        99813      1462.86
      19.375     0.999414        99823      1706.67
      20.799     0.999512        99833      2048.00
      22.175     0.999561        99838      2275.56
      22.927     0.999609        99842      2560.00
      23.951     0.999658        99847      2925.71
      25.119     0.999707        99852      3413.33
      26.767     0.999756        99857      4096.00
      28.479     0.999780        99860      4551.11
      29.615     0.999805        99862      5120.00
      30.879     0.999829        99864      5851.43
      32.671     0.999854        99867      6826.67
      34.143     0.999878        99869      8192.00
      35.519     0.999890        99871      9102.22
      35.711     0.999902        99872     10240.00
      36.447     0.999915        99873     11702.86
      37.023     0.999927        99874     13653.33
      37.503     0.999939        99875     16384.00
      37.887     0.999945        99876     18204.44
      38.495     0.999951        99877     20480.00
      38.495     0.999957        99877     23405.71
      39.231     0.999963        99878     27306.67
      39.231     0.999969        99878     32768.00
      39.871     0.999973        99879     36408.89
      39.871     0.999976        99879     40960.00
      39.871     0.999979        99879     46811.43
      40.543     0.999982        99880     54613.33
      40.543     0.999985        99880     65536.00
      40.543     0.999986        99880     72817.78
      40.543     0.999988        99880     81920.00
      40.543     0.999989        99880     93622.86
      41.087     0.999991        99881    109226.67
      41.087     1.000000        99881          inf
#[Mean    =        1.696, StdDeviation   =        1.648]
#[Max     =       41.056, Total count    =        99881]
#[Buckets =           27, SubBuckets     =         2048]
----------------------------------------------------------
  99884 requests in 10.00s, 16.67MB read
Requests/sec:   9988.64
Transfer/sec:      1.67MB
