Running 10s test @ http://localhost
  2 threads and 10 connections
  Thread Stats   Avg      Stdev     Max   +/- Stdev
    Latency     2.60ms    4.19ms  72.70ms   93.24%
    Req/Sec       -nan      -nan   0.00      0.00%
  Latency Distribution (HdrHistogram - Recorded Latency)
 50.000%    1.49ms
 75.000%    2.35ms
 90.000%    4.72ms
 99.000%   21.66ms
 99.900%   48.00ms
 99.990%   68.48ms
 99.999%   72.38ms
100.000%   72.77ms

  Detailed Percentile spectrum:
       Value   Percentile   TotalCount 1/(1-Percentile)

       0.113     0.000000            1         1.00
       0.649     0.100000        10007         1.11
       0.852     0.200000        20020         1.25
       1.050     0.300000        30001         1.43
       1.262     0.400000        39978         1.67
       1.486     0.500000        49972         2.00
       1.607     0.550000        54949         2.22
       1.741     0.600000        59934         2.50
       1.899     0.650000        64951         2.86
       2.095     0.700000        69954         3.33
       2.351     0.750000        74920         4.00
       2.521     0.775000        77418         4.44
       2.733     0.800000        79913         5.00
       3.003     0.825000        82413         5.71
       3.373     0.850000        84909         6.67
       3.909     0.875000        87403         8.00
       4.259     0.887500        88664         8.89
       4.715     0.900000        89904        10.00
       5.299     0.912500        91155        11.43
       6.107     0.925000        92403        13.33
       7.351     0.937500        93646        16.00
       8.107     0.943750        94271        17.78
       9.007     0.950000        94896        20.00
      10.023     0.956250        95520        22.86
      11.271     0.962500        96149        26.67
      12.623     0.968750        96769        32.00
      13.511     0.971875        97081        35.56
      14.431     0.975000        97392        40.00
      15.343     0.978125        97707        45.71
      16.479     0.981250        98018        53.33
      17.983     0.984375        98330        64.00
      18.895     0.985938        98485        71.11
      19.871     0.987500        98641        80.00
      20.879     0.989062        98798        91.43
      22.159     0.990625        98954       106.67
      23.647     0.992188        99110       128.00
      24.751     0.992969        99187       142.22
      26.255     0.993750        99265       160.00
      27.663     0.994531        99343       182.86
      28.927     0.995313        99421       213.33
      30.783     0.996094        99499       256.00
      31.951     0.996484        99538       284.44
      33.439     0.996875        99577       320.00
      34.975     0.997266        99616       365.71
      36.927     0.997656        99655       426.67
      39.903     0.998047        99694       512.00
      41.471     0.998242        99714       568.89
      42.847     0.998437        99733       640.00
      44.191     0.998633        99754       731.43
      46.335     0.998828        99772       853.33
      48.159     0.999023        99792      1024.00
      49.055     0.999121        99802      1137.78
      50.175     0.999219        99811      1280.00
      51.103     0.999316        99821      1462.86
      52.415     0.999414        99831      1706.67
      53.663     0.999512        99841      2048.00
      55.423     0.999561        99846      2275.56
      57.023     0.999609        99850      2560.00
      59.391     0.999658        99855      2925.71
      61.631     0.999707        99860      3413.33
      62.207     0.999756        99865      4096.00
      63.327     0.999780        99868      4551.11
      63.647     0.999805        99870      5120.00
      64.511     0.999829        99872      5851.43
      66.047     0.999854        99875      6826.67
      67.007     0.999878        99877      8192.00
      68.479     0.999890        99879      9102.22
      68.735     0.999902        99880     10240.00
      69.055     0.999915        99881     11702.86
      69.951     0.999927        99882     13653.33
      70.463     0.999939        99883     16384.00
      70.719     0.999945        99884     18204.44
      71.103     0.999951        99885     20480.00
      71.103     0.999957        99885     23405.71
      71.679     0.999963        99886     27306.67
      71.679     0.999969        99886     32768.00
      72.319     0.999973        99887     36408.89
      72.319     0.999976        99887     40960.00
      72.319     0.999979        99887     46811.43
      72.383     0.999982        99888     54613.33
      72.383     0.999985        99888     65536.00
      72.383     0.999986        99888     72817.78
      72.383     0.999988        99888     81920.00
      72.383     0.999989        99888     93622.86
      72.767     0.999991        99889    109226.67
      72.767     1.000000        99889          inf
#[Mean    =        2.596, StdDeviation   =        4.194]
#[Max     =       72.704, Total count    =        99889]
#[Buckets =           27, SubBuckets     =         2048]
----------------------------------------------------------
  99891 requests in 10.00s, 16.67MB read
Requests/sec:   9989.29
Transfer/sec:      1.67MB
