Running 10s test @ http://localhost
  2 threads and 10 connections
  Thread Stats   Avg      Stdev     Max   +/- Stdev
    Latency     3.12ms    5.50ms  65.44ms   92.69%
    Req/Sec       -nan      -nan   0.00      0.00%
  Latency Distribution (HdrHistogram - Recorded Latency)
 50.000%    1.55ms
 75.000%    2.55ms
 90.000%    6.26ms
 99.000%   29.63ms
 99.900%   53.79ms
 99.990%   64.61ms
 99.999%   65.25ms
100.000%   65.47ms

  Detailed Percentile spectrum:
       Value   Percentile   TotalCount 1/(1-Percentile)

       0.117     0.000000            1         1.00
       0.642     0.100000         9995         1.11
       0.870     0.200000        19995         1.25
       1.093     0.300000        29989         1.43
       1.317     0.400000        39996         1.67
       1.546     0.500000        49970         2.00
       1.675     0.550000        54942         2.22
       1.827     0.600000        59935         2.50
       2.009     0.650000        64943         2.86
       2.235     0.700000        69937         3.33
       2.545     0.750000        74935         4.00
       2.751     0.775000        77410         4.44
       3.029     0.800000        79924         5.00
       3.407     0.825000        82407         5.71
       3.941     0.850000        84905         6.67
       4.815     0.875000        87400         8.00
       5.451     0.887500        88648         8.89
       6.263     0.900000        89894        10.00
       7.299     0.912500        91145        11.43
       8.415     0.925000        92391        13.33
       9.895     0.937500        93643        16.00
      10.871     0.943750        94264        17.78
      12.063     0.950000        94889        20.00
      13.695     0.956250        95513        22.86
      15.495     0.962500        96137        26.67
      17.503     0.968750        96767        32.00
      18.655     0.971875        97075        35.56
      19.823     0.975000        97385        40.00
      21.583     0.978125        97698        45.71
      23.103     0.981250        98014        53.33
      25.103     0.984375        98323        64.00
      26.063     0.985938        98478        71.11
      27.071     0.987500        98637        80.00
      28.447     0.989062        98790        91.43
      31.183     0.990625        98946       106.67
      33.759     0.992188        99102       128.00
      35.423     0.992969        99181       142.22
      37.599     0.993750        99258       160.00
      38.943     0.994531        99336       182.86
      40.095     0.995313        99416       213.33
      41.055     0.996094        99494       256.00
      41.695     0.996484        99531       284.44
      42.335     0.996875        99572       320.00
      43.007     0.997266        99609       365.71
      44.863     0.997656        99648       426.67
      47.327     0.998047        99688       512.00
      48.319     0.998242        99707       568.89
      48.735     0.998437        99727       640.00
      50.143     0.998633        99746       731.43
      51.583     0.998828        99765       853.33
      54.079     0.999023        99785      1024.00
      55.263     0.999121        99795      1137.78
      56.255     0.999219        99806      1280.00
      56.607     0.999316        99814      1462.86
      57.055     0.999414        99824      1706.67
      58.399     0.999512        99835      2048.00
      58.751     0.999561        99840      2275.56
      58.975     0.999609        99843      2560.00
      60.223     0.999658        99848      2925.71
      61.407     0.999707        99853      3413.33
      62.655     0.999756        99859      4096.00
      62.783     0.999780        99861      4551.11
      63.391     0.999805        99863      5120.00
      63.583     0.999829        99865      5851.43
      64.255     0.999854        99869      6826.67
      64.319     0.999878        99870      8192.00
      64.607     0.999890        99872      9102.22
      64.671     0.999902        99873     10240.00
      64.735     0.999915        99874     11702.86
      64.927     0.999927        99875     13653.33
      64.959     0.999939        99877     16384.00
      64.959     0.999945        99877     18204.44
      64.991     0.999951        99878     20480.00
      64.991     0.999957        99878     23405.71
      65.215     0.999963        99879     27306.67
      65.215     0.999969        99879     32768.00
      65.247     0.999973        99881     36408.89
      65.247     0.999976        99881     40960.00
      65.247     0.999979        99881     46811.43
      65.247     0.999982        99881     54613.33
      65.247     0.999985        99881     65536.00
      65.247     0.999986        99881     72817.78
      65.247     0.999988        99881     81920.00
      65.247     0.999989        99881     93622.86
      65.471     0.999991        99882    109226.67
      65.471     1.000000        99882          inf
#[Mean    =        3.124, StdDeviation   =        5.497]
#[Max     =       65.440, Total count    =        99882]
#[Buckets =           27, SubBuckets     =         2048]
----------------------------------------------------------
  99884 requests in 10.00s, 16.67MB read
Requests/sec:   9988.52
Transfer/sec:      1.67MB
