Running 10s test @ http://localhost
  2 threads and 10 connections
  Thread Stats   Avg      Stdev     Max   +/- Stdev
    Latency     3.30ms    7.57ms  74.50ms   95.54%
    Req/Sec       -nan      -nan   0.00      0.00%
  Latency Distribution (HdrHistogram - Recorded Latency)
 50.000%    1.53ms
 75.000%    2.45ms
 90.000%    5.01ms
 99.000%   51.65ms
 99.900%   68.22ms
 99.990%   73.21ms
 99.999%   73.98ms
100.000%   74.56ms

  Detailed Percentile spectrum:
       Value   Percentile   TotalCount 1/(1-Percentile)

       0.106     0.000000            1         1.00
       0.666     0.100000         9994         1.11
       0.879     0.200000        19988         1.25
       1.090     0.300000        29993         1.43
       1.302     0.400000        39964         1.67
       1.530     0.500000        49969         2.00
       1.657     0.550000        54961         2.22
       1.800     0.600000        59960         2.50
       1.966     0.650000        64939         2.86
       2.177     0.700000        69944         3.33
       2.453     0.750000        74936         4.00
       2.627     0.775000        77421         4.44
       2.855     0.800000        79917         5.00
       3.153     0.825000        82412         5.71
       3.553     0.850000        84906         6.67
       4.127     0.875000        87412         8.00
       4.503     0.887500        88654         8.89
       5.011     0.900000        89910        10.00
       5.675     0.912500        91153        11.43
       6.571     0.925000        92401        13.33
       7.859     0.937500        93648        16.00
       8.703     0.943750        94272        17.78
       9.799     0.950000        94899        20.00
      11.063     0.956250        95519        22.86
      12.671     0.962500        96146        26.67
      15.655     0.968750        96768        32.00
      18.511     0.971875        97081        35.56
      22.127     0.975000        97392        40.00
      26.575     0.978125        97706        45.71
      33.215     0.981250        98018        53.33
      40.095     0.984375        98329        64.00
      43.999     0.985938        98486        71.11
      47.135     0.987500        98641        80.00
      50.303     0.989062        98798        91.43
      52.671     0.990625        98954       106.67
      55.231     0.992188        99109       128.00
      56.159     0.992969        99188       142.22
      57.215     0.993750        99265       160.00
      58.687     0.994531        99343       182.86
      60.095     0.995313        99423       213.33
      61.695     0.996094        99500       256.00
      62.687     0.996484        99538       284.44
      63.487     0.996875        99580       320.00
      63.999     0.997266        99616       365.71
      64.511     0.997656        99656       426.67
      65.215     0.998047        99694       512.00
      65.599     0.998242        99718       568.89
      65.983     0.998437        99735       640.00
      66.623     0.998633        99754       731.43
      67.583     0.998828        99773       853.33
      68.287     0.999023        99792      1024.00
      68.671     0.999121        99802      1137.78
      69.503     0.999219        99812      1280.00
      70.143     0.999316        99821      1462.86
      70.719     0.999414        99831      1706.67
      71.679     0.999512        99841      2048.00
      71.999     0.999561        99846      2275.56
      72.063     0.999609        99850      2560.00
      72.255     0.999658        99855      2925.71
      72.447     0.999707        99860      3413.33
      72.575     0.999756        99867      4096.00
      72.639     0.999780        99868      4551.11
      72.767     0.999805        99870      5120.00
      72.831     0.999829        99872      5851.43
      73.023     0.999854        99876      6826.67
      73.087     0.999878        99878      8192.00
      73.215     0.999890        99880      9102.22
      73.215     0.999902        99880     10240.00
      73.279     0.999915        99881     11702.86
      73.343     0.999927        99882     13653.33
      73.407     0.999939        99883     16384.00
      73.471     0.999945        99884     18204.44
      73.727     0.999951        99885     20480.00
      73.727     0.999957        99885     23405.71
      73.919     0.999963        99886     27306.67
      73.919     0.999969        99886     32768.00
      73.983     0.999973        99888     36408.89
      73.983     0.999976        99888     40960.00
      73.983     0.999979        99888     46811.43
      73.983     0.999982        99888     54613.33
      73.983     0.999985        99888     65536.00
      73.983     0.999986        99888     72817.78
      73.983     0.999988        99888     81920.00
      73.983     0.999989        99888     93622.86
      74.559     0.999991        99889    109226.67
      74.559     1.000000        99889          inf
#[Mean    =        3.298, StdDeviation   =        7.571]
#[Max     =       74.496, Total count    =        99889]
#[Buckets =           27, SubBuckets     =         2048]
----------------------------------------------------------
  99892 requests in 10.00s, 16.67MB read
Requests/sec:   9988.94
Transfer/sec:      1.67MB
