Running 10s test @ http://localhost
  2 threads and 10 connections
  Thread Stats   Avg      Stdev     Max   +/- Stdev
    Latency     3.49ms    6.56ms  72.83ms   92.51%
    Req/Sec       -nan      -nan   0.00      0.00%
  Latency Distribution (HdrHistogram - Recorded Latency)
 50.000%    1.53ms
 75.000%    2.59ms
 90.000%    7.07ms
 99.000%   38.01ms
 99.900%   54.75ms
 99.990%   68.48ms
 99.999%   72.51ms
100.000%   72.89ms

  Detailed Percentile spectrum:
       Value   Percentile   TotalCount 1/(1-Percentile)

       0.132     0.000000            1         1.00
       0.669     0.100000         9994         1.11
       0.873     0.200000        20026         1.25
       1.078     0.300000        29969         1.43
       1.299     0.400000        39993         1.67
       1.532     0.500000        49957         2.00
       1.663     0.550000        54967         2.22
       1.816     0.600000        59949         2.50
       1.997     0.650000        64940         2.86
       2.241     0.700000        69946         3.33
       2.589     0.750000        74920         4.00
       2.837     0.775000        77420         4.44
       3.161     0.800000        79915         5.00
       3.607     0.825000        82415         5.71
       4.251     0.850000        84910         6.67
       5.271     0.875000        87412         8.00
       6.051     0.887500        88660         8.89
       7.071     0.900000        89905        10.00
       8.439     0.912500        91153        11.43
      10.039     0.925000        92403        13.33
      12.127     0.937500        93650        16.00
      13.295     0.943750        94277        17.78
      14.695     0.950000        94900        20.00
      16.639     0.956250        95526        22.86
      19.087     0.962500        96148        26.67
      21.839     0.968750        96776        32.00
      23.503     0.971875        97085        35.56
      25.119     0.975000        97396        40.00
      26.735     0.978125        97708        45.71
      28.991     0.981250        98021        53.33
      31.359     0.984375        98335        64.00
      32.639     0.985938        98490        71.11
      34.143     0.987500        98645        80.00
      36.255     0.989062        98801        91.43
      39.135     0.990625        98958       106.67
      41.311     0.992188        99114       128.00
      42.367     0.992969        99193       142.22
      43.647     0.993750        99270       160.00
      44.895     0.994531        99349       182.86
      46.079     0.995313        99428       213.33
      47.039     0.996094        99503       256.00
      47.743     0.996484        99542       284.44
      48.447     0.996875        99582       320.00
      49.183     0.997266        99620       365.71
      50.111     0.997656        99661       426.67
      51.071     0.998047        99699       512.00
      51.487     0.998242        99718       568.89
      52.031     0.998437        99737       640.00
      53.055     0.998633        99757       731.43
      53.951     0.998828        99776       853.33
      55.039     0.999023        99796      1024.00
      55.647     0.999121        99807      1137.78
      55.999     0.999219        99815      1280.00
      56.767     0.999316        99825      1462.86
      57.631     0.999414        99835      1706.67
      58.879     0.999512        99845      2048.00
      60.255     0.999561        99850      2275.56
      60.703     0.999609        99854      2560.00
      61.215     0.999658        99859      2925.71
      62.879     0.999707        99864      3413.33
      65.183     0.999756        99869      4096.00
      66.815     0.999780        99872      4551.11
      66.879     0.999805        99874      5120.00
      67.007     0.999829        99877      5851.43
      67.583     0.999854        99880      6826.67
      67.647     0.999878        99881      8192.00
      68.479     0.999890        99883      9102.22
      68.991     0.999902        99884     10240.00
      69.311     0.999915        99885     11702.86
      69.759     0.999927        99886     13653.33
      70.015     0.999939        99887     16384.00
      70.143     0.999945        99888     18204.44
      70.335     0.999951        99889     20480.00
      70.335     0.999957        99889     23405.71
      71.103     0.999963        99890     27306.67
      71.103     0.999969        99890     32768.00
      71.743     0.999973        99891     36408.89
      71.743     0.999976        99891     40960.00
      71.743     0.999979        99891     46811.43
      72.511     0.999982        99892     54613.33
      72.511     0.999985        99892     65536.00
      72.511     0.999986        99892     72817.78
      72.511     0.999988        99892     81920.00
      72.511     0.999989        99892     93622.86
      72.895     0.999991        99893    109226.67
      72.895     1.000000        99893          inf
#[Mean    =        3.489, StdDeviation   =        6.562]
#[Max     =       72.832, Total count    =        99893]
#[Buckets =           27, SubBuckets     =         2048]
----------------------------------------------------------
  99895 requests in 10.00s, 16.67MB read
Requests/sec:   9989.22
Transfer/sec:      1.67MB
