Running 10s test @ http://localhost
  2 threads and 10 connections
  Thread Stats   Avg      Stdev     Max   +/- Stdev
    Latency     2.03ms    2.64ms  44.96ms   94.40%
    Req/Sec       -nan      -nan   0.00      0.00%
  Latency Distribution (HdrHistogram - Recorded Latency)
 50.000%    1.44ms
 75.000%    2.11ms
 90.000%    3.28ms
 99.000%   14.43ms
 99.900%   30.56ms
 99.990%   43.65ms
 99.999%   44.77ms
100.000%   44.99ms

  Detailed Percentile spectrum:
       Value   Percentile   TotalCount 1/(1-Percentile)

       0.112     0.000000            1         1.00
       0.638     0.100000        10006         1.11
       0.857     0.200000        20030         1.25
       1.054     0.300000        30001         1.43
       1.247     0.400000        39961         1.67
       1.439     0.500000        49955         2.00
       1.541     0.550000        54965         2.22
       1.654     0.600000        59932         2.50
       1.784     0.650000        64933         2.86
       1.932     0.700000        69929         3.33
       2.107     0.750000        74928         4.00
       2.217     0.775000        77422         4.44
       2.339     0.800000        79919         5.00
       2.487     0.825000        82411         5.71
       2.667     0.850000        84925         6.67
       2.919     0.875000        87406         8.00
       3.075     0.887500        88656         8.89
       3.277     0.900000        89904        10.00
       3.525     0.912500        91150        11.43
       3.855     0.925000        92401        13.33
       4.331     0.937500        93652        16.00
       4.659     0.943750        94271        17.78
       5.131     0.950000        94892        20.00
       5.727     0.956250        95515        22.86
       6.531     0.962500        96139        26.67
       7.503     0.968750        96766        32.00
       8.095     0.971875        97075        35.56
       8.831     0.975000        97388        40.00
       9.567     0.978125        97700        45.71
      10.479     0.981250        98014        53.33
      11.639     0.984375        98325        64.00
      12.263     0.985938        98480        71.11
      13.095     0.987500        98637        80.00
      13.847     0.989062        98794        91.43
      14.895     0.990625        98948       106.67
      16.015     0.992188        99105       128.00
      16.863     0.992969        99182       142.22
      17.839     0.993750        99261       160.00
      19.039     0.994531        99338       182.86
      19.791     0.995313        99416       213.33
      20.543     0.996094        99494       256.00
      21.071     0.996484        99533       284.44
      21.647     0.996875        99572       320.00
      22.767     0.997266        99611       365.71
      24.415     0.997656        99650       426.67
      25.791     0.998047        99689       512.00
      26.415     0.998242        99709       568.89
      26.831     0.998437        99729       640.00
      27.583     0.998633        99748       731.43
      29.231     0.998828        99767       853.33
      30.767     0.999023        99787      1024.00
      31.343     0.999121        99797      1137.78
      32.143     0.999219        99806      1280.00
      33.631     0.999316        99816      1462.86
      36.351     0.999414        99826      1706.67
      37.375     0.999512        99836      2048.00
      38.207     0.999561        99841      2275.56
      40.351     0.999609        99845      2560.00
      41.247     0.999658        99850      2925.71
      42.143     0.999707        99855      3413.33
      42.687     0.999756        99860      4096.00
      42.943     0.999780        99863      4551.11
      43.103     0.999805        99866      5120.00
      43.135     0.999829        99867      5851.43
      43.295     0.999854        99870      6826.67
      43.423     0.999878        99872      8192.00
      43.647     0.999890        99874      9102.22
      43.679     0.999902        99875     10240.00
      43.839     0.999915        99876     11702.86
      43.903     0.999927        99877     13653.33
      43.999     0.999939        99878     16384.00
      44.351     0.999945        99879     18204.44
      44.479     0.999951        99881     20480.00
      44.479     0.999957        99881     23405.71
      44.479     0.999963        99881     27306.67
      44.479     0.999969        99881     32768.00
      44.703     0.999973        99882     36408.89
      44.703     0.999976        99882     40960.00
      44.703     0.999979        99882     46811.43
      44.767     0.999982        99883     54613.33
      44.767     0.999985        99883     65536.00
      44.767     0.999986        99883     72817.78
      44.767     0.999988        99883     81920.00
      44.767     0.999989        99883     93622.86
      44.991     0.999991        99884    109226.67
      44.991     1.000000        99884          inf
#[Mean    =        2.031, StdDeviation   =        2.637]
#[Max     =       44.960, Total count    =        99884]
#[Buckets =           27, SubBuckets     =         2048]
----------------------------------------------------------
  99886 requests in 10.00s, 16.67MB read
Requests/sec:   9988.71
Transfer/sec:      1.67MB
