Running 10s test @ http://localhost
  2 threads and 10 connections
  Thread Stats   Avg      Stdev     Max   +/- Stdev
    Latency     1.76ms    1.85ms  33.18ms   94.14%
    Req/Sec       -nan      -nan   0.00      0.00%
  Latency Distribution (HdrHistogram - Recorded Latency)
 50.000%    1.38ms
 75.000%    1.95ms
 90.000%    2.77ms
 99.000%    9.74ms
 99.900%   22.54ms
 99.990%   28.16ms
 99.999%   32.53ms
100.000%   33.22ms

  Detailed Percentile spectrum:
       Value   Percentile   TotalCount 1/(1-Percentile)

       0.111     0.000000            1         1.00
       0.644     0.100000         9995         1.11
       0.842     0.200000        20027         1.25
       1.023     0.300000        29985         1.43
       1.202     0.400000        40008         1.67
       1.376     0.500000        49960         2.00
       1.468     0.550000        54969         2.22
       1.568     0.600000        59967         2.50
       1.677     0.650000        64936         2.86
       1.801     0.700000        69925         3.33
       1.949     0.750000        74923         4.00
       2.034     0.775000        77427         4.44
       2.133     0.800000        79944         5.00
       2.245     0.825000        82438         5.71
       2.373     0.850000        84913         6.67
       2.539     0.875000        87421         8.00
       2.641     0.887500        88672         8.89
       2.773     0.900000        89913        10.00
       2.935     0.912500        91158        11.43
       3.157     0.925000        92394        13.33
       3.471     0.937500        93645        16.00
       3.683     0.943750        94267        17.78
       3.939     0.950000        94893        20.00
       4.291     0.956250        95520        22.86
       4.687     0.962500        96140        26.67
       5.219     0.968750        96764        32.00
       5.603     0.971875        97077        35.56
       6.059     0.975000        97389        40.00
       6.611     0.978125        97701        45.71
       7.247     0.981250        98014        53.33
       8.007     0.984375        98327        64.00
       8.399     0.985938        98485        71.11
       8.855     0.987500        98637        80.00
       9.375     0.989062        98793        91.43
      10.127     0.990625        98949       106.67
      10.951     0.992188        99105       128.00
      11.455     0.992969        99184       142.22
      12.095     0.993750        99261       160.00
      13.047     0.994531        99339       182.86
      14.343     0.995313        99417       213.33
      15.887     0.996094        99495       256.00
      16.719     0.996484        99536       284.44
      17.439     0.996875        99573       320.00
      18.303     0.997266        99612       365.71
      19.183     0.997656        99651       426.67
      20.159     0.998047        99690       512.00
      20.639     0.998242        99710       568.89
      21.119     0.998437        99729       640.00
      21.711     0.998633        99749       731.43
      22.047     0.998828        99768       853.33
      22.559     0.999023        99788      1024.00
      22.911     0.999121        99798      1137.78
      23.103     0.999219        99807      1280.00
      23.487     0.999316        99818      1462.86
      23.919     0.999414        99827      1706.67
      24.303     0.999512        99837      2048.00
      24.687     0.999561        99842      2275.56
      24.815     0.999609        99847      2560.00
      25.167     0.999658        99853      2925.71
      25.247     0.999707        99856      3413.33
      25.695     0.999756        99862      4096.00
      26.127     0.999780        99864      4551.11
      26.255     0.999805        99866      5120.00
      26.511     0.999829        99868      5851.43
      26.943     0.999854        99871      6826.67
      27.583     0.999878        99873      8192.00
      28.159     0.999890        99875      9102.22
      28.431     0.999902        99877     10240.00
      28.431     0.999915        99877     11702.86
      29.103     0.999927        99878     13653.33
      29.535     0.999939        99879     16384.00
      30.079     0.999945        99880     18204.44
      30.863     0.999951        99881     20480.00
      30.863     0.999957        99881     23405.71
      31.487     0.999963        99882     27306.67
      31.487     0.999969        99882     32768.00
      32.143     0.999973        99883     36408.89
      32.143     0.999976        99883     40960.00
      32.143     0.999979        99883     46811.43
      32.527     0.999982        99884     54613.33
      32.527     0.999985        99884     65536.00
      32.527     0.999986        99884     72817.78
      32.527     0.999988        99884     81920.00
      32.527     0.999989        99884     93622.86
      33.215     0.999991        99885    109226.67
      33.215     1.000000        99885          inf
#[Mean    =        1.757, StdDeviation   =        1.847]
#[Max     =       33.184, Total count    =        99885]
#[Buckets =           27, SubBuckets     =         2048]
----------------------------------------------------------
  99890 requests in 10.00s, 16.67MB read
Requests/sec:   9989.16
Transfer/sec:      1.67MB
