Running 10s test @ http://localhost
  2 threads and 10 connections
  Thread Stats   Avg      Stdev     Max   +/- Stdev
    Latency     2.88ms    5.14ms  58.85ms   93.05%
    Req/Sec       -nan      -nan   0.00      0.00%
  Latency Distribution (HdrHistogram - Recorded Latency)
 50.000%    1.46ms
 75.000%    2.32ms
 90.000%    5.27ms
 99.000%   29.90ms
 99.900%   47.97ms
 99.990%   54.21ms
 99.999%   58.49ms
100.000%   58.88ms

  Detailed Percentile spectrum:
       Value   Percentile   TotalCount 1/(1-Percentile)

       0.101     0.000000            2         1.00
       0.661     0.100000        10006         1.11
       0.879     0.200000        20008         1.25
       1.070     0.300000        30023         1.43
       1.256     0.400000        39997         1.67
       1.461     0.500000        49948         2.00
       1.582     0.550000        54956         2.22
       1.711     0.600000        59947         2.50
       1.866     0.650000        64939         2.86
       2.053     0.700000        69958         3.33
       2.315     0.750000        74933         4.00
       2.489     0.775000        77433         4.44
       2.717     0.800000        79909         5.00
       3.025     0.825000        82414         5.71
       3.463     0.850000        84902         6.67
       4.111     0.875000        87402         8.00
       4.603     0.887500        88655         8.89
       5.267     0.900000        89901        10.00
       6.143     0.912500        91147        11.43
       7.331     0.925000        92393        13.33
       9.111     0.937500        93642        16.00
      10.119     0.943750        94267        17.78
      11.143     0.950000        94890        20.00
      12.279     0.956250        95516        22.86
      13.719     0.962500        96140        26.67
      15.655     0.968750        96764        32.00
      16.719     0.971875        97080        35.56
      18.015     0.975000        97389        40.00
      19.519     0.978125        97702        45.71
      21.471     0.981250        98012        53.33
      23.455     0.984375        98324        64.00
      24.543     0.985938        98483        71.11
      26.239     0.987500        98637        80.00
      28.447     0.989062        98792        91.43
      31.007     0.990625        98948       106.67
      34.175     0.992188        99106       128.00
      35.455     0.992969        99184       142.22
      36.895     0.993750        99260       160.00
      37.823     0.994531        99339       182.86
      39.007     0.995313        99417       213.33
      40.159     0.996094        99497       256.00
      40.671     0.996484        99533       284.44
      41.343     0.996875        99577       320.00
      42.111     0.997266        99612       365.71
      42.975     0.997656        99650       426.67
      44.543     0.998047        99689       512.00
      45.599     0.998242        99710       568.89
      46.367     0.998437        99728       640.00
      46.975     0.998633        99748       731.43
      47.487     0.998828        99768       853.33
      48.255     0.999023        99789      1024.00
      48.511     0.999121        99797      1137.78
      48.799     0.999219        99806      1280.00
      49.151     0.999316        99816      1462.86
      49.439     0.999414        99826      1706.67
      49.887     0.999512        99836      2048.00
      50.335     0.999561        99841      2275.56
      50.559     0.999609        99846      2560.00
      51.423     0.999658        99850      2925.71
      52.575     0.999707        99855      3413.33
      53.439     0.999756        99860      4096.00
      53.567     0.999780        99863      4551.11
      53.663     0.999805        99865      5120.00
      53.823     0.999829        99867      5851.43
      53.951     0.999854        99870      6826.67
      54.047     0.999878        99873      8192.00
      54.207     0.999890        99874      9102.22
      54.527     0.999902        99875     10240.00
      54.591     0.999915        99876     11702.86
      55.039     0.999927        99877     13653.33
      55.583     0.999939        99878     16384.00
      56.319     0.999945        99879     18204.44
      56.863     0.999951        99880     20480.00
      56.863     0.999957        99880     23405.71
      57.247     0.999963        99881     27306.67
      57.247     0.999969        99881     32768.00
      57.791     0.999973        99882     36408.89
      57.791     0.999976        99882     40960.00
      57.791     0.999979        99882     46811.43
      58.495     0.999982        99883     54613.33
      58.495     0.999985        99883     65536.00
      58.495     0.999986        99883     72817.78
      58.495     0.999988        99883     81920.00
      58.495     0.999989        99883     93622.86
      58.879     0.999991        99884    109226.67
      58.879     1.000000        99884          inf
#[Mean    =        2.884, StdDeviation   =        5.138]
#[Max     =       58.848, Total count    =        99884]
#[Buckets =           27, SubBuckets     =         2048]
----------------------------------------------------------
  99887 requests in 10.00s, 16.67MB read
Requests/sec:   9989.54
Transfer/sec:      1.67MB
