Running 10s test @ http://localhost
  2 threads and 10 connections
  Thread Stats   Avg      Stdev     Max   +/- Stdev
    Latency     2.31ms    2.93ms  60.22ms   92.57%
    Req/Sec       -nan      -nan   0.00      0.00%
  Latency Distribution (HdrHistogram - Recorded Latency)
 50.000%    1.52ms
 75.000%    2.30ms
 90.000%    4.13ms
 99.000%   16.42ms
 99.900%   29.77ms
 99.990%   53.73ms
 99.999%   59.68ms
100.000%   60.26ms

  Detailed Percentile spectrum:
       Value   Percentile   TotalCount 1/(1-Percentile)

       0.119     0.000000            1         1.00
       0.705     0.100000         9992         1.11
       0.948     0.200000        20000         1.25
       1.146     0.300000        29962         1.43
       1.325     0.400000        39922         1.67
       1.520     0.500000        49916         2.00
       1.634     0.550000        54925         2.22
       1.763     0.600000        59885         2.50
       1.916     0.650000        64859         2.86
       2.087     0.700000        69895         3.33
       2.295     0.750000        74873         4.00
       2.427     0.775000        77366         4.44
       2.595     0.800000        79837         5.00
       2.813     0.825000        82334         5.71
       3.115     0.850000        84824         6.67
       3.523     0.875000        87311         8.00
       3.793     0.887500        88559         8.89
       4.127     0.900000        89805        10.00
       4.559     0.912500        91054        11.43
       5.191     0.925000        92304        13.33
       6.039     0.937500        93546        16.00
       6.583     0.943750        94173        17.78
       7.151     0.950000        94796        20.00
       7.787     0.956250        95418        22.86
       8.471     0.962500        96050        26.67
       9.303     0.968750        96669        32.00
       9.887     0.971875        96979        35.56
      10.535     0.975000        97288        40.00
      11.343     0.978125        97600        45.71
      12.151     0.981250        97914        53.33
      13.295     0.984375        98223        64.00
      14.055     0.985938        98381        71.11
      14.863     0.987500        98541        80.00
      15.783     0.989062        98691        91.43
      16.783     0.990625        98848       106.67
      17.743     0.992188        99005       128.00
      18.271     0.992969        99081       142.22
      18.799     0.993750        99159       160.00
      19.407     0.994531        99240       182.86
      19.855     0.995313        99318       213.33
      20.559     0.996094        99393       256.00
      20.911     0.996484        99435       284.44
      21.327     0.996875        99472       320.00
      21.839     0.997266        99510       365.71
      22.431     0.997656        99550       426.67
      23.695     0.998047        99588       512.00
      24.447     0.998242        99608       568.89
      26.207     0.998437        99627       640.00
      27.295     0.998633        99646       731.43
      28.623     0.998828        99666       853.33
      29.903     0.999023        99686      1024.00
      30.735     0.999121        99695      1137.78
      31.743     0.999219        99705      1280.00
      32.111     0.999316        99714      1462.86
      33.247     0.999414        99724      1706.67
      35.775     0.999512        99734      2048.00
      38.207     0.999561        99739      2275.56
      40.575     0.999609        99744      2560.00
      42.623     0.999658        99748      2925.71
      45.087     0.999707        99753      3413.33
      46.943     0.999756        99758      4096.00
      47.487     0.999780        99761      4551.11
      48.671     0.999805        99763      5120.00
      49.919     0.999829        99765      5851.43
      51.455     0.999854        99768      6826.67
      52.479     0.999878        99770      8192.00
      53.727     0.999890        99772      9102.22
      54.335     0.999902        99773     10240.00
      55.007     0.999915        99774     11702.86
      55.551     0.999927        99775     13653.33
      56.319     0.999939        99776     16384.00
      57.023     0.999945        99777     18204.44
      57.759     0.999951        99778     20480.00
      57.759     0.999957        99778     23405.71
      58.303     0.999963        99779     27306.67
      58.303     0.999969        99779     32768.00
      59.007     0.999973        99780     36408.89
      59.007     0.999976        99780     40960.00
      59.007     0.999979        99780     46811.43
      59.679     0.999982        99781     54613.33
      59.679     0.999985        99781     65536.00
      59.679     0.999986        99781     72817.78
      59.679     0.999988        99781     81920.00
      59.679     0.999989        99781     93622.86
      60.255     0.999991        99782    109226.67
      60.255     1.000000        99782          inf
#[Mean    =        2.307, StdDeviation   =        2.934]
#[Max     =       60.224, Total count    =        99782]
#[Buckets =           27, SubBuckets     =         2048]
----------------------------------------------------------
  99792 requests in 10.00s, 16.65MB read
Requests/sec:   9978.65
Transfer/sec:      1.67MB
