Running 10s test @ http://localhost
  2 threads and 10 connections
  Thread Stats   Avg      Stdev     Max   +/- Stdev
    Latency     2.84ms    5.35ms  68.35ms   94.22%
    Req/Sec       -nan      -nan   0.00      0.00%
  Latency Distribution (HdrHistogram - Recorded Latency)
 50.000%    1.51ms
 75.000%    2.46ms
 90.000%    5.11ms
 99.000%   32.24ms
 99.900%   60.13ms
 99.990%   66.62ms
 99.999%   68.22ms
100.000%   68.42ms

  Detailed Percentile spectrum:
       Value   Percentile   TotalCount 1/(1-Percentile)

       0.089     0.000000            1         1.00
       0.624     0.100000        10004         1.11
       0.834     0.200000        19982         1.25
       1.045     0.300000        29967         1.43
       1.276     0.400000        39968         1.67
       1.508     0.500000        49946         2.00
       1.638     0.550000        54969         2.22
       1.782     0.600000        59934         2.50
       1.955     0.650000        64937         2.86
       2.175     0.700000        69940         3.33
       2.461     0.750000        74937         4.00
       2.645     0.775000        77428         4.44
       2.871     0.800000        79917         5.00
       3.185     0.825000        82415         5.71
       3.627     0.850000        84910         6.67
       4.199     0.875000        87403         8.00
       4.615     0.887500        88652         8.89
       5.107     0.900000        89909        10.00
       5.795     0.912500        91148        11.43
       6.643     0.925000        92399        13.33
       7.711     0.937500        93648        16.00
       8.391     0.943750        94275        17.78
       9.223     0.950000        94898        20.00
      10.311     0.956250        95518        22.86
      11.823     0.962500        96145        26.67
      13.383     0.968750        96767        32.00
      14.231     0.971875        97080        35.56
      15.039     0.975000        97391        40.00
      16.199     0.978125        97703        45.71
      18.063     0.981250        98016        53.33
      20.319     0.984375        98328        64.00
      22.527     0.985938        98484        71.11
      26.479     0.987500        98640        80.00
      30.303     0.989062        98796        91.43
      33.375     0.990625        98954       106.67
      36.575     0.992188        99108       128.00
      37.695     0.992969        99187       142.22
      39.487     0.993750        99264       160.00
      40.895     0.994531        99343       182.86
      43.071     0.995313        99420       213.33
      45.887     0.996094        99498       256.00
      47.231     0.996484        99538       284.44
      48.543     0.996875        99576       320.00
      50.047     0.997266        99615       365.71
      52.031     0.997656        99654       426.67
      53.791     0.998047        99694       512.00
      55.199     0.998242        99713       568.89
      55.999     0.998437        99732       640.00
      56.991     0.998633        99752       731.43
      58.239     0.998828        99771       853.33
      60.287     0.999023        99791      1024.00
      61.279     0.999121        99802      1137.78
      61.983     0.999219        99810      1280.00
      62.239     0.999316        99820      1462.86
      62.847     0.999414        99830      1706.67
      63.167     0.999512        99840      2048.00
      63.327     0.999561        99846      2275.56
      63.519     0.999609        99850      2560.00
      63.903     0.999658        99855      2925.71
      64.031     0.999707        99859      3413.33
      64.575     0.999756        99864      4096.00
      65.087     0.999780        99868      4551.11
      65.119     0.999805        99869      5120.00
      65.407     0.999829        99871      5851.43
      65.983     0.999854        99874      6826.67
      66.431     0.999878        99877      8192.00
      66.623     0.999890        99878      9102.22
      66.751     0.999902        99879     10240.00
      66.815     0.999915        99880     11702.86
      67.135     0.999927        99881     13653.33
      67.263     0.999939        99882     16384.00
      67.327     0.999945        99883     18204.44
      67.647     0.999951        99884     20480.00
      67.647     0.999957        99884     23405.71
      67.711     0.999963        99885     27306.67
      67.711     0.999969        99885     32768.00
      67.839     0.999973        99886     36408.89
      67.839     0.999976        99886     40960.00
      67.839     0.999979        99886     46811.43
      68.223     0.999982        99887     54613.33
      68.223     0.999985        99887     65536.00
      68.223     0.999986        99887     72817.78
      68.223     0.999988        99887     81920.00
      68.223     0.999989        99887     93622.86
      68.415     0.999991        99888    109226.67
      68.415     1.000000        99888          inf
#[Mean    =        2.843, StdDeviation   =        5.350]
#[Max     =       68.352, Total count    =        99888]
#[Buckets =           27, SubBuckets     =         2048]
----------------------------------------------------------
  99892 requests in 10.00s, 16.67MB read
Requests/sec:   9988.94
Transfer/sec:      1.67MB
