Running 10s test @ http://localhost
  2 threads and 10 connections
  Thread Stats   Avg      Stdev     Max   +/- Stdev
    Latency     2.85ms    4.14ms  47.17ms   92.13%
    Req/Sec       -nan      -nan   0.00      0.00%
  Latency Distribution (HdrHistogram - Recorded Latency)
 50.000%    1.59ms
 75.000%    2.65ms
 90.000%    5.77ms
 99.000%   23.85ms
 99.900%   35.65ms
 99.990%   44.10ms
 99.999%   46.94ms
100.000%   47.20ms

  Detailed Percentile spectrum:
       Value   Percentile   TotalCount 1/(1-Percentile)

       0.108     0.000000            1         1.00
       0.698     0.100000        10007         1.11
       0.928     0.200000        19971         1.25
       1.147     0.300000        29970         1.43
       1.360     0.400000        39946         1.67
       1.587     0.500000        49944         2.00
       1.721     0.550000        54941         2.22
       1.875     0.600000        59908         2.50
       2.067     0.650000        64905         2.86
       2.313     0.700000        69900         3.33
       2.649     0.750000        74885         4.00
       2.889     0.775000        77390         4.44
       3.177     0.800000        79874         5.00
       3.553     0.825000        82370         5.71
       4.059     0.850000        84866         6.67
       4.763     0.875000        87368         8.00
       5.227     0.887500        88620         8.89
       5.771     0.900000        89867        10.00
       6.451     0.912500        91111        11.43
       7.287     0.925000        92359        13.33
       8.303     0.937500        93602        16.00
       8.935     0.943750        94232        17.78
       9.871     0.950000        94851        20.00
      10.871     0.956250        95474        22.86
      12.239     0.962500        96101        26.67
      13.967     0.968750        96723        32.00
      14.975     0.971875        97034        35.56
      16.207     0.975000        97347        40.00
      17.599     0.978125        97659        45.71
      19.023     0.981250        97973        53.33
      20.639     0.984375        98284        64.00
      21.471     0.985938        98440        71.11
      22.399     0.987500        98594        80.00
      23.295     0.989062        98751        91.43
      24.319     0.990625        98907       106.67
      25.455     0.992188        99062       128.00
      25.999     0.992969        99141       142.22
      26.559     0.993750        99219       160.00
      27.231     0.994531        99297       182.86
      27.951     0.995313        99374       213.33
      28.943     0.996094        99453       256.00
      29.519     0.996484        99492       284.44
      30.431     0.996875        99531       320.00
      31.215     0.997266        99569       365.71
      32.335     0.997656        99608       426.67
      33.247     0.998047        99648       512.00
      33.983     0.998242        99667       568.89
      34.431     0.998437        99687       640.00
      34.911     0.998633        99707       731.43
      35.231     0.998828        99725       853.33
      35.743     0.999023        99746      1024.00
      35.967     0.999121        99758      1137.78
      36.095     0.999219        99764      1280.00
      36.319     0.999316        99774      1462.86
      36.767     0.999414        99784      1706.67
      37.567     0.999512        99794      2048.00
      38.271     0.999561        99799      2275.56
      38.399     0.999609        99803      2560.00
      38.687     0.999658        99808      2925.71
      39.295     0.999707        99813      3413.33
      40.191     0.999756        99818      4096.00
      40.703     0.999780        99821      4551.11
      40.799     0.999805        99823      5120.00
      41.407     0.999829        99825      5851.43
      42.687     0.999854        99828      6826.67
      43.263     0.999878        99830      8192.00
      44.095     0.999890        99832      9102.22
      44.575     0.999902        99833     10240.00
      45.087     0.999915        99835     11702.86
      45.087     0.999927        99835     13653.33
      45.599     0.999939        99836     16384.00
      45.823     0.999945        99837     18204.44
      46.143     0.999951        99838     20480.00
      46.143     0.999957        99838     23405.71
      46.303     0.999963        99839     27306.67
      46.303     0.999969        99839     32768.00
      46.591     0.999973        99840     36408.89
      46.591     0.999976        99840     40960.00
      46.591     0.999979        99840     46811.43
      46.943     0.999982        99841     54613.33
      46.943     0.999985        99841     65536.00
      46.943     0.999986        99841     72817.78
      46.943     0.999988        99841     81920.00
      46.943     0.999989        99841     93622.86
      47.199     0.999991        99842    109226.67
      47.199     1.000000        99842          inf
#[Mean    =        2.851, StdDeviation   =        4.141]
#[Max     =       47.168, Total count    =        99842]
#[Buckets =           27, SubBuckets     =         2048]
----------------------------------------------------------
  99848 requests in 10.00s, 16.66MB read
Requests/sec:   9985.04
Transfer/sec:      1.67MB
