Running 10s test @ http://localhost
  2 threads and 10 connections
  Thread Stats   Avg      Stdev     Max   +/- Stdev
    Latency     2.14ms    2.80ms  34.27ms   93.41%
    Req/Sec       -nan      -nan   0.00      0.00%
  Latency Distribution (HdrHistogram - Recorded Latency)
 50.000%    1.41ms
 75.000%    2.18ms
 90.000%    3.76ms
 99.000%   16.88ms
 99.900%   26.38ms
 99.990%   33.47ms
 99.999%   34.27ms
100.000%   34.30ms

  Detailed Percentile spectrum:
       Value   Percentile   TotalCount 1/(1-Percentile)

       0.093     0.000000            1         1.00
       0.629     0.100000        10017         1.11
       0.821     0.200000        19995         1.25
       1.005     0.300000        29995         1.43
       1.195     0.400000        39963         1.67
       1.406     0.500000        49980         2.00
       1.521     0.550000        54943         2.22
       1.647     0.600000        59937         2.50
       1.788     0.650000        64924         2.86
       1.959     0.700000        69932         3.33
       2.179     0.750000        74944         4.00
       2.315     0.775000        77423         4.44
       2.481     0.800000        79913         5.00
       2.685     0.825000        82400         5.71
       2.945     0.850000        84895         6.67
       3.285     0.875000        87398         8.00
       3.499     0.887500        88643         8.89
       3.755     0.900000        89889        10.00
       4.083     0.912500        91138        11.43
       4.523     0.925000        92397        13.33
       5.131     0.937500        93635        16.00
       5.571     0.943750        94258        17.78
       6.127     0.950000        94882        20.00
       6.799     0.956250        95505        22.86
       7.687     0.962500        96132        26.67
       8.911     0.968750        96756        32.00
       9.591     0.971875        97067        35.56
      10.391     0.975000        97381        40.00
      11.311     0.978125        97690        45.71
      12.335     0.981250        98003        53.33
      13.767     0.984375        98315        64.00
      14.519     0.985938        98470        71.11
      15.415     0.987500        98627        80.00
      16.343     0.989062        98784        91.43
      17.247     0.990625        98938       106.67
      18.191     0.992188        99095       128.00
      18.831     0.992969        99172       142.22
      19.311     0.993750        99251       160.00
      19.855     0.994531        99328       182.86
      20.495     0.995313        99407       213.33
      21.167     0.996094        99484       256.00
      21.567     0.996484        99523       284.44
      21.887     0.996875        99562       320.00
      22.367     0.997266        99601       365.71
      22.783     0.997656        99641       426.67
      23.535     0.998047        99680       512.00
      24.095     0.998242        99699       568.89
      24.415     0.998437        99718       640.00
      25.071     0.998633        99738       731.43
      25.935     0.998828        99758       853.33
      26.463     0.999023        99777      1024.00
      27.151     0.999121        99787      1137.78
      28.191     0.999219        99796      1280.00
      29.039     0.999316        99806      1462.86
      30.271     0.999414        99816      1706.67
      30.943     0.999512        99826      2048.00
      31.167     0.999561        99832      2275.56
      31.311     0.999609        99835      2560.00
      31.711     0.999658        99840      2925.71
      32.079     0.999707        99845      3413.33
      32.543     0.999756        99850      4096.00
      32.671     0.999780        99853      4551.11
      32.895     0.999805        99855      5120.00
      32.959     0.999829        99857      5851.43
      33.247     0.999854        99860      6826.67
      33.343     0.999878        99862      8192.00
      33.471     0.999890        99864      9102.22
      33.599     0.999902        99865     10240.00
      33.695     0.999915        99867     11702.86
      33.695     0.999927        99867     13653.33
      33.727     0.999939        99869     16384.00
      33.727     0.999945        99869     18204.44
      33.791     0.999951        99870     20480.00
      33.791     0.999957        99870     23405.71
      34.143     0.999963        99871     27306.67
      34.143     0.999969        99871     32768.00
      34.175     0.999973        99872     36408.89
      34.175     0.999976        99872     40960.00
      34.175     0.999979        99872     46811.43
      34.271     0.999982        99873     54613.33
      34.271     0.999985        99873     65536.00
      34.271     0.999986        99873     72817.78
      34.271     0.999988        99873     81920.00
      34.271     0.999989        99873     93622.86
      34.303     0.999991        99874    109226.67
      34.303     1.000000        99874          inf
#[Mean    =        2.143, StdDeviation   =        2.796]
#[Max     =       34.272, Total count    =        99874]
#[Buckets =           27, SubBuckets     =         2048]
----------------------------------------------------------
  99877 requests in 10.00s, 16.67MB read
Requests/sec:   9986.96
Transfer/sec:      1.67MB
