Running 10s test @ http://localhost
  2 threads and 10 connections
  Thread Stats   Avg      Stdev     Max   +/- Stdev
    Latency     2.32ms    3.01ms  47.87ms   92.86%
    Req/Sec       -nan      -nan   0.00      0.00%
  Latency Distribution (HdrHistogram - Recorded Latency)
 50.000%    1.53ms
 75.000%    2.38ms
 90.000%    4.27ms
 99.000%   16.07ms
 99.900%   35.46ms
 99.990%   46.56ms
 99.999%   47.68ms
100.000%   47.90ms

  Detailed Percentile spectrum:
       Value   Percentile   TotalCount 1/(1-Percentile)

       0.089     0.000000            1         1.00
       0.679     0.100000        10031         1.11
       0.914     0.200000        20027         1.25
       1.115     0.300000        30011         1.43
       1.315     0.400000        39971         1.67
       1.531     0.500000        49989         2.00
       1.649     0.550000        54963         2.22
       1.785     0.600000        59950         2.50
       1.944     0.650000        64934         2.86
       2.133     0.700000        69947         3.33
       2.375     0.750000        74943         4.00
       2.527     0.775000        77438         4.44
       2.715     0.800000        79918         5.00
       2.957     0.825000        82425         5.71
       3.265     0.850000        84912         6.67
       3.687     0.875000        87412         8.00
       3.949     0.887500        88659         8.89
       4.271     0.900000        89912        10.00
       4.675     0.912500        91155        11.43
       5.167     0.925000        92405        13.33
       5.827     0.937500        93655        16.00
       6.275     0.943750        94276        17.78
       6.743     0.950000        94900        20.00
       7.303     0.956250        95525        22.86
       7.935     0.962500        96150        26.67
       8.719     0.968750        96775        32.00
       9.167     0.971875        97090        35.56
       9.743     0.975000        97398        40.00
      10.447     0.978125        97710        45.71
      11.335     0.981250        98022        53.33
      12.695     0.984375        98335        64.00
      13.463     0.985938        98490        71.11
      14.295     0.987500        98648        80.00
      15.343     0.989062        98802        91.43
      16.575     0.990625        98958       106.67
      17.807     0.992188        99114       128.00
      18.655     0.992969        99192       142.22
      19.567     0.993750        99270       160.00
      20.847     0.994531        99349       182.86
      22.175     0.995313        99426       213.33
      23.759     0.996094        99505       256.00
      24.783     0.996484        99543       284.44
      25.807     0.996875        99582       320.00
      26.575     0.997266        99621       365.71
      27.695     0.997656        99660       426.67
      29.231     0.998047        99699       512.00
      29.967     0.998242        99720       568.89
      30.879     0.998437        99738       640.00
      32.207     0.998633        99758       731.43
      33.727     0.998828        99777       853.33
      35.967     0.999023        99797      1024.00
      36.735     0.999121        99807      1137.78
      37.439     0.999219        99816      1280.00
      37.855     0.999316        99826      1462.86
      38.367     0.999414        99836      1706.67
      38.815     0.999512        99847      2048.00
      39.295     0.999561        99852      2275.56
      39.711     0.999609        99855      2560.00
      40.543     0.999658        99860      2925.71
      41.791     0.999707        99865      3413.33
      43.615     0.999756        99870      4096.00
      44.383     0.999780        99873      4551.11
      44.927     0.999805        99875      5120.00
      45.439     0.999829        99877      5851.43
      46.111     0.999854        99881      6826.67
      46.335     0.999878        99882      8192.00
      46.559     0.999890        99884      9102.22
      46.623     0.999902        99885     10240.00
      46.815     0.999915        99886     11702.86
      47.071     0.999927        99887     13653.33
      47.199     0.999939        99888     16384.00
      47.231     0.999945        99889     18204.44
      47.263     0.999951        99890     20480.00
      47.263     0.999957        99890     23405.71
      47.359     0.999963        99891     27306.67
      47.359     0.999969        99891     32768.00
      47.583     0.999973        99892     36408.89
      47.583     0.999976        99892     40960.00
      47.583     0.999979        99892     46811.43
      47.679     0.999982        99893     54613.33
      47.679     0.999985        99893     65536.00
      47.679     0.999986        99893     72817.78
      47.679     0.999988        99893     81920.00
      47.679     0.999989        99893     93622.86
      47.903     0.999991        99894    109226.67
      47.903     1.000000        99894          inf
#[Mean    =        2.317, StdDeviation   =        3.015]
#[Max     =       47.872, Total count    =        99894]
#[Buckets =           27, SubBuckets     =         2048]
----------------------------------------------------------
  99896 requests in 10.00s, 16.67MB read
Requests/sec:   9988.35
Transfer/sec:      1.67MB
