Running 10s test @ http://localhost
  2 threads and 10 connections
  Thread Stats   Avg      Stdev     Max   +/- Stdev
    Latency     2.24ms    2.71ms  31.02ms   92.28%
    Req/Sec       -nan      -nan   0.00      0.00%
  Latency Distribution (HdrHistogram - Recorded Latency)
 50.000%    1.50ms
 75.000%    2.25ms
 90.000%    4.03ms
 99.000%   15.33ms
 99.900%   24.69ms
 99.990%   28.88ms
 99.999%   30.66ms
100.000%   31.04ms

  Detailed Percentile spectrum:
       Value   Percentile   TotalCount 1/(1-Percentile)

       0.098     0.000000            1         1.00
       0.675     0.100000        10012         1.11
       0.900     0.200000        19978         1.25
       1.103     0.300000        29979         1.43
       1.299     0.400000        39963         1.67
       1.498     0.500000        49947         2.00
       1.608     0.550000        54962         2.22
       1.732     0.600000        59959         2.50
       1.875     0.650000        64946         2.86
       2.040     0.700000        69930         3.33
       2.251     0.750000        74930         4.00
       2.377     0.775000        77409         4.44
       2.535     0.800000        79923         5.00
       2.739     0.825000        82414         5.71
       3.027     0.850000        84899         6.67
       3.425     0.875000        87401         8.00
       3.697     0.887500        88651         8.89
       4.031     0.900000        89893        10.00
       4.475     0.912500        91151        11.43
       5.083     0.925000        92390        13.33
       5.907     0.937500        93641        16.00
       6.419     0.943750        94268        17.78
       7.023     0.950000        94890        20.00
       7.715     0.956250        95512        22.86
       8.455     0.962500        96138        26.67
       9.447     0.968750        96762        32.00
      10.055     0.971875        97072        35.56
      10.775     0.975000        97386        40.00
      11.615     0.978125        97698        45.71
      12.487     0.981250        98009        53.33
      13.311     0.984375        98321        64.00
      13.895     0.985938        98480        71.11
      14.439     0.987500        98635        80.00
      14.983     0.989062        98790        91.43
      15.607     0.990625        98945       106.67
      16.399     0.992188        99101       128.00
      16.959     0.992969        99179       142.22
      17.455     0.993750        99257       160.00
      18.239     0.994531        99336       182.86
      18.927     0.995313        99415       213.33
      19.727     0.996094        99491       256.00
      20.255     0.996484        99531       284.44
      20.639     0.996875        99571       320.00
      21.055     0.997266        99608       365.71
      21.487     0.997656        99647       426.67
      22.271     0.998047        99686       512.00
      22.655     0.998242        99707       568.89
      22.991     0.998437        99726       640.00
      23.407     0.998633        99746       731.43
      24.095     0.998828        99765       853.33
      24.783     0.999023        99784      1024.00
      25.311     0.999121        99795      1137.78
      25.727     0.999219        99803      1280.00
      26.207     0.999316        99813      1462.86
      26.479     0.999414        99823      1706.67
      27.151     0.999512        99833      2048.00
      27.327     0.999561        99839      2275.56
      27.503     0.999609        99842      2560.00
      27.631     0.999658        99847      2925.71
      27.743     0.999707        99852      3413.33
      28.015     0.999756        99857      4096.00
      28.239     0.999780        99860      4551.11
      28.303     0.999805        99862      5120.00
      28.399     0.999829        99864      5851.43
      28.639     0.999854        99867      6826.67
      28.735     0.999878        99869      8192.00
      28.879     0.999890        99871      9102.22
      29.071     0.999902        99872     10240.00
      29.167     0.999915        99873     11702.86
      29.215     0.999927        99874     13653.33
      29.359     0.999939        99875     16384.00
      29.631     0.999945        99876     18204.44
      30.127     0.999951        99877     20480.00
      30.127     0.999957        99877     23405.71
      30.239     0.999963        99878     27306.67
      30.239     0.999969        99878     32768.00
      30.527     0.999973        99879     36408.89
      30.527     0.999976        99879     40960.00
      30.527     0.999979        99879     46811.43
      30.655     0.999982        99880     54613.33
      30.655     0.999985        99880     65536.00
      30.655     0.999986        99880     72817.78
      30.655     0.999988        99880     81920.00
      30.655     0.999989        99880     93622.86
      31.039     0.999991        99881    109226.67
      31.039     1.000000        99881          inf
#[Mean    =        2.242, StdDeviation   =        2.707]
#[Max     =       31.024, Total count    =        99881]
#[Buckets =           27, SubBuckets     =         2048]
----------------------------------------------------------
  99883 requests in 10.00s, 16.67MB read
Requests/sec:   9988.63
Transfer/sec:      1.67MB
