Running 10s test @ http://localhost
  2 threads and 10 connections
  Thread Stats   Avg      Stdev     Max   +/- Stdev
    Latency     3.82ms    8.36ms  73.28ms   92.94%
    Req/Sec       -nan      -nan   0.00      0.00%
  Latency Distribution (HdrHistogram - Recorded Latency)
 50.000%    1.47ms
 75.000%    2.30ms
 90.000%    6.84ms
 99.000%   49.15ms
 99.900%   66.69ms
 99.990%   70.85ms
 99.999%   73.34ms
100.000%   73.34ms

  Detailed Percentile spectrum:
       Value   Percentile   TotalCount 1/(1-Percentile)

       0.113     0.000000            1         1.00
       0.651     0.100000        10031         1.11
       0.855     0.200000        19985         1.25
       1.054     0.300000        29991         1.43
       1.261     0.400000        39986         1.67
       1.471     0.500000        49971         2.00
       1.585     0.550000        54956         2.22
       1.715     0.600000        59945         2.50
       1.869     0.650000        64929         2.86
       2.055     0.700000        69948         3.33
       2.303     0.750000        74935         4.00
       2.469     0.775000        77435         4.44
       2.695     0.800000        79907         5.00
       3.029     0.825000        82407         5.71
       3.605     0.850000        84903         6.67
       4.663     0.875000        87397         8.00
       5.543     0.887500        88650         8.89
       6.839     0.900000        89894        10.00
       8.487     0.912500        91145        11.43
      11.119     0.925000        92392        13.33
      14.359     0.937500        93641        16.00
      16.415     0.943750        94267        17.78
      18.719     0.950000        94891        20.00
      21.071     0.956250        95513        22.86
      24.031     0.962500        96142        26.67
      27.615     0.968750        96765        32.00
      29.599     0.971875        97078        35.56
      31.759     0.975000        97385        40.00
      35.135     0.978125        97698        45.71
      39.167     0.981250        98010        53.33
      42.655     0.984375        98323        64.00
      44.447     0.985938        98481        71.11
      46.399     0.987500        98641        80.00
      47.967     0.989062        98790        91.43
      50.047     0.990625        98946       106.67
      52.639     0.992188        99102       128.00
      54.463     0.992969        99181       142.22
      55.583     0.993750        99259       160.00
      56.383     0.994531        99336       182.86
      57.471     0.995313        99416       213.33
      58.623     0.996094        99492       256.00
      59.295     0.996484        99535       284.44
      60.063     0.996875        99570       320.00
      60.863     0.997266        99609       365.71
      61.823     0.997656        99648       426.67
      63.007     0.998047        99687       512.00
      63.487     0.998242        99709       568.89
      64.479     0.998437        99726       640.00
      65.343     0.998633        99746       731.43
      66.239     0.998828        99769       853.33
      66.751     0.999023        99785      1024.00
      67.007     0.999121        99797      1137.78
      67.135     0.999219        99805      1280.00
      67.455     0.999316        99815      1462.86
      67.711     0.999414        99827      1706.67
      67.967     0.999512        99834      2048.00
      68.287     0.999561        99840      2275.56
      68.479     0.999609        99844      2560.00
      68.863     0.999658        99848      2925.71
      69.119     0.999707        99854      3413.33
      69.247     0.999756        99858      4096.00
      69.887     0.999780        99861      4551.11
      70.207     0.999805        99864      5120.00
      70.271     0.999829        99865      5851.43
      70.463     0.999854        99868      6826.67
      70.719     0.999878        99870      8192.00
      70.847     0.999890        99873      9102.22
      70.847     0.999902        99873     10240.00
      71.039     0.999915        99874     11702.86
      71.231     0.999927        99875     13653.33
      71.423     0.999939        99876     16384.00
      71.999     0.999945        99877     18204.44
      72.767     0.999951        99878     20480.00
      72.767     0.999957        99878     23405.71
      73.023     0.999963        99879     27306.67
      73.023     0.999969        99879     32768.00
      73.215     0.999973        99880     36408.89
      73.215     0.999976        99880     40960.00
      73.215     0.999979        99880     46811.43
      73.343     0.999982        99882     54613.33
      73.343     1.000000        99882          inf
#[Mean    =        3.824, StdDeviation   =        8.364]
#[Max     =       73.280, Total count    =        99882]
#[Buckets =           27, SubBuckets     =         2048]
----------------------------------------------------------
  99884 requests in 10.00s, 16.67MB read
Requests/sec:   9987.85
Transfer/sec:      1.67MB
