Running 10s test @ http://localhost
  2 threads and 10 connections
  Thread Stats   Avg      Stdev     Max   +/- Stdev
    Latency     2.26ms    3.51ms  48.93ms   94.56%
    Req/Sec       -nan      -nan   0.00      0.00%
  Latency Distribution (HdrHistogram - Recorded Latency)
 50.000%    1.45ms
 75.000%    2.08ms
 90.000%    3.29ms
 99.000%   22.29ms
 99.900%   32.48ms
 99.990%   44.77ms
 99.999%   48.70ms
100.000%   48.96ms

  Detailed Percentile spectrum:
       Value   Percentile   TotalCount 1/(1-Percentile)

       0.131     0.000000            1         1.00
       0.663     0.100000         9990         1.11
       0.874     0.200000        20010         1.25
       1.073     0.300000        29965         1.43
       1.265     0.400000        39970         1.67
       1.450     0.500000        49951         2.00
       1.547     0.550000        54960         2.22
       1.656     0.600000        59943         2.50
       1.774     0.650000        64917         2.86
       1.913     0.700000        69926         3.33
       2.081     0.750000        74922         4.00
       2.179     0.775000        77406         4.44
       2.291     0.800000        79904         5.00
       2.425     0.825000        82393         5.71
       2.605     0.850000        84896         6.67
       2.865     0.875000        87382         8.00
       3.035     0.887500        88625         8.89
       3.289     0.900000        89872        10.00
       3.663     0.912500        91122        11.43
       4.199     0.925000        92370        13.33
       5.007     0.937500        93612        16.00
       5.563     0.943750        94236        17.78
       6.283     0.950000        94862        20.00
       7.335     0.956250        95484        22.86
       8.743     0.962500        96110        26.67
      10.551     0.968750        96733        32.00
      11.543     0.971875        97044        35.56
      12.623     0.975000        97357        40.00
      13.999     0.978125        97669        45.71
      15.471     0.981250        97981        53.33
      17.327     0.984375        98294        64.00
      18.415     0.985938        98450        71.11
      19.823     0.987500        98605        80.00
      21.263     0.989062        98760        91.43
      22.911     0.990625        98917       106.67
      24.639     0.992188        99073       128.00
      25.519     0.992969        99150       142.22
      26.335     0.993750        99228       160.00
      26.959     0.994531        99306       182.86
      27.535     0.995313        99386       213.33
      28.015     0.996094        99463       256.00
      28.303     0.996484        99502       284.44
      28.687     0.996875        99540       320.00
      29.071     0.997266        99579       365.71
      29.471     0.997656        99618       426.67
      29.999     0.998047        99659       512.00
      30.287     0.998242        99677       568.89
      30.735     0.998437        99696       640.00
      31.055     0.998633        99716       731.43
      31.631     0.998828        99735       853.33
      32.559     0.999023        99755      1024.00
      33.023     0.999121        99768      1137.78
      33.247     0.999219        99774      1280.00
      33.919     0.999316        99784      1462.86
      34.655     0.999414        99794      1706.67
      35.551     0.999512        99804      2048.00
      35.935     0.999561        99809      2275.56
      36.671     0.999609        99813      2560.00
      36.959     0.999658        99818      2925.71
      37.119     0.999707        99823      3413.33
      38.015     0.999756        99828      4096.00
      38.303     0.999780        99831      4551.11
      39.103     0.999805        99833      5120.00
      40.543     0.999829        99835      5851.43
      42.495     0.999854        99838      6826.67
      43.711     0.999878        99840      8192.00
      44.767     0.999890        99842      9102.22
      44.863     0.999902        99843     10240.00
      45.311     0.999915        99844     11702.86
      45.631     0.999927        99845     13653.33
      45.855     0.999939        99846     16384.00
      46.527     0.999945        99847     18204.44
      47.103     0.999951        99848     20480.00
      47.103     0.999957        99848     23405.71
      47.903     0.999963        99849     27306.67
      47.903     0.999969        99849     32768.00
      48.191     0.999973        99850     36408.89
      48.191     0.999976        99850     40960.00
      48.191     0.999979        99850     46811.43
      48.703     0.999982        99851     54613.33
      48.703     0.999985        99851     65536.00
      48.703     0.999986        99851     72817.78
      48.703     0.999988        99851     81920.00
      48.703     0.999989        99851     93622.86
      48.959     0.999991        99852    109226.67
      48.959     1.000000        99852          inf
#[Mean    =        2.256, StdDeviation   =        3.512]
#[Max     =       48.928, Total count    =        99852]
#[Buckets =           27, SubBuckets     =         2048]
----------------------------------------------------------
  99855 requests in 10.00s, 16.67MB read
Requests/sec:   9985.11
Transfer/sec:      1.67MB
