Running 10s test @ http://localhost
  2 threads and 10 connections
  Thread Stats   Avg      Stdev     Max   +/- Stdev
    Latency     2.92ms    4.00ms  39.07ms   90.04%
    Req/Sec       -nan      -nan   0.00      0.00%
  Latency Distribution (HdrHistogram - Recorded Latency)
 50.000%    1.55ms
 75.000%    2.72ms
 90.000%    6.89ms
 99.000%   20.85ms
 99.900%   31.38ms
 99.990%   36.48ms
 99.999%   38.94ms
100.000%   39.10ms

  Detailed Percentile spectrum:
       Value   Percentile   TotalCount 1/(1-Percentile)

       0.127     0.000000            1         1.00
       0.665     0.100000        10011         1.11
       0.878     0.200000        20013         1.25
       1.086     0.300000        29967         1.43
       1.309     0.400000        39984         1.67
       1.551     0.500000        49941         2.00
       1.693     0.550000        54942         2.22
       1.858     0.600000        59941         2.50
       2.057     0.650000        64916         2.86
       2.331     0.700000        69928         3.33
       2.719     0.750000        74899         4.00
       2.991     0.775000        77401         4.44
       3.341     0.800000        79897         5.00
       3.805     0.825000        82393         5.71
       4.439     0.850000        84890         6.67
       5.383     0.875000        87390         8.00
       6.051     0.887500        88637         8.89
       6.887     0.900000        89880        10.00
       7.879     0.912500        91128        11.43
       9.063     0.925000        92383        13.33
      10.335     0.937500        93627        16.00
      11.023     0.943750        94250        17.78
      11.719     0.950000        94877        20.00
      12.455     0.956250        95499        22.86
      13.311     0.962500        96124        26.67
      14.311     0.968750        96745        32.00
      14.903     0.971875        97060        35.56
      15.543     0.975000        97370        40.00
      16.319     0.978125        97682        45.71
      17.183     0.981250        97997        53.33
      18.383     0.984375        98310        64.00
      19.055     0.985938        98463        71.11
      19.743     0.987500        98618        80.00
      20.399     0.989062        98775        91.43
      21.119     0.990625        98932       106.67
      21.919     0.992188        99085       128.00
      22.431     0.992969        99165       142.22
      23.023     0.993750        99243       160.00
      23.727     0.994531        99319       182.86
      24.687     0.995313        99397       213.33
      25.567     0.996094        99476       256.00
      26.143     0.996484        99516       284.44
      26.671     0.996875        99553       320.00
      27.311     0.997266        99594       365.71
      28.111     0.997656        99631       426.67
      29.055     0.998047        99670       512.00
      29.551     0.998242        99692       568.89
      29.919     0.998437        99709       640.00
      30.463     0.998633        99729       731.43
      31.071     0.998828        99748       853.33
      31.487     0.999023        99768      1024.00
      31.727     0.999121        99778      1137.78
      32.079     0.999219        99787      1280.00
      32.495     0.999316        99797      1462.86
      32.959     0.999414        99807      1706.67
      33.407     0.999512        99818      2048.00
      33.759     0.999561        99822      2275.56
      34.047     0.999609        99826      2560.00
      34.527     0.999658        99831      2925.71
      35.007     0.999707        99836      3413.33
      35.327     0.999756        99842      4096.00
      35.487     0.999780        99844      4551.11
      35.519     0.999805        99846      5120.00
      35.967     0.999829        99849      5851.43
      36.223     0.999854        99851      6826.67
      36.447     0.999878        99853      8192.00
      36.479     0.999890        99855      9102.22
      36.511     0.999902        99856     10240.00
      36.863     0.999915        99857     11702.86
      36.927     0.999927        99858     13653.33
      36.991     0.999939        99859     16384.00
      37.343     0.999945        99860     18204.44
      37.951     0.999951        99861     20480.00
      37.951     0.999957        99861     23405.71
      38.591     0.999963        99862     27306.67
      38.591     0.999969        99862     32768.00
      38.911     0.999973        99863     36408.89
      38.911     0.999976        99863     40960.00
      38.911     0.999979        99863     46811.43
      38.943     0.999982        99864     54613.33
      38.943     0.999985        99864     65536.00
      38.943     0.999986        99864     72817.78
      38.943     0.999988        99864     81920.00
      38.943     0.999989        99864     93622.86
      39.103     0.999991        99865    109226.67
      39.103     1.000000        99865          inf
#[Mean    =        2.921, StdDeviation   =        3.997]
#[Max     =       39.072, Total count    =        99865]
#[Buckets =           27, SubBuckets     =         2048]
----------------------------------------------------------
  99867 requests in 10.00s, 16.67MB read
Requests/sec:   9986.57
Transfer/sec:      1.67MB
