Running 10s test @ http://localhost
  2 threads and 10 connections
  Thread Stats   Avg      Stdev     Max   +/- Stdev
    Latency     1.81ms    1.87ms  26.70ms   93.46%
    Req/Sec       -nan      -nan   0.00      0.00%
  Latency Distribution (HdrHistogram - Recorded Latency)
 50.000%    1.40ms
 75.000%    2.03ms
 90.000%    2.99ms
 99.000%   10.42ms
 99.900%   21.31ms
 99.990%   25.22ms
 99.999%   26.32ms
100.000%   26.72ms

  Detailed Percentile spectrum:
       Value   Percentile   TotalCount 1/(1-Percentile)

       0.089     0.000000            1         1.00
       0.611     0.100000        10021         1.11
       0.816     0.200000        19996         1.25
       1.013     0.300000        29968         1.43
       1.208     0.400000        40003         1.67
       1.402     0.500000        49960         2.00
       1.503     0.550000        54967         2.22
       1.611     0.600000        59949         2.50
       1.732     0.650000        64927         2.86
       1.870     0.700000        69920         3.33
       2.030     0.750000        74914         4.00
       2.125     0.775000        77425         4.44
       2.233     0.800000        79949         5.00
       2.355     0.825000        82426         5.71
       2.513     0.850000        84925         6.67
       2.711     0.875000        87402         8.00
       2.839     0.887500        88651         8.89
       2.995     0.900000        89896        10.00
       3.189     0.912500        91150        11.43
       3.441     0.925000        92393        13.33
       3.777     0.937500        93646        16.00
       3.997     0.943750        94271        17.78
       4.251     0.950000        94891        20.00
       4.591     0.956250        95519        22.86
       4.995     0.962500        96140        26.67
       5.543     0.968750        96764        32.00
       5.899     0.971875        97077        35.56
       6.315     0.975000        97392        40.00
       6.839     0.978125        97704        45.71
       7.491     0.981250        98013        53.33
       8.319     0.984375        98325        64.00
       8.823     0.985938        98480        71.11
       9.383     0.987500        98636        80.00
      10.023     0.989062        98792        91.43
      10.815     0.990625        98949       106.67
      11.775     0.992188        99104       128.00
      12.311     0.992969        99182       142.22
      12.879     0.993750        99260       160.00
      13.607     0.994531        99340       182.86
      14.271     0.995313        99416       213.33
      15.247     0.996094        99494       256.00
      15.895     0.996484        99533       284.44
      16.591     0.996875        99572       320.00
      17.647     0.997266        99611       365.71
      18.719     0.997656        99651       426.67
      19.567     0.998047        99689       512.00
      19.935     0.998242        99709       568.89
      20.255     0.998437        99729       640.00
      20.639     0.998633        99748       731.43
      21.039     0.998828        99767       853.33
      21.439     0.999023        99787      1024.00
      21.663     0.999121        99798      1137.78
      21.791     0.999219        99806      1280.00
      22.239     0.999316        99816      1462.86
      22.399     0.999414        99826      1706.67
      22.655     0.999512        99836      2048.00
      22.863     0.999561        99841      2275.56
      23.071     0.999609        99845      2560.00
      23.471     0.999658        99850      2925.71
      23.663     0.999707        99856      3413.33
      23.727     0.999756        99860      4096.00
      24.031     0.999780        99863      4551.11
      24.207     0.999805        99866      5120.00
      24.367     0.999829        99867      5851.43
      24.767     0.999854        99870      6826.67
      24.991     0.999878        99872      8192.00
      25.215     0.999890        99875      9102.22
      25.215     0.999902        99875     10240.00
      25.455     0.999915        99876     11702.86
      25.663     0.999927        99877     13653.33
      25.711     0.999939        99878     16384.00
      25.759     0.999945        99879     18204.44
      26.127     0.999951        99880     20480.00
      26.127     0.999957        99880     23405.71
      26.255     0.999963        99881     27306.67
      26.255     0.999969        99881     32768.00
      26.271     0.999973        99882     36408.89
      26.271     0.999976        99882     40960.00
      26.271     0.999979        99882     46811.43
      26.319     0.999982        99883     54613.33
      26.319     0.999985        99883     65536.00
      26.319     0.999986        99883     72817.78
      26.319     0.999988        99883     81920.00
      26.319     0.999989        99883     93622.86
      26.719     0.999991        99884    109226.67
      26.719     1.000000        99884          inf
#[Mean    =        1.809, StdDeviation   =        1.874]
#[Max     =       26.704, Total count    =        99884]
#[Buckets =           27, SubBuckets     =         2048]
----------------------------------------------------------
  99891 requests in 10.00s, 16.67MB read
Requests/sec:   9989.51
Transfer/sec:      1.67MB
