Running 10s test @ http://localhost
  2 threads and 10 connections
  Thread Stats   Avg      Stdev     Max   +/- Stdev
    Latency     5.11ms   12.84ms 114.82ms   94.03%
    Req/Sec       -nan      -nan   0.00      0.00%
  Latency Distribution (HdrHistogram - Recorded Latency)
 50.000%    1.56ms
 75.000%    2.69ms
 90.000%    8.94ms
 99.000%   80.32ms
 99.900%   99.01ms
 99.990%  108.67ms
 99.999%  114.24ms
100.000%  114.88ms

  Detailed Percentile spectrum:
       Value   Percentile   TotalCount 1/(1-Percentile)

       0.108     0.000000            1         1.00
       0.686     0.100000         9992         1.11
       0.909     0.200000        19987         1.25
       1.118     0.300000        30027         1.43
       1.324     0.400000        39968         1.67
       1.557     0.500000        49971         2.00
       1.690     0.550000        54971         2.22
       1.846     0.600000        59946         2.50
       2.037     0.650000        64943         2.86
       2.291     0.700000        69925         3.33
       2.689     0.750000        74934         4.00
       2.987     0.775000        77428         4.44
       3.409     0.800000        79924         5.00
       3.997     0.825000        82417         5.71
       4.947     0.850000        84911         6.67
       6.443     0.875000        87413         8.00
       7.507     0.887500        88655         8.89
       8.935     0.900000        89904        10.00
      10.847     0.912500        91156        11.43
      13.495     0.925000        92400        13.33
      16.991     0.937500        93651        16.00
      19.807     0.943750        94279        17.78
      23.535     0.950000        94898        20.00
      28.671     0.956250        95522        22.86
      35.455     0.962500        96148        26.67
      41.375     0.968750        96771        32.00
      43.807     0.971875        97083        35.56
      47.679     0.975000        97394        40.00
      53.023     0.978125        97708        45.71
      58.303     0.981250        98019        53.33
      64.223     0.984375        98333        64.00
      67.647     0.985938        98487        71.11
      72.255     0.987500        98643        80.00
      77.247     0.989062        98799        91.43
      81.983     0.990625        98955       106.67
      86.143     0.992188        99111       128.00
      88.319     0.992969        99192       142.22
      90.047     0.993750        99271       160.00
      91.647     0.994531        99348       182.86
      93.055     0.995313        99426       213.33
      94.207     0.996094        99504       256.00
      94.783     0.996484        99540       284.44
      95.359     0.996875        99583       320.00
      95.999     0.997266        99619       365.71
      96.511     0.997656        99660       426.67
      97.023     0.998047        99699       512.00
      97.279     0.998242        99718       568.89
      97.599     0.998437        99736       640.00
      98.175     0.998633        99755       731.43
      98.559     0.998828        99774       853.33
      99.071     0.999023        99795      1024.00
      99.263     0.999121        99805      1137.78
      99.391     0.999219        99816      1280.00
      99.647     0.999316        99824      1462.86
      99.903     0.999414        99833      1706.67
     100.479     0.999512        99844      2048.00
     100.799     0.999561        99848      2275.56
     100.927     0.999609        99852      2560.00
     101.311     0.999658        99857      2925.71
     101.567     0.999707        99862      3413.33
     102.271     0.999756        99867      4096.00
     102.847     0.999780        99870      4551.11
     104.063     0.999805        99872      5120.00
     105.087     0.999829        99874      5851.43
     106.495     0.999854        99877      6826.67
     107.519     0.999878        99879      8192.00
     108.671     0.999890        99881      9102.22
     109.375     0.999902        99882     10240.00
     109.823     0.999915        99883     11702.86
     110.463     0.999927        99884     13653.33
     111.039     0.999939        99885     16384.00
     111.807     0.999945        99886     18204.44
     112.511     0.999951        99887     20480.00
     112.511     0.999957        99887     23405.71
     113.087     0.999963        99888     27306.67
     113.087     0.999969        99888     32768.00
     113.663     0.999973        99889     36408.89
     113.663     0.999976        99889     40960.00
     113.663     0.999979        99889     46811.43
     114.239     0.999982        99890     54613.33
     114.239     0.999985        99890     65536.00
     114.239     0.999986        99890     72817.78
     114.239     0.999988        99890     81920.00
     114.239     0.999989        99890     93622.86
     114.879     0.999991        99891    109226.67
     114.879     1.000000        99891          inf
#[Mean    =        5.115, StdDeviation   =       12.843]
#[Max     =      114.816, Total count    =        99891]
#[Buckets =           27, SubBuckets     =         2048]
----------------------------------------------------------
  99893 requests in 10.00s, 16.67MB read
Requests/sec:   9989.58
Transfer/sec:      1.67MB
