Running 10s test @ http://localhost
  2 threads and 10 connections
  Thread Stats   Avg      Stdev     Max   +/- Stdev
    Latency     4.03ms    7.90ms  72.13ms   92.38%
    Req/Sec       -nan      -nan   0.00      0.00%
  Latency Distribution (HdrHistogram - Recorded Latency)
 50.000%    1.62ms
 75.000%    2.64ms
 90.000%    7.67ms
 99.000%   42.59ms
 99.900%   60.26ms
 99.990%   68.48ms
 99.999%   71.87ms
100.000%   72.19ms

  Detailed Percentile spectrum:
       Value   Percentile   TotalCount 1/(1-Percentile)

       0.120     0.000000            1         1.00
       0.689     0.100000        10034         1.11
       0.933     0.200000        20010         1.25
       1.171     0.300000        30010         1.43
       1.390     0.400000        39979         1.67
       1.620     0.500000        49977         2.00
       1.755     0.550000        54951         2.22
       1.908     0.600000        59961         2.50
       2.093     0.650000        64930         2.86
       2.329     0.700000        69953         3.33
       2.643     0.750000        74932         4.00
       2.867     0.775000        77422         4.44
       3.189     0.800000        79916         5.00
       3.655     0.825000        82412         5.71
       4.347     0.850000        84906         6.67
       5.507     0.875000        87400         8.00
       6.391     0.887500        88651         8.89
       7.667     0.900000        89897        10.00
       9.535     0.912500        91148        11.43
      12.255     0.925000        92394        13.33
      16.175     0.937500        93642        16.00
      18.655     0.943750        94269        17.78
      21.903     0.950000        94892        20.00
      24.751     0.956250        95516        22.86
      27.487     0.962500        96142        26.67
      30.111     0.968750        96769        32.00
      31.007     0.971875        97075        35.56
      32.111     0.975000        97390        40.00
      33.631     0.978125        97704        45.71
      35.391     0.981250        98013        53.33
      37.343     0.984375        98324        64.00
      38.495     0.985938        98485        71.11
      39.743     0.987500        98638        80.00
      41.343     0.989062        98795        91.43
      43.327     0.990625        98948       106.67
      44.895     0.992188        99105       128.00
      45.791     0.992969        99182       142.22
      46.719     0.993750        99260       160.00
      47.871     0.994531        99339       182.86
      49.503     0.995313        99419       213.33
      51.103     0.996094        99498       256.00
      51.743     0.996484        99533       284.44
      52.991     0.996875        99575       320.00
      54.015     0.997266        99611       365.71
      55.071     0.997656        99650       426.67
      56.863     0.998047        99689       512.00
      57.567     0.998242        99709       568.89
      58.687     0.998437        99728       640.00
      59.167     0.998633        99748       731.43
      59.679     0.998828        99768       853.33
      60.383     0.999023        99787      1024.00
      60.831     0.999121        99797      1137.78
      61.215     0.999219        99807      1280.00
      61.823     0.999316        99817      1462.86
      62.335     0.999414        99826      1706.67
      63.455     0.999512        99836      2048.00
      63.807     0.999561        99841      2275.56
      63.935     0.999609        99845      2560.00
      64.287     0.999658        99850      2925.71
      64.383     0.999707        99855      3413.33
      64.639     0.999756        99860      4096.00
      64.959     0.999780        99864      4551.11
      64.991     0.999805        99865      5120.00
      65.663     0.999829        99867      5851.43
      66.751     0.999854        99870      6826.67
      67.583     0.999878        99872      8192.00
      68.479     0.999890        99874      9102.22
      68.671     0.999902        99875     10240.00
      68.991     0.999915        99876     11702.86
      69.567     0.999927        99877     13653.33
      70.079     0.999939        99878     16384.00
      70.335     0.999945        99879     18204.44
      70.847     0.999951        99880     20480.00
      70.847     0.999957        99880     23405.71
      71.231     0.999963        99881     27306.67
      71.231     0.999969        99881     32768.00
      71.551     0.999973        99882     36408.89
      71.551     0.999976        99882     40960.00
      71.551     0.999979        99882     46811.43
      71.871     0.999982        99883     54613.33
      71.871     0.999985        99883     65536.00
      71.871     0.999986        99883     72817.78
      71.871     0.999988        99883     81920.00
      71.871     0.999989        99883     93622.86
      72.191     0.999991        99884    109226.67
      72.191     1.000000        99884          inf
#[Mean    =        4.027, StdDeviation   =        7.903]
#[Max     =       72.128, Total count    =        99884]
#[Buckets =           27, SubBuckets     =         2048]
----------------------------------------------------------
  99886 requests in 10.00s, 16.67MB read
Requests/sec:   9988.67
Transfer/sec:      1.67MB
