Running 10s test @ http://localhost
  2 threads and 10 connections
  Thread Stats   Avg      Stdev     Max   +/- Stdev
    Latency     3.78ms    7.61ms  86.08ms   92.86%
    Req/Sec       -nan      -nan   0.00      0.00%
  Latency Distribution (HdrHistogram - Recorded Latency)
 50.000%    1.56ms
 75.000%    2.69ms
 90.000%    7.50ms
 99.000%   42.33ms
 99.900%   72.96ms
 99.990%   81.98ms
 99.999%   85.44ms
100.000%   86.14ms

  Detailed Percentile spectrum:
       Value   Percentile   TotalCount 1/(1-Percentile)

       0.134     0.000000            1         1.00
       0.674     0.100000        10025         1.11
       0.890     0.200000        20012         1.25
       1.101     0.300000        30009         1.43
       1.322     0.400000        39979         1.67
       1.561     0.500000        49949         2.00
       1.700     0.550000        54952         2.22
       1.860     0.600000        59930         2.50
       2.059     0.650000        64946         2.86
       2.311     0.700000        69943         3.33
       2.693     0.750000        74923         4.00
       2.955     0.775000        77419         4.44
       3.311     0.800000        79914         5.00
       3.797     0.825000        82414         5.71
       4.527     0.850000        84909         6.67
       5.615     0.875000        87398         8.00
       6.435     0.887500        88646         8.89
       7.503     0.900000        89894        10.00
       8.895     0.912500        91146        11.43
      10.759     0.925000        92393        13.33
      13.343     0.937500        93641        16.00
      15.119     0.943750        94264        17.78
      17.103     0.950000        94896        20.00
      19.119     0.956250        95517        22.86
      21.055     0.962500        96138        26.67
      23.567     0.968750        96761        32.00
      25.199     0.971875        97073        35.56
      27.247     0.975000        97388        40.00
      29.455     0.978125        97701        45.71
      32.031     0.981250        98010        53.33
      34.975     0.984375        98325        64.00
      36.479     0.985938        98480        71.11
      37.951     0.987500        98634        80.00
      40.191     0.989062        98792        91.43
      43.583     0.990625        98946       106.67
      46.591     0.992188        99102       128.00
      48.287     0.992969        99180       142.22
      50.047     0.993750        99258       160.00
      52.319     0.994531        99336       182.86
      53.983     0.995313        99415       213.33
      56.191     0.996094        99492       256.00
      57.823     0.996484        99531       284.44
      59.103     0.996875        99570       320.00
      60.735     0.997266        99609       365.71
      62.239     0.997656        99648       426.67
      64.831     0.998047        99687       512.00
      67.583     0.998242        99708       568.89
      70.015     0.998437        99726       640.00
      71.231     0.998633        99747       731.43
      72.063     0.998828        99765       853.33
      73.087     0.999023        99785      1024.00
      73.599     0.999121        99796      1137.78
      74.175     0.999219        99804      1280.00
      74.815     0.999316        99814      1462.86
      76.095     0.999414        99824      1706.67
      77.759     0.999512        99834      2048.00
      78.335     0.999561        99839      2275.56
      78.655     0.999609        99843      2560.00
      78.975     0.999658        99848      2925.71
      79.295     0.999707        99853      3413.33
      79.615     0.999756        99859      4096.00
      79.743     0.999780        99861      4551.11
      79.999     0.999805        99863      5120.00
      80.255     0.999829        99865      5851.43
      80.895     0.999854        99868      6826.67
      81.471     0.999878        99871      8192.00
      81.983     0.999890        99872      9102.22
      82.239     0.999902        99873     10240.00
      82.303     0.999915        99874     11702.86
      82.623     0.999927        99875     13653.33
      83.007     0.999939        99876     16384.00
      83.327     0.999945        99877     18204.44
      83.711     0.999951        99878     20480.00
      83.711     0.999957        99878     23405.71
      84.287     0.999963        99879     27306.67
      84.287     0.999969        99879     32768.00
      84.799     0.999973        99880     36408.89
      84.799     0.999976        99880     40960.00
      84.799     0.999979        99880     46811.43
      85.439     0.999982        99881     54613.33
      85.439     0.999985        99881     65536.00
      85.439     0.999986        99881     72817.78
      85.439     0.999988        99881     81920.00
      85.439     0.999989        99881     93622.86
      86.143     0.999991        99882    109226.67
      86.143     1.000000        99882          inf
#[Mean    =        3.785, StdDeviation   =        7.610]
#[Max     =       86.080, Total count    =        99882]
#[Buckets =           27, SubBuckets     =         2048]
----------------------------------------------------------
  99884 requests in 10.00s, 16.67MB read
Requests/sec:   9989.13
Transfer/sec:      1.67MB
