Running 10s test @ http://localhost
  2 threads and 10 connections
  Thread Stats   Avg      Stdev     Max   +/- Stdev
    Latency     2.32ms    2.75ms  36.42ms   91.45%
    Req/Sec       -nan      -nan   0.00      0.00%
  Latency Distribution (HdrHistogram - Recorded Latency)
 50.000%    1.51ms
 75.000%    2.35ms
 90.000%    4.47ms
 99.000%   14.45ms
 99.900%   29.14ms
 99.990%   35.04ms
 99.999%   36.38ms
100.000%   36.45ms

  Detailed Percentile spectrum:
       Value   Percentile   TotalCount 1/(1-Percentile)

       0.133     0.000000            1         1.00
       0.691     0.100000         9995         1.11
       0.924     0.200000        19979         1.25
       1.128     0.300000        29985         1.43
       1.312     0.400000        39955         1.67
       1.512     0.500000        49952         2.00
       1.631     0.550000        54952         2.22
       1.769     0.600000        59956         2.50
       1.923     0.650000        64924         2.86
       2.111     0.700000        69951         3.33
       2.349     0.750000        74943         4.00
       2.503     0.775000        77421         4.44
       2.707     0.800000        79914         5.00
       2.973     0.825000        82419         5.71
       3.317     0.850000        84902         6.67
       3.785     0.875000        87404         8.00
       4.071     0.887500        88649         8.89
       4.475     0.900000        89901        10.00
       4.983     0.912500        91144        11.43
       5.639     0.925000        92394        13.33
       6.463     0.937500        93643        16.00
       6.935     0.943750        94265        17.78
       7.479     0.950000        94892        20.00
       8.127     0.956250        95513        22.86
       8.871     0.962500        96142        26.67
       9.711     0.968750        96765        32.00
      10.175     0.971875        97080        35.56
      10.679     0.975000        97388        40.00
      11.215     0.978125        97698        45.71
      11.887     0.981250        98012        53.33
      12.743     0.984375        98322        64.00
      13.143     0.985938        98480        71.11
      13.583     0.987500        98636        80.00
      14.063     0.989062        98789        91.43
      14.727     0.990625        98949       106.67
      15.415     0.992188        99102       128.00
      15.759     0.992969        99179       142.22
      16.239     0.993750        99257       160.00
      16.831     0.994531        99335       182.86
      17.551     0.995313        99413       213.33
      18.479     0.996094        99492       256.00
      19.039     0.996484        99532       284.44
      19.647     0.996875        99570       320.00
      20.287     0.997266        99608       365.71
      21.263     0.997656        99647       426.67
      22.879     0.998047        99686       512.00
      24.207     0.998242        99706       568.89
      25.615     0.998437        99725       640.00
      26.767     0.998633        99745       731.43
      27.919     0.998828        99764       853.33
      29.311     0.999023        99784      1024.00
      29.567     0.999121        99794      1137.78
      29.743     0.999219        99804      1280.00
      30.031     0.999316        99813      1462.86
      30.447     0.999414        99824      1706.67
      31.199     0.999512        99833      2048.00
      31.535     0.999561        99838      2275.56
      31.615     0.999609        99842      2560.00
      32.031     0.999658        99847      2925.71
      32.319     0.999707        99852      3413.33
      32.863     0.999756        99857      4096.00
      33.279     0.999780        99860      4551.11
      33.439     0.999805        99862      5120.00
      33.951     0.999829        99864      5851.43
      34.495     0.999854        99867      6826.67
      34.815     0.999878        99869      8192.00
      35.039     0.999890        99871      9102.22
      35.071     0.999902        99872     10240.00
      35.487     0.999915        99873     11702.86
      35.551     0.999927        99874     13653.33
      35.711     0.999939        99875     16384.00
      35.839     0.999945        99876     18204.44
      35.935     0.999951        99877     20480.00
      35.935     0.999957        99877     23405.71
      35.999     0.999963        99878     27306.67
      35.999     0.999969        99878     32768.00
      36.351     0.999973        99879     36408.89
      36.351     0.999976        99879     40960.00
      36.351     0.999979        99879     46811.43
      36.383     0.999982        99880     54613.33
      36.383     0.999985        99880     65536.00
      36.383     0.999986        99880     72817.78
      36.383     0.999988        99880     81920.00
      36.383     0.999989        99880     93622.86
      36.447     0.999991        99881    109226.67
      36.447     1.000000        99881          inf
#[Mean    =        2.322, StdDeviation   =        2.750]
#[Max     =       36.416, Total count    =        99881]
#[Buckets =           27, SubBuckets     =         2048]
----------------------------------------------------------
  99883 requests in 10.00s, 16.67MB read
Requests/sec:   9988.37
Transfer/sec:      1.67MB
