Running 10s test @ http://localhost
  2 threads and 10 connections
  Thread Stats   Avg      Stdev     Max   +/- Stdev
    Latency     2.87ms    4.51ms  52.06ms   92.04%
    Req/Sec       -nan      -nan   0.00      0.00%
  Latency Distribution (HdrHistogram - Recorded Latency)
 50.000%    1.54ms
 75.000%    2.48ms
 90.000%    5.65ms
 99.000%   25.01ms
 99.900%   42.59ms
 99.990%   49.73ms
 99.999%   52.00ms
100.000%   52.10ms

  Detailed Percentile spectrum:
       Value   Percentile   TotalCount 1/(1-Percentile)

       0.101     0.000000            1         1.00
       0.661     0.100000        10020         1.11
       0.879     0.200000        19999         1.25
       1.089     0.300000        29993         1.43
       1.311     0.400000        39979         1.67
       1.536     0.500000        49969         2.00
       1.663     0.550000        54963         2.22
       1.809     0.600000        59961         2.50
       1.973     0.650000        64949         2.86
       2.187     0.700000        69946         3.33
       2.479     0.750000        74918         4.00
       2.677     0.775000        77420         4.44
       2.921     0.800000        79915         5.00
       3.253     0.825000        82417         5.71
       3.717     0.850000        84906         6.67
       4.383     0.875000        87411         8.00
       4.875     0.887500        88647         8.89
       5.647     0.900000        89897        10.00
       6.635     0.912500        91144        11.43
       7.811     0.925000        92393        13.33
       9.175     0.937500        93646        16.00
      10.055     0.943750        94266        17.78
      11.143     0.950000        94889        20.00
      12.551     0.956250        95513        22.86
      14.063     0.962500        96142        26.67
      15.623     0.968750        96761        32.00
      16.559     0.971875        97077        35.56
      17.503     0.975000        97386        40.00
      18.511     0.978125        97699        45.71
      20.127     0.981250        98011        53.33
      21.871     0.984375        98325        64.00
      22.575     0.985938        98478        71.11
      23.423     0.987500        98638        80.00
      24.367     0.989062        98791        91.43
      25.327     0.990625        98947       106.67
      26.495     0.992188        99104       128.00
      27.023     0.992969        99183       142.22
      27.775     0.993750        99259       160.00
      28.639     0.994531        99337       182.86
      29.471     0.995313        99416       213.33
      30.943     0.996094        99492       256.00
      31.903     0.996484        99531       284.44
      32.559     0.996875        99571       320.00
      33.279     0.997266        99610       365.71
      34.591     0.997656        99649       426.67
      35.903     0.998047        99687       512.00
      36.895     0.998242        99707       568.89
      37.823     0.998437        99726       640.00
      38.783     0.998633        99746       731.43
      40.543     0.998828        99765       853.33
      42.623     0.999023        99785      1024.00
      43.071     0.999121        99795      1137.78
      43.551     0.999219        99804      1280.00
      44.319     0.999316        99814      1462.86
      44.735     0.999414        99824      1706.67
      45.247     0.999512        99834      2048.00
      45.503     0.999561        99841      2275.56
      45.567     0.999609        99843      2560.00
      45.727     0.999658        99848      2925.71
      46.015     0.999707        99854      3413.33
      46.239     0.999756        99858      4096.00
      46.943     0.999780        99861      4551.11
      47.903     0.999805        99864      5120.00
      47.935     0.999829        99865      5851.43
      48.703     0.999854        99868      6826.67
      49.279     0.999878        99870      8192.00
      49.727     0.999890        99872      9102.22
      50.175     0.999902        99874     10240.00
      50.175     0.999915        99874     11702.86
      50.751     0.999927        99875     13653.33
      51.103     0.999939        99876     16384.00
      51.135     0.999945        99877     18204.44
      51.263     0.999951        99878     20480.00
      51.263     0.999957        99878     23405.71
      51.679     0.999963        99879     27306.67
      51.679     0.999969        99879     32768.00
      51.775     0.999973        99880     36408.89
      51.775     0.999976        99880     40960.00
      51.775     0.999979        99880     46811.43
      51.999     0.999982        99881     54613.33
      51.999     0.999985        99881     65536.00
      51.999     0.999986        99881     72817.78
      51.999     0.999988        99881     81920.00
      51.999     0.999989        99881     93622.86
      52.095     0.999991        99882    109226.67
      52.095     1.000000        99882          inf
#[Mean    =        2.870, StdDeviation   =        4.511]
#[Max     =       52.064, Total count    =        99882]
#[Buckets =           27, SubBuckets     =         2048]
----------------------------------------------------------
  99887 requests in 10.00s, 16.67MB read
Requests/sec:   9988.63
Transfer/sec:      1.67MB
