Running 10s test @ http://localhost
  2 threads and 10 connections
  Thread Stats   Avg      Stdev     Max   +/- Stdev
    Latency     2.09ms    2.77ms  41.86ms   93.52%
    Req/Sec       -nan      -nan   0.00      0.00%
  Latency Distribution (HdrHistogram - Recorded Latency)
 50.000%    1.42ms
 75.000%    2.10ms
 90.000%    3.54ms
 99.000%   14.32ms
 99.900%   33.25ms
 99.990%   39.07ms
 99.999%   41.34ms
100.000%   41.89ms

  Detailed Percentile spectrum:
       Value   Percentile   TotalCount 1/(1-Percentile)

       0.130     0.000000            1         1.00
       0.637     0.100000         9514         1.11
       0.862     0.200000        19007         1.25
       1.052     0.300000        28536         1.43
       1.226     0.400000        37986         1.67
       1.416     0.500000        47489         2.00
       1.516     0.550000        52258         2.22
       1.625     0.600000        56972         2.50
       1.756     0.650000        61728         2.86
       1.917     0.700000        66480         3.33
       2.099     0.750000        71228         4.00
       2.211     0.775000        73593         4.44
       2.343     0.800000        75946         5.00
       2.509     0.825000        78320         5.71
       2.735     0.850000        80705         6.67
       3.057     0.875000        83073         8.00
       3.275     0.887500        84259         8.89
       3.545     0.900000        85444        10.00
       3.895     0.912500        86624        11.43
       4.387     0.925000        87820        13.33
       5.011     0.937500        88996        16.00
       5.459     0.943750        89589        17.78
       5.987     0.950000        90189        20.00
       6.567     0.956250        90775        22.86
       7.339     0.962500        91369        26.67
       8.215     0.968750        91962        32.00
       8.759     0.971875        92260        35.56
       9.399     0.975000        92558        40.00
      10.015     0.978125        92854        45.71
      10.743     0.981250        93149        53.33
      11.687     0.984375        93445        64.00
      12.239     0.985938        93594        71.11
      12.895     0.987500        93742        80.00
      13.663     0.989062        93891        91.43
      14.703     0.990625        94039       106.67
      15.975     0.992188        94188       128.00
      16.655     0.992969        94261       142.22
      17.455     0.993750        94336       160.00
      18.527     0.994531        94410       182.86
      20.431     0.995313        94485       213.33
      22.655     0.996094        94559       256.00
      23.855     0.996484        94595       284.44
      25.151     0.996875        94633       320.00
      26.335     0.997266        94669       365.71
      27.743     0.997656        94706       426.67
      29.087     0.998047        94743       512.00
      30.095     0.998242        94762       568.89
      30.911     0.998437        94780       640.00
      31.999     0.998633        94799       731.43
      32.511     0.998828        94817       853.33
      33.343     0.999023        94836      1024.00
      33.759     0.999121        94845      1137.78
      34.303     0.999219        94854      1280.00
      34.783     0.999316        94864      1462.86
      35.391     0.999414        94873      1706.67
      35.935     0.999512        94882      2048.00
      36.287     0.999561        94887      2275.56
      36.447     0.999609        94891      2560.00
      36.863     0.999658        94896      2925.71
      37.279     0.999707        94901      3413.33
      37.727     0.999756        94905      4096.00
      38.207     0.999780        94908      4551.11
      38.431     0.999805        94910      5120.00
      38.623     0.999829        94912      5851.43
      38.751     0.999854        94915      6826.67
      38.943     0.999878        94917      8192.00
      39.007     0.999890        94918      9102.22
      39.071     0.999902        94919     10240.00
      39.327     0.999915        94920     11702.86
      39.743     0.999927        94922     13653.33
      40.127     0.999939        94923     16384.00
      40.127     0.999945        94923     18204.44
      40.319     0.999951        94924     20480.00
      40.319     0.999957        94924     23405.71
      40.895     0.999963        94925     27306.67
      41.055     0.999969        94926     32768.00
      41.055     0.999973        94926     36408.89
      41.055     0.999976        94926     40960.00
      41.055     0.999979        94926     46811.43
      41.343     0.999982        94927     54613.33
      41.343     0.999985        94927     65536.00
      41.343     0.999986        94927     72817.78
      41.343     0.999988        94927     81920.00
      41.343     0.999989        94927     93622.86
      41.887     0.999991        94928    109226.67
      41.887     1.000000        94928          inf
#[Mean    =        2.087, StdDeviation   =        2.772]
#[Max     =       41.856, Total count    =        94928]
#[Buckets =           27, SubBuckets     =         2048]
----------------------------------------------------------
  94933 requests in 10.00s, 15.84MB read
Requests/sec:   9493.20
Transfer/sec:      1.58MB
