Running 10s test @ http://localhost
  2 threads and 10 connections
  Thread Stats   Avg      Stdev     Max   +/- Stdev
    Latency     2.54ms    3.48ms  47.20ms   92.36%
    Req/Sec       -nan      -nan   0.00      0.00%
  Latency Distribution (HdrHistogram - Recorded Latency)
 50.000%    1.54ms
 75.000%    2.50ms
 90.000%    4.92ms
 99.000%   19.06ms
 99.900%   37.89ms
 99.990%   46.08ms
 99.999%   46.94ms
100.000%   47.23ms

  Detailed Percentile spectrum:
       Value   Percentile   TotalCount 1/(1-Percentile)

       0.114     0.000000            1         1.00
       0.690     0.100000        10014         1.11
       0.904     0.200000        20006         1.25
       1.100     0.300000        30007         1.43
       1.310     0.400000        39974         1.67
       1.538     0.500000        49972         2.00
       1.669     0.550000        54969         2.22
       1.813     0.600000        59937         2.50
       1.987     0.650000        64927         2.86
       2.205     0.700000        69963         3.33
       2.499     0.750000        74945         4.00
       2.693     0.775000        77415         4.44
       2.939     0.800000        79926         5.00
       3.245     0.825000        82416         5.71
       3.641     0.850000        84910         6.67
       4.163     0.875000        87400         8.00
       4.499     0.887500        88652         8.89
       4.919     0.900000        89906        10.00
       5.447     0.912500        91155        11.43
       6.095     0.925000        92400        13.33
       6.975     0.937500        93649        16.00
       7.507     0.943750        94267        17.78
       8.207     0.950000        94893        20.00
       8.975     0.956250        95519        22.86
       9.871     0.962500        96142        26.67
      11.111     0.968750        96766        32.00
      11.815     0.971875        97081        35.56
      12.751     0.975000        97390        40.00
      13.727     0.978125        97701        45.71
      14.903     0.981250        98014        53.33
      16.055     0.984375        98327        64.00
      16.687     0.985938        98484        71.11
      17.503     0.987500        98640        80.00
      18.463     0.989062        98796        91.43
      19.471     0.990625        98949       106.67
      20.575     0.992188        99105       128.00
      21.247     0.992969        99184       142.22
      22.095     0.993750        99262       160.00
      22.783     0.994531        99341       182.86
      23.599     0.995313        99417       213.33
      24.607     0.996094        99496       256.00
      25.087     0.996484        99535       284.44
      25.727     0.996875        99574       320.00
      26.543     0.997266        99612       365.71
      27.695     0.997656        99651       426.67
      28.991     0.998047        99690       512.00
      30.079     0.998242        99711       568.89
      30.975     0.998437        99729       640.00
      33.823     0.998633        99749       731.43
      36.415     0.998828        99768       853.33
      38.047     0.999023        99788      1024.00
      38.815     0.999121        99799      1137.78
      40.031     0.999219        99807      1280.00
      41.695     0.999316        99817      1462.86
      42.207     0.999414        99830      1706.67
      42.751     0.999512        99838      2048.00
      42.879     0.999561        99842      2275.56
      43.583     0.999609        99846      2560.00
      44.255     0.999658        99851      2925.71
      44.607     0.999707        99856      3413.33
      45.119     0.999756        99861      4096.00
      45.343     0.999780        99864      4551.11
      45.663     0.999805        99866      5120.00
      45.759     0.999829        99868      5851.43
      45.887     0.999854        99871      6826.67
      45.919     0.999878        99873      8192.00
      46.079     0.999890        99875      9102.22
      46.143     0.999902        99878     10240.00
      46.143     0.999915        99878     11702.86
      46.143     0.999927        99878     13653.33
      46.271     0.999939        99880     16384.00
      46.271     0.999945        99880     18204.44
      46.463     0.999951        99881     20480.00
      46.463     0.999957        99881     23405.71
      46.495     0.999963        99882     27306.67
      46.495     0.999969        99882     32768.00
      46.719     0.999973        99883     36408.89
      46.719     0.999976        99883     40960.00
      46.719     0.999979        99883     46811.43
      46.943     0.999982        99884     54613.33
      46.943     0.999985        99884     65536.00
      46.943     0.999986        99884     72817.78
      46.943     0.999988        99884     81920.00
      46.943     0.999989        99884     93622.86
      47.231     0.999991        99885    109226.67
      47.231     1.000000        99885          inf
#[Mean    =        2.540, StdDeviation   =        3.478]
#[Max     =       47.200, Total count    =        99885]
#[Buckets =           27, SubBuckets     =         2048]
----------------------------------------------------------
  99887 requests in 10.00s, 16.67MB read
Requests/sec:   9989.05
Transfer/sec:      1.67MB
