Running 10s test @ http://localhost
  2 threads and 10 connections
  Thread Stats   Avg      Stdev     Max   +/- Stdev
    Latency     2.20ms    3.70ms  53.95ms   95.41%
    Req/Sec       -nan      -nan   0.00      0.00%
  Latency Distribution (HdrHistogram - Recorded Latency)
 50.000%    1.43ms
 75.000%    2.14ms
 90.000%    3.49ms
 99.000%   20.32ms
 99.900%   42.75ms
 99.990%   52.00ms
 99.999%   53.79ms
100.000%   53.98ms

  Detailed Percentile spectrum:
       Value   Percentile   TotalCount 1/(1-Percentile)

       0.111     0.000000            1         1.00
       0.629     0.100000        10022         1.11
       0.831     0.200000        19999         1.25
       1.030     0.300000        30008         1.43
       1.235     0.400000        39971         1.67
       1.430     0.500000        49959         2.00
       1.535     0.550000        54975         2.22
       1.649     0.600000        59957         2.50
       1.781     0.650000        64943         2.86
       1.939     0.700000        69928         3.33
       2.137     0.750000        74934         4.00
       2.255     0.775000        77416         4.44
       2.389     0.800000        79916         5.00
       2.553     0.825000        82422         5.71
       2.773     0.850000        84923         6.67
       3.063     0.875000        87413         8.00
       3.257     0.887500        88662         8.89
       3.495     0.900000        89905        10.00
       3.773     0.912500        91151        11.43
       4.159     0.925000        92406        13.33
       4.715     0.937500        93649        16.00
       5.087     0.943750        94273        17.78
       5.559     0.950000        94899        20.00
       6.119     0.956250        95522        22.86
       6.827     0.962500        96146        26.67
       7.815     0.968750        96773        32.00
       8.423     0.971875        97082        35.56
       9.215     0.975000        97394        40.00
      10.343     0.978125        97706        45.71
      11.743     0.981250        98019        53.33
      13.471     0.984375        98332        64.00
      14.879     0.985938        98487        71.11
      16.375     0.987500        98643        80.00
      18.687     0.989062        98800        91.43
      21.439     0.990625        98955       106.67
      25.263     0.992188        99111       128.00
      27.551     0.992969        99189       142.22
      29.583     0.993750        99267       160.00
      32.191     0.994531        99345       182.86
      34.335     0.995313        99423       213.33
      35.903     0.996094        99502       256.00
      36.511     0.996484        99542       284.44
      36.927     0.996875        99579       320.00
      37.503     0.997266        99618       365.71
      38.047     0.997656        99659       426.67
      38.847     0.998047        99699       512.00
      39.327     0.998242        99716       568.89
      40.063     0.998437        99735       640.00
      40.831     0.998633        99755       731.43
      41.695     0.998828        99775       853.33
      42.847     0.999023        99794      1024.00
      43.711     0.999121        99804      1137.78
      44.383     0.999219        99813      1280.00
      45.151     0.999316        99824      1462.86
      45.759     0.999414        99834      1706.67
      47.199     0.999512        99843      2048.00
      47.647     0.999561        99848      2275.56
      48.063     0.999609        99852      2560.00
      48.927     0.999658        99857      2925.71
      49.247     0.999707        99862      3413.33
      49.983     0.999756        99868      4096.00
      50.367     0.999780        99870      4551.11
      50.815     0.999805        99872      5120.00
      50.975     0.999829        99874      5851.43
      51.583     0.999854        99877      6826.67
      51.839     0.999878        99879      8192.00
      51.999     0.999890        99881      9102.22
      52.191     0.999902        99882     10240.00
      52.223     0.999915        99883     11702.86
      52.319     0.999927        99884     13653.33
      52.511     0.999939        99885     16384.00
      52.639     0.999945        99886     18204.44
      52.799     0.999951        99887     20480.00
      52.799     0.999957        99887     23405.71
      53.055     0.999963        99888     27306.67
      53.055     0.999969        99888     32768.00
      53.375     0.999973        99889     36408.89
      53.375     0.999976        99889     40960.00
      53.375     0.999979        99889     46811.43
      53.791     0.999982        99890     54613.33
      53.791     0.999985        99890     65536.00
      53.791     0.999986        99890     72817.78
      53.791     0.999988        99890     81920.00
      53.791     0.999989        99890     93622.86
      53.983     0.999991        99891    109226.67
      53.983     1.000000        99891          inf
#[Mean    =        2.205, StdDeviation   =        3.703]
#[Max     =       53.952, Total count    =        99891]
#[Buckets =           27, SubBuckets     =         2048]
----------------------------------------------------------
  99893 requests in 10.00s, 16.67MB read
Requests/sec:   9989.55
Transfer/sec:      1.67MB
