Running 10s test @ http://localhost
  2 threads and 10 connections
  Thread Stats   Avg      Stdev     Max   +/- Stdev
    Latency     3.32ms    7.32ms  78.34ms   94.78%
    Req/Sec       -nan      -nan   0.00      0.00%
  Latency Distribution (HdrHistogram - Recorded Latency)
 50.000%    1.49ms
 75.000%    2.44ms
 90.000%    5.67ms
 99.000%   45.89ms
 99.900%   71.55ms
 99.990%   76.29ms
 99.999%   78.14ms
100.000%   78.40ms

  Detailed Percentile spectrum:
       Value   Percentile   TotalCount 1/(1-Percentile)

       0.100     0.000000            1         1.00
       0.639     0.100000        10031         1.11
       0.845     0.200000        19991         1.25
       1.054     0.300000        29975         1.43
       1.266     0.400000        39960         1.67
       1.490     0.500000        49978         2.00
       1.617     0.550000        54968         2.22
       1.760     0.600000        59957         2.50
       1.932     0.650000        64946         2.86
       2.145     0.700000        69925         3.33
       2.445     0.750000        74925         4.00
       2.645     0.775000        77424         4.44
       2.903     0.800000        79914         5.00
       3.241     0.825000        82416         5.71
       3.731     0.850000        84908         6.67
       4.447     0.875000        87406         8.00
       4.963     0.887500        88660         8.89
       5.667     0.900000        89902        10.00
       6.535     0.912500        91152        11.43
       7.539     0.925000        92403        13.33
       8.975     0.937500        93650        16.00
       9.895     0.943750        94273        17.78
      11.119     0.950000        94898        20.00
      12.591     0.956250        95523        22.86
      14.487     0.962500        96147        26.67
      16.895     0.968750        96769        32.00
      18.799     0.971875        97082        35.56
      21.807     0.975000        97393        40.00
      26.319     0.978125        97705        45.71
      32.159     0.981250        98019        53.33
      36.927     0.984375        98332        64.00
      39.455     0.985938        98488        71.11
      42.335     0.987500        98642        80.00
      44.863     0.989062        98798        91.43
      46.911     0.990625        98955       106.67
      49.823     0.992188        99112       128.00
      52.255     0.992969        99188       142.22
      54.111     0.993750        99268       160.00
      55.263     0.994531        99344       182.86
      56.703     0.995313        99423       213.33
      58.399     0.996094        99500       256.00
      59.839     0.996484        99540       284.44
      61.375     0.996875        99578       320.00
      63.135     0.997266        99618       365.71
      64.671     0.997656        99656       426.67
      67.071     0.998047        99695       512.00
      68.223     0.998242        99717       568.89
      69.375     0.998437        99737       640.00
      70.079     0.998633        99756       731.43
      70.847     0.998828        99774       853.33
      71.679     0.999023        99793      1024.00
      72.383     0.999121        99803      1137.78
      72.767     0.999219        99812      1280.00
      73.279     0.999316        99822      1462.86
      73.599     0.999414        99832      1706.67
      74.175     0.999512        99843      2048.00
      74.559     0.999561        99848      2275.56
      74.751     0.999609        99855      2560.00
      74.879     0.999658        99857      2925.71
      75.327     0.999707        99863      3413.33
      75.455     0.999756        99866      4096.00
      75.775     0.999780        99870      4551.11
      75.839     0.999805        99871      5120.00
      75.903     0.999829        99874      5851.43
      76.031     0.999854        99877      6826.67
      76.223     0.999878        99878      8192.00
      76.287     0.999890        99880      9102.22
      76.479     0.999902        99881     10240.00
      76.607     0.999915        99882     11702.86
      76.799     0.999927        99883     13653.33
      77.375     0.999939        99884     16384.00
      77.439     0.999945        99885     18204.44
      77.567     0.999951        99886     20480.00
      77.567     0.999957        99886     23405.71
      77.887     0.999963        99888     27306.67
      77.887     0.999969        99888     32768.00
      77.887     0.999973        99888     36408.89
      77.887     0.999976        99888     40960.00
      77.887     0.999979        99888     46811.43
      78.143     0.999982        99889     54613.33
      78.143     0.999985        99889     65536.00
      78.143     0.999986        99889     72817.78
      78.143     0.999988        99889     81920.00
      78.143     0.999989        99889     93622.86
      78.399     0.999991        99890    109226.67
      78.399     1.000000        99890          inf
#[Mean    =        3.317, StdDeviation   =        7.315]
#[Max     =       78.336, Total count    =        99890]
#[Buckets =           27, SubBuckets     =         2048]
----------------------------------------------------------
  99897 requests in 10.00s, 16.67MB read
Requests/sec:   9989.39
Transfer/sec:      1.67MB
