Running 10s test @ http://localhost
  2 threads and 10 connections
  Thread Stats   Avg      Stdev     Max   +/- Stdev
    Latency     2.34ms    3.14ms  45.70ms   92.46%
    Req/Sec       -nan      -nan   0.00      0.00%
  Latency Distribution (HdrHistogram - Recorded Latency)
 50.000%    1.49ms
 75.000%    2.32ms
 90.000%    4.31ms
 99.000%   16.66ms
 99.900%   33.89ms
 99.990%   43.62ms
 99.999%   45.53ms
100.000%   45.73ms

  Detailed Percentile spectrum:
       Value   Percentile   TotalCount 1/(1-Percentile)

       0.127     0.000000            1         1.00
       0.639     0.100000        10010         1.11
       0.851     0.200000        19979         1.25
       1.063     0.300000        29965         1.43
       1.277     0.400000        39986         1.67
       1.488     0.500000        49966         2.00
       1.606     0.550000        54957         2.22
       1.739     0.600000        59930         2.50
       1.895     0.650000        64922         2.86
       2.081     0.700000        69942         3.33
       2.319     0.750000        74913         4.00
       2.465     0.775000        77396         4.44
       2.641     0.800000        79917         5.00
       2.867     0.825000        82398         5.71
       3.183     0.850000        84885         6.67
       3.625     0.875000        87382         8.00
       3.923     0.887500        88629         8.89
       4.307     0.900000        89883        10.00
       4.807     0.912500        91125        11.43
       5.507     0.925000        92380        13.33
       6.491     0.937500        93623        16.00
       7.083     0.943750        94246        17.78
       7.699     0.950000        94874        20.00
       8.367     0.956250        95499        22.86
       9.151     0.962500        96122        26.67
      10.095     0.968750        96745        32.00
      10.703     0.971875        97058        35.56
      11.415     0.975000        97369        40.00
      12.175     0.978125        97684        45.71
      13.023     0.981250        97994        53.33
      13.975     0.984375        98303        64.00
      14.567     0.985938        98464        71.11
      15.175     0.987500        98615        80.00
      16.095     0.989062        98772        91.43
      17.071     0.990625        98929       106.67
      18.303     0.992188        99084       128.00
      18.991     0.992969        99165       142.22
      19.775     0.993750        99239       160.00
      20.767     0.994531        99317       182.86
      21.775     0.995313        99395       213.33
      23.135     0.996094        99473       256.00
      23.919     0.996484        99512       284.44
      24.959     0.996875        99551       320.00
      25.903     0.997266        99591       365.71
      27.007     0.997656        99629       426.67
      28.463     0.998047        99668       512.00
      29.279     0.998242        99688       568.89
      29.967     0.998437        99707       640.00
      31.183     0.998633        99728       731.43
      32.415     0.998828        99746       853.33
      34.111     0.999023        99766      1024.00
      34.815     0.999121        99776      1137.78
      35.519     0.999219        99786      1280.00
      36.095     0.999316        99795      1462.86
      36.703     0.999414        99805      1706.67
      37.215     0.999512        99815      2048.00
      37.567     0.999561        99820      2275.56
      37.759     0.999609        99824      2560.00
      38.623     0.999658        99829      2925.71
      39.295     0.999707        99834      3413.33
      40.735     0.999756        99839      4096.00
      41.599     0.999780        99842      4551.11
      42.047     0.999805        99844      5120.00
      42.431     0.999829        99846      5851.43
      43.103     0.999854        99849      6826.67
      43.327     0.999878        99851      8192.00
      43.615     0.999890        99853      9102.22
      43.967     0.999902        99854     10240.00
      44.159     0.999915        99855     11702.86
      44.319     0.999927        99856     13653.33
      44.575     0.999939        99857     16384.00
      44.767     0.999945        99858     18204.44
      45.183     0.999951        99859     20480.00
      45.183     0.999957        99859     23405.71
      45.279     0.999963        99860     27306.67
      45.279     0.999969        99860     32768.00
      45.311     0.999973        99861     36408.89
      45.311     0.999976        99861     40960.00
      45.311     0.999979        99861     46811.43
      45.535     0.999982        99862     54613.33
      45.535     0.999985        99862     65536.00
      45.535     0.999986        99862     72817.78
      45.535     0.999988        99862     81920.00
      45.535     0.999989        99862     93622.86
      45.727     0.999991        99863    109226.67
      45.727     1.000000        99863          inf
#[Mean    =        2.341, StdDeviation   =        3.140]
#[Max     =       45.696, Total count    =        99863]
#[Buckets =           27, SubBuckets     =         2048]
----------------------------------------------------------
  99868 requests in 10.00s, 16.67MB read
Requests/sec:   9986.90
Transfer/sec:      1.67MB
