Running 10s test @ http://localhost
  2 threads and 10 connections
  Thread Stats   Avg      Stdev     Max   +/- Stdev
    Latency     2.93ms    5.39ms  65.28ms   93.81%
    Req/Sec       -nan      -nan   0.00      0.00%
  Latency Distribution (HdrHistogram - Recorded Latency)
 50.000%    1.49ms
 75.000%    2.42ms
 90.000%    5.30ms
 99.000%   32.03ms
 99.900%   53.82ms
 99.990%   64.51ms
 99.999%   65.09ms
100.000%   65.31ms

  Detailed Percentile spectrum:
       Value   Percentile   TotalCount 1/(1-Percentile)

       0.098     0.000000            1         1.00
       0.671     0.100000        10033         1.11
       0.884     0.200000        20027         1.25
       1.077     0.300000        29977         1.43
       1.272     0.400000        39958         1.67
       1.490     0.500000        49977         2.00
       1.614     0.550000        54944         2.22
       1.751     0.600000        59933         2.50
       1.922     0.650000        64939         2.86
       2.131     0.700000        69959         3.33
       2.423     0.750000        74933         4.00
       2.621     0.775000        77417         4.44
       2.885     0.800000        79914         5.00
       3.229     0.825000        82419         5.71
       3.661     0.850000        84905         6.67
       4.279     0.875000        87407         8.00
       4.715     0.887500        88651         8.89
       5.295     0.900000        89902        10.00
       5.995     0.912500        91146        11.43
       6.919     0.925000        92395        13.33
       8.231     0.937500        93643        16.00
       9.103     0.943750        94268        17.78
      10.079     0.950000        94891        20.00
      11.463     0.956250        95520        22.86
      13.015     0.962500        96142        26.67
      14.967     0.968750        96764        32.00
      15.951     0.971875        97079        35.56
      17.247     0.975000        97388        40.00
      19.519     0.978125        97702        45.71
      22.031     0.981250        98014        53.33
      24.815     0.984375        98325        64.00
      26.239     0.985938        98481        71.11
      27.839     0.987500        98637        80.00
      30.127     0.989062        98793        91.43
      33.215     0.990625        98950       106.67
      35.423     0.992188        99106       128.00
      36.415     0.992969        99185       142.22
      37.503     0.993750        99261       160.00
      39.391     0.994531        99340       182.86
      40.991     0.995313        99417       213.33
      43.199     0.996094        99495       256.00
      44.735     0.996484        99535       284.44
      46.143     0.996875        99574       320.00
      47.295     0.997266        99613       365.71
      49.023     0.997656        99651       426.67
      50.239     0.998047        99690       512.00
      50.815     0.998242        99710       568.89
      51.359     0.998437        99729       640.00
      52.159     0.998633        99749       731.43
      53.055     0.998828        99768       853.33
      53.855     0.999023        99788      1024.00
      54.463     0.999121        99798      1137.78
      54.847     0.999219        99807      1280.00
      55.935     0.999316        99817      1462.86
      57.407     0.999414        99827      1706.67
      59.199     0.999512        99837      2048.00
      60.703     0.999561        99842      2275.56
      61.247     0.999609        99846      2560.00
      62.079     0.999658        99851      2925.71
      62.911     0.999707        99856      3413.33
      63.807     0.999756        99861      4096.00
      64.031     0.999780        99864      4551.11
      64.159     0.999805        99868      5120.00
      64.159     0.999829        99868      5851.43
      64.287     0.999854        99871      6826.67
      64.479     0.999878        99874      8192.00
      64.511     0.999890        99875      9102.22
      64.575     0.999902        99876     10240.00
      64.607     0.999915        99877     11702.86
      64.671     0.999927        99878     13653.33
      64.735     0.999939        99879     16384.00
      64.799     0.999945        99880     18204.44
      64.831     0.999951        99881     20480.00
      64.831     0.999957        99881     23405.71
      64.927     0.999963        99882     27306.67
      64.927     0.999969        99882     32768.00
      65.023     0.999973        99883     36408.89
      65.023     0.999976        99883     40960.00
      65.023     0.999979        99883     46811.43
      65.087     0.999982        99884     54613.33
      65.087     0.999985        99884     65536.00
      65.087     0.999986        99884     72817.78
      65.087     0.999988        99884     81920.00
      65.087     0.999989        99884     93622.86
      65.311     0.999991        99885    109226.67
      65.311     1.000000        99885          inf
#[Mean    =        2.928, StdDeviation   =        5.389]
#[Max     =       65.280, Total count    =        99885]
#[Buckets =           27, SubBuckets     =         2048]
----------------------------------------------------------
  99889 requests in 10.00s, 16.67MB read
Requests/sec:   9988.68
Transfer/sec:      1.67MB
