Running 10s test @ http://localhost
  2 threads and 10 connections
  Thread Stats   Avg      Stdev     Max   +/- Stdev
    Latency     1.99ms    2.18ms  38.18ms   92.71%
    Req/Sec       -nan      -nan   0.00      0.00%
  Latency Distribution (HdrHistogram - Recorded Latency)
 50.000%    1.45ms
 75.000%    2.16ms
 90.000%    3.50ms
 99.000%   12.65ms
 99.900%   20.83ms
 99.990%   34.69ms
 99.999%   37.92ms
100.000%   38.21ms

  Detailed Percentile spectrum:
       Value   Percentile   TotalCount 1/(1-Percentile)

       0.102     0.000000            1         1.00
       0.639     0.100000        10030         1.11
       0.847     0.200000        20019         1.25
       1.043     0.300000        29997         1.43
       1.247     0.400000        39965         1.67
       1.454     0.500000        49977         2.00
       1.563     0.550000        54966         2.22
       1.680     0.600000        59952         2.50
       1.816     0.650000        64951         2.86
       1.969     0.700000        69927         3.33
       2.161     0.750000        74913         4.00
       2.281     0.775000        77417         4.44
       2.419     0.800000        79905         5.00
       2.589     0.825000        82417         5.71
       2.803     0.850000        84894         6.67
       3.095     0.875000        87408         8.00
       3.277     0.887500        88642         8.89
       3.497     0.900000        89892        10.00
       3.771     0.912500        91138        11.43
       4.119     0.925000        92382        13.33
       4.575     0.937500        93639        16.00
       4.863     0.943750        94257        17.78
       5.211     0.950000        94880        20.00
       5.667     0.956250        95502        22.86
       6.287     0.962500        96127        26.67
       7.015     0.968750        96751        32.00
       7.451     0.971875        97066        35.56
       8.035     0.975000        97377        40.00
       8.703     0.978125        97687        45.71
       9.471     0.981250        98000        53.33
      10.415     0.984375        98315        64.00
      11.031     0.985938        98468        71.11
      11.671     0.987500        98626        80.00
      12.263     0.989062        98779        91.43
      12.975     0.990625        98935       106.67
      13.887     0.992188        99093       128.00
      14.399     0.992969        99169       142.22
      14.871     0.993750        99249       160.00
      15.327     0.994531        99327       182.86
      15.887     0.995313        99403       213.33
      16.639     0.996094        99481       256.00
      16.959     0.996484        99522       284.44
      17.327     0.996875        99559       320.00
      17.647     0.997266        99599       365.71
      17.999     0.997656        99638       426.67
      18.559     0.998047        99676       512.00
      18.879     0.998242        99696       568.89
      19.311     0.998437        99716       640.00
      19.727     0.998633        99735       731.43
      20.239     0.998828        99754       853.33
      20.959     0.999023        99775      1024.00
      21.455     0.999121        99784      1137.78
      21.807     0.999219        99793      1280.00
      22.143     0.999316        99804      1462.86
      22.639     0.999414        99813      1706.67
      23.423     0.999512        99823      2048.00
      23.743     0.999561        99828      2275.56
      24.127     0.999609        99832      2560.00
      24.767     0.999658        99837      2925.71
      25.743     0.999707        99842      3413.33
      27.775     0.999756        99847      4096.00
      29.343     0.999780        99850      4551.11
      30.591     0.999805        99852      5120.00
      31.135     0.999829        99854      5851.43
      32.127     0.999854        99857      6826.67
      33.407     0.999878        99859      8192.00
      34.687     0.999890        99861      9102.22
      35.135     0.999902        99862     10240.00
      35.487     0.999915        99863     11702.86
      36.063     0.999927        99864     13653.33
      36.703     0.999939        99866     16384.00
      36.703     0.999945        99866     18204.44
      37.311     0.999951        99867     20480.00
      37.311     0.999957        99867     23405.71
      37.695     0.999963        99868     27306.67
      37.695     0.999969        99868     32768.00
      37.727     0.999973        99869     36408.89
      37.727     0.999976        99869     40960.00
      37.727     0.999979        99869     46811.43
      37.919     0.999982        99870     54613.33
      37.919     0.999985        99870     65536.00
      37.919     0.999986        99870     72817.78
      37.919     0.999988        99870     81920.00
      37.919     0.999989        99870     93622.86
      38.207     0.999991        99871    109226.67
      38.207     1.000000        99871          inf
#[Mean    =        1.994, StdDeviation   =        2.181]
#[Max     =       38.176, Total count    =        99871]
#[Buckets =           27, SubBuckets     =         2048]
----------------------------------------------------------
  99873 requests in 10.00s, 16.67MB read
Requests/sec:   9987.69
Transfer/sec:      1.67MB
