Running 10s test @ http://localhost
  2 threads and 10 connections
  Thread Stats   Avg      Stdev     Max   +/- Stdev
    Latency   294.31ms  339.16ms 995.33ms   74.76%
    Req/Sec       -nan      -nan   0.00      0.00%
  Latency Distribution (HdrHistogram - Recorded Latency)
 50.000%   74.94ms
 75.000%  638.46ms
 90.000%  819.20ms
 99.000%  933.89ms
 99.900%  978.94ms
 99.990%  992.26ms
 99.999%  995.33ms
100.000%  995.84ms

  Detailed Percentile spectrum:
       Value   Percentile   TotalCount 1/(1-Percentile)

       0.163     0.000000            1         1.00
       1.350     0.100000         9101         1.11
       2.575     0.200000        18210         1.25
       4.603     0.300000        27314         1.43
       9.487     0.400000        36396         1.67
      74.943     0.500000        45494         2.00
     184.703     0.550000        50051         2.22
     291.583     0.600000        54596         2.50
     440.831     0.650000        59148         2.86
     568.319     0.700000        63697         3.33
     638.463     0.750000        68251         4.00
     685.567     0.775000        70519         4.44
     722.943     0.800000        72790         5.00
     763.903     0.825000        75065         5.71
     789.503     0.850000        77410         6.67
     803.839     0.875000        79687         8.00
     809.983     0.887500        80810         8.89
     819.199     0.900000        81942        10.00
     827.903     0.912500        83036        11.43
     835.071     0.925000        84236        13.33
     843.775     0.937500        85320        16.00
     850.431     0.943750        85910        17.78
     858.111     0.950000        86455        20.00
     865.791     0.956250        87041        22.86
     874.495     0.962500        87577        26.67
     884.735     0.968750        88146        32.00
     892.415     0.971875        88458        35.56
     896.511     0.975000        88732        40.00
     901.631     0.978125        89001        45.71
     911.359     0.981250        89287        53.33
     918.015     0.984375        89566        64.00
     923.647     0.985938        89736        71.11
     926.719     0.987500        89852        80.00
     930.815     0.989062        89997        91.43
     935.935     0.990625        90144       106.67
     942.591     0.992188        90282       128.00
     946.175     0.992969        90351       142.22
     950.271     0.993750        90431       160.00
     952.319     0.994531        90490       182.86
     955.391     0.995313        90564       213.33
     958.463     0.996094        90634       256.00
     960.511     0.996484        90673       284.44
     962.047     0.996875        90711       320.00
     963.583     0.997266        90742       365.71
     965.631     0.997656        90777       426.67
     968.703     0.998047        90816       512.00
     970.751     0.998242        90828       568.89
     971.775     0.998437        90849       640.00
     973.823     0.998633        90864       731.43
     976.895     0.998828        90885       853.33
     979.455     0.999023        90900      1024.00
     980.479     0.999121        90908      1137.78
     982.015     0.999219        90921      1280.00
     982.527     0.999316        90928      1462.86
     983.551     0.999414        90936      1706.67
     984.575     0.999512        90944      2048.00
     985.087     0.999561        90949      2275.56
     986.111     0.999609        90953      2560.00
     987.135     0.999658        90958      2925.71
     988.671     0.999707        90962      3413.33
     989.183     0.999756        90965      4096.00
     990.207     0.999780        90970      4551.11
     990.207     0.999805        90970      5120.00
     990.719     0.999829        90974      5851.43
     990.719     0.999854        90974      6826.67
     991.231     0.999878        90977      8192.00
     992.255     0.999890        90978      9102.22
     992.767     0.999902        90979     10240.00
     993.279     0.999915        90982     11702.86
     993.279     0.999927        90982     13653.33
     993.279     0.999939        90982     16384.00
     994.303     0.999945        90983     18204.44
     994.303     0.999951        90983     20480.00
     994.815     0.999957        90984     23405.71
     994.815     0.999963        90984     27306.67
     995.327     0.999969        90986     32768.00
     995.327     0.999973        90986     36408.89
     995.327     0.999976        90986     40960.00
     995.327     0.999979        90986     46811.43
     995.327     0.999982        90986     54613.33
     995.327     0.999985        90986     65536.00
     995.327     0.999986        90986     72817.78
     995.327     0.999988        90986     81920.00
     995.839     0.999989        90987     93622.86
     995.839     1.000000        90987          inf
#[Mean    =      294.311, StdDeviation   =      339.159]
#[Max     =      995.328, Total count    =        90987]
#[Buckets =           27, SubBuckets     =         2048]
----------------------------------------------------------
  90993 requests in 10.00s, 15.19MB read
Requests/sec:   9099.34
Transfer/sec:      1.52MB
