Running 10s test @ http://localhost
  2 threads and 10 connections
  Thread Stats   Avg      Stdev     Max   +/- Stdev
    Latency     3.28ms    6.13ms  57.79ms   92.41%
    Req/Sec       -nan      -nan   0.00      0.00%
  Latency Distribution (HdrHistogram - Recorded Latency)
 50.000%    1.48ms
 75.000%    2.35ms
 90.000%    6.91ms
 99.000%   35.55ms
 99.900%   51.87ms
 99.990%   56.83ms
 99.999%   57.63ms
100.000%   57.82ms

  Detailed Percentile spectrum:
       Value   Percentile   TotalCount 1/(1-Percentile)

       0.118     0.000000            1         1.00
       0.636     0.100000        10002         1.11
       0.849     0.200000        20006         1.25
       1.052     0.300000        29987         1.43
       1.264     0.400000        39990         1.67
       1.484     0.500000        49971         2.00
       1.603     0.550000        54952         2.22
       1.737     0.600000        59963         2.50
       1.891     0.650000        64940         2.86
       2.087     0.700000        69962         3.33
       2.351     0.750000        74952         4.00
       2.533     0.775000        77424         4.44
       2.793     0.800000        79916         5.00
       3.179     0.825000        82418         5.71
       3.841     0.850000        84910         6.67
       5.027     0.875000        87415         8.00
       5.847     0.887500        88657         8.89
       6.907     0.900000        89905        10.00
       8.127     0.912500        91155        11.43
       9.551     0.925000        92408        13.33
      11.463     0.937500        93653        16.00
      12.479     0.943750        94282        17.78
      13.599     0.950000        94900        20.00
      15.279     0.956250        95525        22.86
      17.247     0.962500        96151        26.67
      19.919     0.968750        96777        32.00
      21.551     0.971875        97086        35.56
      23.343     0.975000        97400        40.00
      25.567     0.978125        97709        45.71
      27.967     0.981250        98022        53.33
      30.607     0.984375        98336        64.00
      31.919     0.985938        98490        71.11
      33.343     0.987500        98648        80.00
      34.687     0.989062        98803        91.43
      36.063     0.990625        98959       106.67
      37.823     0.992188        99117       128.00
      38.911     0.992969        99192       142.22
      39.871     0.993750        99270       160.00
      40.895     0.994531        99348       182.86
      42.015     0.995313        99426       213.33
      43.615     0.996094        99504       256.00
      44.799     0.996484        99546       284.44
      45.567     0.996875        99582       320.00
      46.431     0.997266        99621       365.71
      47.263     0.997656        99661       426.67
      48.287     0.998047        99699       512.00
      48.767     0.998242        99719       568.89
      49.343     0.998437        99739       640.00
      50.015     0.998633        99758       731.43
      51.167     0.998828        99777       853.33
      52.127     0.999023        99798      1024.00
      52.831     0.999121        99807      1137.78
      53.215     0.999219        99817      1280.00
      53.823     0.999316        99826      1462.86
      54.303     0.999414        99837      1706.67
      54.751     0.999512        99846      2048.00
      54.943     0.999561        99851      2275.56
      55.199     0.999609        99856      2560.00
      55.327     0.999658        99861      2925.71
      55.583     0.999707        99865      3413.33
      55.935     0.999756        99870      4096.00
      56.255     0.999780        99874      4551.11
      56.319     0.999805        99875      5120.00
      56.415     0.999829        99877      5851.43
      56.575     0.999854        99880      6826.67
      56.703     0.999878        99882      8192.00
      56.831     0.999890        99884      9102.22
      56.991     0.999902        99885     10240.00
      57.055     0.999915        99886     11702.86
      57.119     0.999927        99887     13653.33
      57.279     0.999939        99888     16384.00
      57.375     0.999945        99889     18204.44
      57.407     0.999951        99890     20480.00
      57.407     0.999957        99890     23405.71
      57.439     0.999963        99891     27306.67
      57.439     0.999969        99891     32768.00
      57.503     0.999973        99892     36408.89
      57.503     0.999976        99892     40960.00
      57.503     0.999979        99892     46811.43
      57.631     0.999982        99893     54613.33
      57.631     0.999985        99893     65536.00
      57.631     0.999986        99893     72817.78
      57.631     0.999988        99893     81920.00
      57.631     0.999989        99893     93622.86
      57.823     0.999991        99894    109226.67
      57.823     1.000000        99894          inf
#[Mean    =        3.279, StdDeviation   =        6.131]
#[Max     =       57.792, Total count    =        99894]
#[Buckets =           27, SubBuckets     =         2048]
----------------------------------------------------------
  99898 requests in 10.00s, 16.67MB read
Requests/sec:   9988.48
Transfer/sec:      1.67MB
