Running 10s test @ http://localhost
  2 threads and 10 connections
  Thread Stats   Avg      Stdev     Max   +/- Stdev
    Latency     2.68ms    3.84ms  40.00ms   91.36%
    Req/Sec       -nan      -nan   0.00      0.00%
  Latency Distribution (HdrHistogram - Recorded Latency)
 50.000%    1.50ms
 75.000%    2.43ms
 90.000%    5.55ms
 99.000%   21.06ms
 99.900%   33.44ms
 99.990%   37.69ms
 99.999%   39.74ms
100.000%   40.03ms

  Detailed Percentile spectrum:
       Value   Percentile   TotalCount 1/(1-Percentile)

       0.135     0.000000            1         1.00
       0.655     0.100000        10026         1.11
       0.861     0.200000        19985         1.25
       1.064     0.300000        29986         1.43
       1.277     0.400000        39970         1.67
       1.502     0.500000        49977         2.00
       1.625     0.550000        54943         2.22
       1.766     0.600000        59931         2.50
       1.931     0.650000        64931         2.86
       2.149     0.700000        69957         3.33
       2.431     0.750000        74925         4.00
       2.629     0.775000        77434         4.44
       2.879     0.800000        79917         5.00
       3.215     0.825000        82404         5.71
       3.693     0.850000        84901         6.67
       4.407     0.875000        87402         8.00
       4.915     0.887500        88653         8.89
       5.547     0.900000        89894        10.00
       6.423     0.912500        91147        11.43
       7.495     0.925000        92394        13.33
       8.687     0.937500        93652        16.00
       9.319     0.943750        94269        17.78
      10.063     0.950000        94892        20.00
      11.007     0.956250        95516        22.86
      12.079     0.962500        96137        26.67
      13.199     0.968750        96763        32.00
      13.871     0.971875        97073        35.56
      14.583     0.975000        97388        40.00
      15.319     0.978125        97700        45.71
      16.479     0.981250        98010        53.33
      18.015     0.984375        98323        64.00
      18.879     0.985938        98481        71.11
      19.663     0.987500        98637        80.00
      20.511     0.989062        98791        91.43
      21.439     0.990625        98947       106.67
      22.527     0.992188        99102       128.00
      23.215     0.992969        99180       142.22
      24.079     0.993750        99259       160.00
      25.055     0.994531        99336       182.86
      26.319     0.995313        99414       213.33
      27.359     0.996094        99493       256.00
      28.031     0.996484        99531       284.44
      28.607     0.996875        99570       320.00
      29.359     0.997266        99609       365.71
      30.223     0.997656        99649       426.67
      31.439     0.998047        99687       512.00
      31.807     0.998242        99707       568.89
      32.127     0.998437        99726       640.00
      32.543     0.998633        99746       731.43
      33.183     0.998828        99767       853.33
      33.535     0.999023        99785      1024.00
      33.919     0.999121        99796      1137.78
      34.335     0.999219        99804      1280.00
      34.783     0.999316        99814      1462.86
      35.135     0.999414        99825      1706.67
      35.583     0.999512        99834      2048.00
      35.775     0.999561        99839      2275.56
      35.935     0.999609        99844      2560.00
      36.223     0.999658        99849      2925.71
      36.415     0.999707        99853      3413.33
      36.543     0.999756        99858      4096.00
      36.639     0.999780        99861      4551.11
      36.671     0.999805        99863      5120.00
      36.799     0.999829        99865      5851.43
      37.023     0.999854        99868      6826.67
      37.279     0.999878        99870      8192.00
      37.695     0.999890        99872      9102.22
      37.727     0.999902        99874     10240.00
      37.727     0.999915        99874     11702.86
      37.919     0.999927        99875     13653.33
      38.143     0.999939        99876     16384.00
      38.207     0.999945        99877     18204.44
      38.271     0.999951        99878     20480.00
      38.271     0.999957        99878     23405.71
      38.975     0.999963        99879     27306.67
      38.975     0.999969        99879     32768.00
      39.135     0.999973        99880     36408.89
      39.135     0.999976        99880     40960.00
      39.135     0.999979        99880     46811.43
      39.743     0.999982        99881     54613.33
      39.743     0.999985        99881     65536.00
      39.743     0.999986        99881     72817.78
      39.743     0.999988        99881     81920.00
      39.743     0.999989        99881     93622.86
      40.031     0.999991        99882    109226.67
      40.031     1.000000        99882          inf
#[Mean    =        2.676, StdDeviation   =        3.838]
#[Max     =       40.000, Total count    =        99882]
#[Buckets =           27, SubBuckets     =         2048]
----------------------------------------------------------
  99884 requests in 10.00s, 16.67MB read
Requests/sec:   9989.05
Transfer/sec:      1.67MB
