Running 10s test @ http://localhost
  2 threads and 10 connections
  Thread Stats   Avg      Stdev     Max   +/- Stdev
    Latency     2.43ms    3.72ms  44.74ms   93.82%
    Req/Sec       -nan      -nan   0.00      0.00%
  Latency Distribution (HdrHistogram - Recorded Latency)
 50.000%    1.49ms
 75.000%    2.30ms
 90.000%    4.14ms
 99.000%   22.88ms
 99.900%   38.72ms
 99.990%   43.13ms
 99.999%   44.54ms
100.000%   44.77ms

  Detailed Percentile spectrum:
       Value   Percentile   TotalCount 1/(1-Percentile)

       0.107     0.000000            1         1.00
       0.631     0.100000        10017         1.11
       0.847     0.200000        19974         1.25
       1.055     0.300000        29994         1.43
       1.268     0.400000        39984         1.67
       1.486     0.500000        49956         2.00
       1.603     0.550000        54942         2.22
       1.740     0.600000        59919         2.50
       1.889     0.650000        64921         2.86
       2.067     0.700000        69932         3.33
       2.303     0.750000        74924         4.00
       2.447     0.775000        77394         4.44
       2.619     0.800000        79902         5.00
       2.843     0.825000        82411         5.71
       3.131     0.850000        84899         6.67
       3.541     0.875000        87381         8.00
       3.811     0.887500        88628         8.89
       4.139     0.900000        89886        10.00
       4.575     0.912500        91125        11.43
       5.151     0.925000        92376        13.33
       6.079     0.937500        93625        16.00
       6.747     0.943750        94244        17.78
       7.551     0.950000        94870        20.00
       8.487     0.956250        95493        22.86
       9.599     0.962500        96118        26.67
      10.823     0.968750        96741        32.00
      11.559     0.971875        97054        35.56
      12.463     0.975000        97367        40.00
      13.463     0.978125        97680        45.71
      14.919     0.981250        97990        53.33
      16.895     0.984375        98301        64.00
      18.543     0.985938        98458        71.11
      20.303     0.987500        98613        80.00
      22.047     0.989062        98769        91.43
      23.391     0.990625        98925       106.67
      24.559     0.992188        99083       128.00
      25.327     0.992969        99160       142.22
      26.207     0.993750        99237       160.00
      27.119     0.994531        99315       182.86
      28.191     0.995313        99393       213.33
      29.183     0.996094        99471       256.00
      29.887     0.996484        99512       284.44
      30.543     0.996875        99549       320.00
      31.343     0.997266        99588       365.71
      32.543     0.997656        99627       426.67
      35.231     0.998047        99667       512.00
      36.095     0.998242        99687       568.89
      36.575     0.998437        99705       640.00
      37.151     0.998633        99725       731.43
      38.015     0.998828        99745       853.33
      39.007     0.999023        99765      1024.00
      39.487     0.999121        99774      1137.78
      39.775     0.999219        99783      1280.00
      40.287     0.999316        99793      1462.86
      40.575     0.999414        99804      1706.67
      40.831     0.999512        99813      2048.00
      40.959     0.999561        99819      2275.56
      41.183     0.999609        99822      2560.00
      41.375     0.999658        99827      2925.71
      41.535     0.999707        99832      3413.33
      41.823     0.999756        99837      4096.00
      41.983     0.999780        99840      4551.11
      42.271     0.999805        99842      5120.00
      42.335     0.999829        99844      5851.43
      42.687     0.999854        99847      6826.67
      42.975     0.999878        99849      8192.00
      43.135     0.999890        99851      9102.22
      43.167     0.999902        99852     10240.00
      43.263     0.999915        99853     11702.86
      43.359     0.999927        99854     13653.33
      43.807     0.999939        99855     16384.00
      43.839     0.999945        99856     18204.44
      44.063     0.999951        99857     20480.00
      44.063     0.999957        99857     23405.71
      44.159     0.999963        99858     27306.67
      44.159     0.999969        99858     32768.00
      44.415     0.999973        99859     36408.89
      44.415     0.999976        99859     40960.00
      44.415     0.999979        99859     46811.43
      44.543     0.999982        99860     54613.33
      44.543     0.999985        99860     65536.00
      44.543     0.999986        99860     72817.78
      44.543     0.999988        99860     81920.00
      44.543     0.999989        99860     93622.86
      44.767     0.999991        99861    109226.67
      44.767     1.000000        99861          inf
#[Mean    =        2.426, StdDeviation   =        3.720]
#[Max     =       44.736, Total count    =        99861]
#[Buckets =           27, SubBuckets     =         2048]
----------------------------------------------------------
  99863 requests in 10.00s, 16.67MB read
Requests/sec:   9986.21
Transfer/sec:      1.67MB
