Running 10s test @ http://localhost
  2 threads and 10 connections
  Thread Stats   Avg      Stdev     Max   +/- Stdev
    Latency     3.20ms    6.23ms  69.12ms   93.49%
    Req/Sec       -nan      -nan   0.00      0.00%
  Latency Distribution (HdrHistogram - Recorded Latency)
 50.000%    1.49ms
 75.000%    2.42ms
 90.000%    6.15ms
 99.000%   37.53ms
 99.900%   59.58ms
 99.990%   66.69ms
 99.999%   69.18ms
100.000%   69.18ms

  Detailed Percentile spectrum:
       Value   Percentile   TotalCount 1/(1-Percentile)

       0.122     0.000000            1         1.00
       0.640     0.100000        10014         1.11
       0.857     0.200000        19982         1.25
       1.062     0.300000        29976         1.43
       1.269     0.400000        39991         1.67
       1.492     0.500000        49988         2.00
       1.611     0.550000        54945         2.22
       1.751     0.600000        59961         2.50
       1.918     0.650000        64944         2.86
       2.133     0.700000        69953         3.33
       2.423     0.750000        74932         4.00
       2.629     0.775000        77414         4.44
       2.909     0.800000        79922         5.00
       3.301     0.825000        82416         5.71
       3.863     0.850000        84910         6.67
       4.731     0.875000        87407         8.00
       5.355     0.887500        88653         8.89
       6.151     0.900000        89906        10.00
       7.099     0.912500        91149        11.43
       8.279     0.925000        92400        13.33
       9.799     0.937500        93649        16.00
      10.791     0.943750        94270        17.78
      11.927     0.950000        94894        20.00
      13.463     0.956250        95521        22.86
      15.359     0.962500        96145        26.67
      17.999     0.968750        96772        32.00
      19.647     0.971875        97082        35.56
      21.407     0.975000        97392        40.00
      24.015     0.978125        97703        45.71
      26.799     0.981250        98017        53.33
      29.711     0.984375        98328        64.00
      31.199     0.985938        98484        71.11
      33.983     0.987500        98640        80.00
      36.415     0.989062        98796        91.43
      38.079     0.990625        98955       106.67
      39.935     0.992188        99109       128.00
      41.023     0.992969        99187       142.22
      42.239     0.993750        99265       160.00
      44.095     0.994531        99344       182.86
      46.079     0.995313        99421       213.33
      48.159     0.996094        99499       256.00
      49.215     0.996484        99538       284.44
      50.655     0.996875        99577       320.00
      52.095     0.997266        99615       365.71
      53.983     0.997656        99654       426.67
      55.583     0.998047        99694       512.00
      56.223     0.998242        99713       568.89
      56.927     0.998437        99733       640.00
      57.791     0.998633        99752       731.43
      58.815     0.998828        99772       853.33
      59.615     0.999023        99791      1024.00
      60.191     0.999121        99801      1137.78
      60.447     0.999219        99810      1280.00
      60.991     0.999316        99820      1462.86
      61.695     0.999414        99830      1706.67
      62.431     0.999512        99840      2048.00
      62.783     0.999561        99845      2275.56
      62.943     0.999609        99849      2560.00
      63.327     0.999658        99854      2925.71
      64.287     0.999707        99859      3413.33
      64.767     0.999756        99864      4096.00
      65.151     0.999780        99867      4551.11
      65.535     0.999805        99869      5120.00
      66.111     0.999829        99871      5851.43
      66.431     0.999854        99874      6826.67
      66.559     0.999878        99877      8192.00
      66.687     0.999890        99879      9102.22
      66.687     0.999902        99879     10240.00
      66.815     0.999915        99880     11702.86
      67.199     0.999927        99881     13653.33
      67.327     0.999939        99882     16384.00
      67.967     0.999945        99883     18204.44
      68.031     0.999951        99884     20480.00
      68.031     0.999957        99884     23405.71
      68.671     0.999963        99885     27306.67
      68.671     0.999969        99885     32768.00
      69.119     0.999973        99886     36408.89
      69.119     0.999976        99886     40960.00
      69.119     0.999979        99886     46811.43
      69.183     0.999982        99888     54613.33
      69.183     1.000000        99888          inf
#[Mean    =        3.203, StdDeviation   =        6.232]
#[Max     =       69.120, Total count    =        99888]
#[Buckets =           27, SubBuckets     =         2048]
----------------------------------------------------------
  99890 requests in 10.00s, 16.67MB read
Requests/sec:   9988.84
Transfer/sec:      1.67MB
