Running 10s test @ http://localhost
  2 threads and 10 connections
  Thread Stats   Avg      Stdev     Max   +/- Stdev
    Latency     3.03ms    4.62ms  50.50ms   91.95%
    Req/Sec       -nan      -nan   0.00      0.00%
  Latency Distribution (HdrHistogram - Recorded Latency)
 50.000%    1.61ms
 75.000%    2.73ms
 90.000%    6.33ms
 99.000%   25.04ms
 99.900%   41.76ms
 99.990%   48.93ms
 99.999%   50.17ms
100.000%   50.53ms

  Detailed Percentile spectrum:
       Value   Percentile   TotalCount 1/(1-Percentile)

       0.128     0.000000            1         1.00
       0.690     0.100000         9993         1.11
       0.940     0.200000        19974         1.25
       1.164     0.300000        29972         1.43
       1.380     0.400000        39951         1.67
       1.614     0.500000        49980         2.00
       1.752     0.550000        54949         2.22
       1.918     0.600000        59943         2.50
       2.121     0.650000        64957         2.86
       2.371     0.700000        69914         3.33
       2.727     0.750000        74915         4.00
       2.985     0.775000        77413         4.44
       3.313     0.800000        79910         5.00
       3.713     0.825000        82400         5.71
       4.259     0.850000        84898         6.67
       5.059     0.875000        87391         8.00
       5.631     0.887500        88643         8.89
       6.327     0.900000        89885        10.00
       7.139     0.912500        91136        11.43
       8.135     0.925000        92379        13.33
       9.335     0.937500        93628        16.00
      10.047     0.943750        94256        17.78
      10.895     0.950000        94876        20.00
      11.991     0.956250        95500        22.86
      13.391     0.962500        96124        26.67
      15.447     0.968750        96750        32.00
      16.687     0.971875        97065        35.56
      17.951     0.975000        97376        40.00
      19.503     0.978125        97690        45.71
      20.719     0.981250        97997        53.33
      22.063     0.984375        98309        64.00
      22.735     0.985938        98466        71.11
      23.567     0.987500        98623        80.00
      24.511     0.989062        98777        91.43
      25.551     0.990625        98934       106.67
      27.119     0.992188        99089       128.00
      27.935     0.992969        99169       142.22
      29.039     0.993750        99245       160.00
      30.783     0.994531        99325       182.86
      32.319     0.995313        99401       213.33
      33.951     0.996094        99479       256.00
      34.623     0.996484        99518       284.44
      35.583     0.996875        99557       320.00
      36.351     0.997266        99597       365.71
      37.439     0.997656        99635       426.67
      38.719     0.998047        99674       512.00
      39.615     0.998242        99695       568.89
      39.999     0.998437        99713       640.00
      40.671     0.998633        99734       731.43
      41.215     0.998828        99753       853.33
      41.919     0.999023        99772      1024.00
      42.367     0.999121        99782      1137.78
      42.751     0.999219        99791      1280.00
      43.039     0.999316        99801      1462.86
      43.487     0.999414        99812      1706.67
      43.743     0.999512        99823      2048.00
      43.839     0.999561        99826      2275.56
      43.935     0.999609        99830      2560.00
      44.287     0.999658        99836      2925.71
      44.735     0.999707        99840      3413.33
      45.375     0.999756        99845      4096.00
      46.015     0.999780        99848      4551.11
      47.135     0.999805        99850      5120.00
      47.391     0.999829        99852      5851.43
      48.159     0.999854        99856      6826.67
      48.287     0.999878        99857      8192.00
      48.927     0.999890        99859      9102.22
      49.343     0.999902        99860     10240.00
      49.375     0.999915        99861     11702.86
      49.471     0.999927        99862     13653.33
      49.599     0.999939        99863     16384.00
      49.727     0.999945        99864     18204.44
      49.759     0.999951        99865     20480.00
      49.759     0.999957        99865     23405.71
      49.951     0.999963        99867     27306.67
      49.951     0.999969        99867     32768.00
      49.951     0.999973        99867     36408.89
      49.951     0.999976        99867     40960.00
      49.951     0.999979        99867     46811.43
      50.175     0.999982        99868     54613.33
      50.175     0.999985        99868     65536.00
      50.175     0.999986        99868     72817.78
      50.175     0.999988        99868     81920.00
      50.175     0.999989        99868     93622.86
      50.527     0.999991        99869    109226.67
      50.527     1.000000        99869          inf
#[Mean    =        3.031, StdDeviation   =        4.619]
#[Max     =       50.496, Total count    =        99869]
#[Buckets =           27, SubBuckets     =         2048]
----------------------------------------------------------
  99871 requests in 10.00s, 16.67MB read
Requests/sec:   9987.26
Transfer/sec:      1.67MB
