Running 10s test @ http://localhost
  2 threads and 10 connections
  Thread Stats   Avg      Stdev     Max   +/- Stdev
    Latency     2.25ms    3.87ms  45.86ms   95.38%
    Req/Sec       -nan      -nan   0.00      0.00%
  Latency Distribution (HdrHistogram - Recorded Latency)
 50.000%    1.40ms
 75.000%    2.08ms
 90.000%    3.35ms
 99.000%   24.50ms
 99.900%   39.55ms
 99.990%   42.78ms
 99.999%   45.89ms
100.000%   45.89ms

  Detailed Percentile spectrum:
       Value   Percentile   TotalCount 1/(1-Percentile)

       0.097     0.000000            1         1.00
       0.618     0.100000        10027         1.11
       0.807     0.200000        19984         1.25
       0.994     0.300000        29965         1.43
       1.189     0.400000        39992         1.67
       1.398     0.500000        49970         2.00
       1.505     0.550000        54958         2.22
       1.620     0.600000        59936         2.50
       1.749     0.650000        64925         2.86
       1.899     0.700000        69942         3.33
       2.083     0.750000        74937         4.00
       2.191     0.775000        77440         4.44
       2.321     0.800000        79924         5.00
       2.477     0.825000        82411         5.71
       2.673     0.850000        84914         6.67
       2.933     0.875000        87391         8.00
       3.113     0.887500        88652         8.89
       3.345     0.900000        89903        10.00
       3.655     0.912500        91135        11.43
       4.053     0.925000        92389        13.33
       4.655     0.937500        93637        16.00
       5.099     0.943750        94261        17.78
       5.675     0.950000        94881        20.00
       6.435     0.956250        95505        22.86
       7.523     0.962500        96130        26.67
       9.103     0.968750        96753        32.00
      10.663     0.971875        97066        35.56
      12.431     0.975000        97377        40.00
      14.167     0.978125        97689        45.71
      16.303     0.981250        98004        53.33
      18.815     0.984375        98314        64.00
      20.111     0.985938        98470        71.11
      21.631     0.987500        98626        80.00
      23.311     0.989062        98781        91.43
      25.231     0.990625        98937       106.67
      27.167     0.992188        99093       128.00
      28.079     0.992969        99171       142.22
      29.151     0.993750        99250       160.00
      30.543     0.994531        99328       182.86
      31.775     0.995313        99405       213.33
      33.151     0.996094        99486       256.00
      33.823     0.996484        99522       284.44
      34.367     0.996875        99561       320.00
      35.071     0.997266        99600       365.71
      35.903     0.997656        99639       426.67
      36.799     0.998047        99678       512.00
      37.247     0.998242        99698       568.89
      37.919     0.998437        99717       640.00
      38.687     0.998633        99737       731.43
      39.167     0.998828        99756       853.33
      39.679     0.999023        99778      1024.00
      39.903     0.999121        99786      1137.78
      40.159     0.999219        99796      1280.00
      40.543     0.999316        99805      1462.86
      40.863     0.999414        99815      1706.67
      41.151     0.999512        99826      2048.00
      41.343     0.999561        99831      2275.56
      41.535     0.999609        99834      2560.00
      41.823     0.999658        99840      2925.71
      41.951     0.999707        99844      3413.33
      42.207     0.999756        99850      4096.00
      42.303     0.999780        99852      4551.11
      42.335     0.999805        99854      5120.00
      42.399     0.999829        99856      5851.43
      42.559     0.999854        99859      6826.67
      42.751     0.999878        99861      8192.00
      42.783     0.999890        99863      9102.22
      43.039     0.999902        99864     10240.00
      43.135     0.999915        99865     11702.86
      43.391     0.999927        99867     13653.33
      43.391     0.999939        99867     16384.00
      43.967     0.999945        99868     18204.44
      44.639     0.999951        99869     20480.00
      44.639     0.999957        99869     23405.71
      45.311     0.999963        99871     27306.67
      45.311     0.999969        99871     32768.00
      45.311     0.999973        99871     36408.89
      45.311     0.999976        99871     40960.00
      45.311     0.999979        99871     46811.43
      45.887     0.999982        99873     54613.33
      45.887     1.000000        99873          inf
#[Mean    =        2.247, StdDeviation   =        3.867]
#[Max     =       45.856, Total count    =        99873]
#[Buckets =           27, SubBuckets     =         2048]
----------------------------------------------------------
  99875 requests in 10.00s, 16.67MB read
Requests/sec:   9987.74
Transfer/sec:      1.67MB
