Running 10s test @ http://localhost
  2 threads and 10 connections
  Thread Stats   Avg      Stdev     Max   +/- Stdev
    Latency    48.07ms   78.22ms 379.39ms   87.04%
    Req/Sec       -nan      -nan   0.00      0.00%
  Latency Distribution (HdrHistogram - Recorded Latency)
 50.000%    4.45ms
 75.000%   65.86ms
 90.000%  149.12ms
 99.000%  319.23ms
 99.900%  362.75ms
 99.990%  377.34ms
 99.999%  379.14ms
100.000%  379.65ms

  Detailed Percentile spectrum:
       Value   Percentile   TotalCount 1/(1-Percentile)

       0.135     0.000000            1         1.00
       0.904     0.100000        10001         1.11
       1.292     0.200000        20001         1.25
       1.680     0.300000        29966         1.43
       2.283     0.400000        39964         1.67
       4.451     0.500000        49939         2.00
       8.319     0.550000        54933         2.22
      17.839     0.600000        59933         2.50
      34.815     0.650000        64930         2.86
      47.359     0.700000        69925         3.33
      65.855     0.750000        74914         4.00
      77.823     0.775000        77414         4.44
      89.279     0.800000        79918         5.00
      98.751     0.825000        82405         5.71
     112.831     0.850000        84896         6.67
     130.111     0.875000        87393         8.00
     138.239     0.887500        88644         8.89
     149.119     0.900000        89900        10.00
     170.495     0.912500        91141        11.43
     202.367     0.925000        92393        13.33
     223.871     0.937500        93645        16.00
     232.959     0.943750        94267        17.78
     246.015     0.950000        94884        20.00
     265.983     0.956250        95509        22.86
     279.551     0.962500        96156        26.67
     285.951     0.968750        96761        32.00
     290.303     0.971875        97069        35.56
     297.471     0.975000        97390        40.00
     303.615     0.978125        97706        45.71
     307.455     0.981250        98006        53.33
     311.295     0.984375        98318        64.00
     313.599     0.985938        98473        71.11
     315.903     0.987500        98651        80.00
     318.207     0.989062        98802        91.43
     319.999     0.990625        98952       106.67
     322.815     0.992188        99100       128.00
     325.375     0.992969        99180       142.22
     328.703     0.993750        99256       160.00
     331.775     0.994531        99332       182.86
     336.639     0.995313        99415       213.33
     339.199     0.996094        99488       256.00
     340.991     0.996484        99528       284.44
     343.039     0.996875        99569       320.00
     345.343     0.997266        99607       365.71
     348.415     0.997656        99644       426.67
     350.463     0.998047        99683       512.00
     351.743     0.998242        99703       568.89
     353.791     0.998437        99721       640.00
     357.887     0.998633        99741       731.43
     360.703     0.998828        99760       853.33
     363.775     0.999023        99780      1024.00
     368.639     0.999121        99791      1137.78
     370.175     0.999219        99799      1280.00
     371.455     0.999316        99809      1462.86
     371.967     0.999414        99819      1706.67
     372.735     0.999512        99833      2048.00
     372.991     0.999561        99836      2275.56
     373.247     0.999609        99839      2560.00
     373.759     0.999658        99845      2925.71
     374.271     0.999707        99849      3413.33
     375.039     0.999756        99854      4096.00
     375.807     0.999780        99859      4551.11
     375.807     0.999805        99859      5120.00
     376.063     0.999829        99861      5851.43
     376.575     0.999854        99864      6826.67
     376.831     0.999878        99865      8192.00
     377.343     0.999890        99868      9102.22
     377.343     0.999902        99868     10240.00
     377.599     0.999915        99871     11702.86
     377.599     0.999927        99871     13653.33
     377.599     0.999939        99871     16384.00
     377.855     0.999945        99872     18204.44
     378.367     0.999951        99873     20480.00
     378.367     0.999957        99873     23405.71
     378.879     0.999963        99874     27306.67
     378.879     0.999969        99874     32768.00
     379.135     0.999973        99876     36408.89
     379.135     0.999976        99876     40960.00
     379.135     0.999979        99876     46811.43
     379.135     0.999982        99876     54613.33
     379.135     0.999985        99876     65536.00
     379.135     0.999986        99876     72817.78
     379.135     0.999988        99876     81920.00
     379.135     0.999989        99876     93622.86
     379.647     0.999991        99877    109226.67
     379.647     1.000000        99877          inf
#[Mean    =       48.066, StdDeviation   =       78.221]
#[Max     =      379.392, Total count    =        99877]
#[Buckets =           27, SubBuckets     =         2048]
----------------------------------------------------------
  99880 requests in 10.00s, 16.67MB read
Requests/sec:   9986.98
Transfer/sec:      1.67MB
