Running 10s test @ http://localhost
  2 threads and 10 connections
  Thread Stats   Avg      Stdev     Max   +/- Stdev
    Latency     3.94ms   12.10ms 131.07ms   96.35%
    Req/Sec       -nan      -nan   0.00      0.00%
  Latency Distribution (HdrHistogram - Recorded Latency)
 50.000%    1.44ms
 75.000%    2.17ms
 90.000%    3.99ms
 99.000%   75.52ms
 99.900%  112.45ms
 99.990%  130.18ms
 99.999%  131.01ms
100.000%  131.20ms

  Detailed Percentile spectrum:
       Value   Percentile   TotalCount 1/(1-Percentile)

       0.114     0.000000            1         1.00
       0.634     0.100000        10021         1.11
       0.827     0.200000        20013         1.25
       1.019     0.300000        29981         1.43
       1.225     0.400000        39987         1.67
       1.436     0.500000        49981         2.00
       1.546     0.550000        54944         2.22
       1.669     0.600000        59943         2.50
       1.804     0.650000        64947         2.86
       1.964     0.700000        69919         3.33
       2.171     0.750000        74939         4.00
       2.297     0.775000        77426         4.44
       2.447     0.800000        79917         5.00
       2.637     0.825000        82415         5.71
       2.911     0.850000        84923         6.67
       3.313     0.875000        87408         8.00
       3.617     0.887500        88649         8.89
       3.995     0.900000        89900        10.00
       4.515     0.912500        91154        11.43
       5.279     0.925000        92394        13.33
       6.599     0.937500        93643        16.00
       7.587     0.943750        94269        17.78
       8.959     0.950000        94890        20.00
      10.999     0.956250        95517        22.86
      14.751     0.962500        96140        26.67
      30.159     0.968750        96763        32.00
      38.751     0.971875        97076        35.56
      45.535     0.975000        97388        40.00
      51.071     0.978125        97700        45.71
      57.119     0.981250        98013        53.33
      63.263     0.984375        98326        64.00
      66.495     0.985938        98481        71.11
      69.567     0.987500        98636        80.00
      73.791     0.989062        98792        91.43
      76.735     0.990625        98948       106.67
      80.767     0.992188        99106       128.00
      82.751     0.992969        99183       142.22
      84.543     0.993750        99260       160.00
      87.231     0.994531        99338       182.86
      91.391     0.995313        99417       213.33
      95.423     0.996094        99494       256.00
      97.279     0.996484        99533       284.44
     100.159     0.996875        99572       320.00
     102.079     0.997266        99612       365.71
     104.191     0.997656        99650       426.67
     106.367     0.998047        99690       512.00
     107.455     0.998242        99709       568.89
     108.287     0.998437        99729       640.00
     109.183     0.998633        99752       731.43
     110.015     0.998828        99767       853.33
     112.767     0.999023        99787      1024.00
     113.791     0.999121        99798      1137.78
     114.943     0.999219        99806      1280.00
     121.087     0.999316        99816      1462.86
     123.519     0.999414        99826      1706.67
     124.607     0.999512        99836      2048.00
     125.119     0.999561        99842      2275.56
     125.439     0.999609        99845      2560.00
     126.271     0.999658        99851      2925.71
     126.911     0.999707        99855      3413.33
     127.487     0.999756        99860      4096.00
     127.807     0.999780        99863      4551.11
     128.063     0.999805        99865      5120.00
     128.127     0.999829        99867      5851.43
     129.023     0.999854        99870      6826.67
     129.535     0.999878        99872      8192.00
     130.175     0.999890        99874      9102.22
     130.239     0.999902        99875     10240.00
     130.303     0.999915        99876     11702.86
     130.559     0.999927        99877     13653.33
     130.623     0.999939        99878     16384.00
     130.751     0.999945        99879     18204.44
     130.815     0.999951        99880     20480.00
     130.815     0.999957        99880     23405.71
     130.879     0.999963        99882     27306.67
     130.879     0.999969        99882     32768.00
     130.879     0.999973        99882     36408.89
     130.879     0.999976        99882     40960.00
     130.879     0.999979        99882     46811.43
     131.007     0.999982        99883     54613.33
     131.007     0.999985        99883     65536.00
     131.007     0.999986        99883     72817.78
     131.007     0.999988        99883     81920.00
     131.007     0.999989        99883     93622.86
     131.199     0.999991        99884    109226.67
     131.199     1.000000        99884          inf
#[Mean    =        3.939, StdDeviation   =       12.095]
#[Max     =      131.072, Total count    =        99884]
#[Buckets =           27, SubBuckets     =         2048]
----------------------------------------------------------
  99886 requests in 10.00s, 16.67MB read
Requests/sec:   9988.88
Transfer/sec:      1.67MB
