Running 10s test @ http://localhost
  2 threads and 10 connections
  Thread Stats   Avg      Stdev     Max   +/- Stdev
    Latency     2.50ms    3.96ms  52.61ms   93.96%
    Req/Sec       -nan      -nan   0.00      0.00%
  Latency Distribution (HdrHistogram - Recorded Latency)
 50.000%    1.52ms
 75.000%    2.37ms
 90.000%    4.34ms
 99.000%   23.52ms
 99.900%   40.26ms
 99.990%   46.62ms
 99.999%   52.06ms
100.000%   52.64ms

  Detailed Percentile spectrum:
       Value   Percentile   TotalCount 1/(1-Percentile)

       0.122     0.000000            1         1.00
       0.652     0.100000         9996         1.11
       0.875     0.200000        20005         1.25
       1.088     0.300000        29992         1.43
       1.304     0.400000        39973         1.67
       1.521     0.500000        49971         2.00
       1.642     0.550000        54966         2.22
       1.779     0.600000        59948         2.50
       1.936     0.650000        64927         2.86
       2.125     0.700000        69960         3.33
       2.365     0.750000        74939         4.00
       2.513     0.775000        77423         4.44
       2.695     0.800000        79925         5.00
       2.933     0.825000        82408         5.71
       3.257     0.850000        84904         6.67
       3.699     0.875000        87402         8.00
       3.987     0.887500        88653         8.89
       4.343     0.900000        89897        10.00
       4.807     0.912500        91156        11.43
       5.463     0.925000        92401        13.33
       6.291     0.937500        93647        16.00
       6.839     0.943750        94269        17.78
       7.499     0.950000        94892        20.00
       8.287     0.956250        95517        22.86
       9.247     0.962500        96143        26.67
      10.543     0.968750        96764        32.00
      11.175     0.971875        97076        35.56
      11.911     0.975000        97390        40.00
      12.903     0.978125        97701        45.71
      14.391     0.981250        98014        53.33
      16.447     0.984375        98326        64.00
      17.807     0.985938        98481        71.11
      19.359     0.987500        98639        80.00
      21.935     0.989062        98793        91.43
      24.575     0.990625        98949       106.67
      27.983     0.992188        99107       128.00
      29.679     0.992969        99183       142.22
      31.215     0.993750        99261       160.00
      32.383     0.994531        99340       182.86
      33.631     0.995313        99418       213.33
      34.687     0.996094        99498       256.00
      35.167     0.996484        99534       284.44
      35.679     0.996875        99576       320.00
      36.255     0.997266        99613       365.71
      36.895     0.997656        99652       426.67
      37.631     0.998047        99690       512.00
      38.271     0.998242        99710       568.89
      38.943     0.998437        99730       640.00
      39.391     0.998633        99751       731.43
      39.743     0.998828        99768       853.33
      40.383     0.999023        99788      1024.00
      40.735     0.999121        99800      1137.78
      41.119     0.999219        99807      1280.00
      41.503     0.999316        99817      1462.86
      41.791     0.999414        99827      1706.67
      42.207     0.999512        99837      2048.00
      42.559     0.999561        99842      2275.56
      42.687     0.999609        99846      2560.00
      43.327     0.999658        99851      2925.71
      44.031     0.999707        99856      3413.33
      44.415     0.999756        99861      4096.00
      44.703     0.999780        99864      4551.11
      45.151     0.999805        99866      5120.00
      45.279     0.999829        99868      5851.43
      45.695     0.999854        99872      6826.67
      46.303     0.999878        99873      8192.00
      46.623     0.999890        99875      9102.22
      46.719     0.999902        99876     10240.00
      47.423     0.999915        99877     11702.86
      48.191     0.999927        99878     13653.33
      49.055     0.999939        99879     16384.00
      49.887     0.999945        99880     18204.44
      50.719     0.999951        99881     20480.00
      50.719     0.999957        99881     23405.71
      51.615     0.999963        99883     27306.67
      51.615     0.999969        99883     32768.00
      51.615     0.999973        99883     36408.89
      51.615     0.999976        99883     40960.00
      51.615     0.999979        99883     46811.43
      52.063     0.999982        99884     54613.33
      52.063     0.999985        99884     65536.00
      52.063     0.999986        99884     72817.78
      52.063     0.999988        99884     81920.00
      52.063     0.999989        99884     93622.86
      52.639     0.999991        99885    109226.67
      52.639     1.000000        99885          inf
#[Mean    =        2.500, StdDeviation   =        3.957]
#[Max     =       52.608, Total count    =        99885]
#[Buckets =           27, SubBuckets     =         2048]
----------------------------------------------------------
  99889 requests in 10.00s, 16.67MB read
Requests/sec:   9988.95
Transfer/sec:      1.67MB
