Running 10s test @ http://localhost
  2 threads and 10 connections
  Thread Stats   Avg      Stdev     Max   +/- Stdev
    Latency     2.03ms    2.24ms  26.82ms   92.86%
    Req/Sec       -nan      -nan   0.00      0.00%
  Latency Distribution (HdrHistogram - Recorded Latency)
 50.000%    1.46ms
 75.000%    2.18ms
 90.000%    3.52ms
 99.000%   13.29ms
 99.900%   22.25ms
 99.990%   25.50ms
 99.999%   26.80ms
100.000%   26.83ms

  Detailed Percentile spectrum:
       Value   Percentile   TotalCount 1/(1-Percentile)

       0.118     0.000000            1         1.00
       0.668     0.100000        10028         1.11
       0.874     0.200000        19992         1.25
       1.075     0.300000        29999         1.43
       1.268     0.400000        39972         1.67
       1.462     0.500000        49992         2.00
       1.570     0.550000        54970         2.22
       1.691     0.600000        59960         2.50
       1.826     0.650000        64945         2.86
       1.982     0.700000        69937         3.33
       2.179     0.750000        74950         4.00
       2.295     0.775000        77444         4.44
       2.429     0.800000        79922         5.00
       2.597     0.825000        82422         5.71
       2.819     0.850000        84921         6.67
       3.117     0.875000        87402         8.00
       3.303     0.887500        88658         8.89
       3.523     0.900000        89911        10.00
       3.795     0.912500        91150        11.43
       4.155     0.925000        92409        13.33
       4.635     0.937500        93645        16.00
       4.967     0.943750        94271        17.78
       5.383     0.950000        94894        20.00
       5.895     0.956250        95518        22.86
       6.571     0.962500        96146        26.67
       7.327     0.968750        96767        32.00
       7.831     0.971875        97081        35.56
       8.423     0.975000        97392        40.00
       9.111     0.978125        97703        45.71
       9.935     0.981250        98017        53.33
      10.935     0.984375        98330        64.00
      11.463     0.985938        98485        71.11
      12.167     0.987500        98640        80.00
      12.823     0.989062        98796        91.43
      13.559     0.990625        98955       106.67
      14.399     0.992188        99108       128.00
      14.855     0.992969        99186       142.22
      15.311     0.993750        99267       160.00
      15.871     0.994531        99343       182.86
      16.495     0.995313        99420       213.33
      17.247     0.996094        99498       256.00
      17.551     0.996484        99537       284.44
      18.015     0.996875        99576       320.00
      18.543     0.997266        99615       365.71
      19.151     0.997656        99655       426.67
      19.871     0.998047        99693       512.00
      20.367     0.998242        99714       568.89
      20.847     0.998437        99733       640.00
      21.343     0.998633        99752       731.43
      21.775     0.998828        99771       853.33
      22.415     0.999023        99791      1024.00
      22.623     0.999121        99802      1137.78
      22.863     0.999219        99810      1280.00
      23.135     0.999316        99822      1462.86
      23.631     0.999414        99831      1706.67
      23.855     0.999512        99840      2048.00
      23.935     0.999561        99846      2275.56
      24.031     0.999609        99849      2560.00
      24.223     0.999658        99854      2925.71
      24.431     0.999707        99859      3413.33
      24.639     0.999756        99864      4096.00
      24.767     0.999780        99867      4551.11
      24.815     0.999805        99869      5120.00
      25.087     0.999829        99871      5851.43
      25.311     0.999854        99874      6826.67
      25.343     0.999878        99876      8192.00
      25.503     0.999890        99878      9102.22
      25.663     0.999902        99879     10240.00
      25.695     0.999915        99880     11702.86
      25.999     0.999927        99881     13653.33
      26.063     0.999939        99882     16384.00
      26.271     0.999945        99883     18204.44
      26.319     0.999951        99885     20480.00
      26.319     0.999957        99885     23405.71
      26.319     0.999963        99885     27306.67
      26.319     0.999969        99885     32768.00
      26.527     0.999973        99886     36408.89
      26.527     0.999976        99886     40960.00
      26.527     0.999979        99886     46811.43
      26.799     0.999982        99887     54613.33
      26.799     0.999985        99887     65536.00
      26.799     0.999986        99887     72817.78
      26.799     0.999988        99887     81920.00
      26.799     0.999989        99887     93622.86
      26.831     0.999991        99888    109226.67
      26.831     1.000000        99888          inf
#[Mean    =        2.034, StdDeviation   =        2.242]
#[Max     =       26.816, Total count    =        99888]
#[Buckets =           27, SubBuckets     =         2048]
----------------------------------------------------------
  99890 requests in 10.00s, 16.67MB read
Requests/sec:   9988.97
Transfer/sec:      1.67MB
