Running 10s test @ http://localhost
  2 threads and 10 connections
  Thread Stats   Avg      Stdev     Max   +/- Stdev
    Latency     2.42ms    3.92ms  53.02ms   93.96%
    Req/Sec       -nan      -nan   0.00      0.00%
  Latency Distribution (HdrHistogram - Recorded Latency)
 50.000%    1.43ms
 75.000%    2.15ms
 90.000%    3.95ms
 99.000%   22.96ms
 99.900%   37.73ms
 99.990%   50.56ms
 99.999%   52.96ms
100.000%   53.06ms

  Detailed Percentile spectrum:
       Value   Percentile   TotalCount 1/(1-Percentile)

       0.065     0.000000            1         1.00
       0.622     0.100000         9990         1.11
       0.833     0.200000        19998         1.25
       1.024     0.300000        29968         1.43
       1.219     0.400000        39951         1.67
       1.429     0.500000        49960         2.00
       1.533     0.550000        54961         2.22
       1.653     0.600000        59960         2.50
       1.793     0.650000        64950         2.86
       1.952     0.700000        69922         3.33
       2.153     0.750000        74944         4.00
       2.277     0.775000        77434         4.44
       2.433     0.800000        79937         5.00
       2.637     0.825000        82402         5.71
       2.919     0.850000        84908         6.67
       3.329     0.875000        87398         8.00
       3.617     0.887500        88648         8.89
       3.953     0.900000        89889        10.00
       4.411     0.912500        91140        11.43
       5.063     0.925000        92393        13.33
       6.111     0.937500        93636        16.00
       6.859     0.943750        94258        17.78
       7.847     0.950000        94883        20.00
       8.919     0.956250        95508        22.86
      10.191     0.962500        96132        26.67
      12.151     0.968750        96756        32.00
      13.591     0.971875        97067        35.56
      15.159     0.975000        97383        40.00
      16.703     0.978125        97693        45.71
      18.175     0.981250        98007        53.33
      19.551     0.984375        98319        64.00
      20.351     0.985938        98473        71.11
      21.423     0.987500        98628        80.00
      22.447     0.989062        98786        91.43
      23.407     0.990625        98942       106.67
      24.671     0.992188        99096       128.00
      25.407     0.992969        99175       142.22
      26.367     0.993750        99252       160.00
      27.071     0.994531        99330       182.86
      28.095     0.995313        99409       213.33
      29.231     0.996094        99486       256.00
      29.903     0.996484        99525       284.44
      30.335     0.996875        99565       320.00
      31.023     0.997266        99604       365.71
      31.775     0.997656        99642       426.67
      32.959     0.998047        99681       512.00
      33.727     0.998242        99701       568.89
      34.879     0.998437        99720       640.00
      35.775     0.998633        99741       731.43
      36.671     0.998828        99760       853.33
      37.919     0.999023        99779      1024.00
      39.423     0.999121        99789      1137.78
      40.511     0.999219        99798      1280.00
      41.727     0.999316        99808      1462.86
      42.431     0.999414        99818      1706.67
      43.775     0.999512        99829      2048.00
      43.903     0.999561        99833      2275.56
      44.351     0.999609        99837      2560.00
      44.895     0.999658        99842      2925.71
      45.567     0.999707        99847      3413.33
      46.559     0.999756        99852      4096.00
      47.007     0.999780        99855      4551.11
      47.263     0.999805        99857      5120.00
      47.423     0.999829        99859      5851.43
      48.895     0.999854        99862      6826.67
      49.599     0.999878        99864      8192.00
      50.559     0.999890        99866      9102.22
      51.103     0.999902        99867     10240.00
      51.199     0.999915        99868     11702.86
      51.327     0.999927        99869     13653.33
      51.583     0.999939        99870     16384.00
      51.743     0.999945        99871     18204.44
      52.159     0.999951        99873     20480.00
      52.159     0.999957        99873     23405.71
      52.159     0.999963        99873     27306.67
      52.159     0.999969        99873     32768.00
      52.415     0.999973        99874     36408.89
      52.415     0.999976        99874     40960.00
      52.415     0.999979        99874     46811.43
      52.959     0.999982        99875     54613.33
      52.959     0.999985        99875     65536.00
      52.959     0.999986        99875     72817.78
      52.959     0.999988        99875     81920.00
      52.959     0.999989        99875     93622.86
      53.055     0.999991        99876    109226.67
      53.055     1.000000        99876          inf
#[Mean    =        2.418, StdDeviation   =        3.925]
#[Max     =       53.024, Total count    =        99876]
#[Buckets =           27, SubBuckets     =         2048]
----------------------------------------------------------
  99883 requests in 10.00s, 16.67MB read
Requests/sec:   9988.35
Transfer/sec:      1.67MB
