Running 10s test @ http://localhost
  2 threads and 10 connections
  Thread Stats   Avg      Stdev     Max   +/- Stdev
    Latency     1.87ms    1.98ms  25.06ms   93.57%
    Req/Sec       -nan      -nan   0.00      0.00%
  Latency Distribution (HdrHistogram - Recorded Latency)
 50.000%    1.42ms
 75.000%    2.05ms
 90.000%    3.07ms
 99.000%   12.18ms
 99.900%   19.63ms
 99.990%   23.74ms
 99.999%   24.58ms
100.000%   25.07ms

  Detailed Percentile spectrum:
       Value   Percentile   TotalCount 1/(1-Percentile)

       0.079     0.000000            1         1.00
       0.634     0.100000        10029         1.11
       0.850     0.200000        20016         1.25
       1.046     0.300000        29998         1.43
       1.230     0.400000        39990         1.67
       1.419     0.500000        49962         2.00
       1.518     0.550000        54940         2.22
       1.628     0.600000        59956         2.50
       1.749     0.650000        64948         2.86
       1.886     0.700000        69926         3.33
       2.046     0.750000        74913         4.00
       2.141     0.775000        77434         4.44
       2.255     0.800000        79913         5.00
       2.385     0.825000        82436         5.71
       2.541     0.850000        84916         6.67
       2.761     0.875000        87414         8.00
       2.903     0.887500        88650         8.89
       3.071     0.900000        89907        10.00
       3.289     0.912500        91148        11.43
       3.551     0.925000        92394        13.33
       3.923     0.937500        93649        16.00
       4.167     0.943750        94267        17.78
       4.459     0.950000        94893        20.00
       4.827     0.956250        95518        22.86
       5.335     0.962500        96142        26.67
       6.163     0.968750        96763        32.00
       6.739     0.971875        97075        35.56
       7.455     0.975000        97389        40.00
       8.255     0.978125        97701        45.71
       9.151     0.981250        98017        53.33
      10.159     0.984375        98325        64.00
      10.711     0.985938        98480        71.11
      11.247     0.987500        98638        80.00
      11.807     0.989062        98796        91.43
      12.399     0.990625        98949       106.67
      12.999     0.992188        99106       128.00
      13.383     0.992969        99183       142.22
      13.839     0.993750        99262       160.00
      14.327     0.994531        99339       182.86
      14.871     0.995313        99417       213.33
      15.447     0.996094        99494       256.00
      15.927     0.996484        99533       284.44
      16.415     0.996875        99572       320.00
      16.847     0.997266        99613       365.71
      17.343     0.997656        99650       426.67
      17.823     0.998047        99689       512.00
      18.255     0.998242        99709       568.89
      18.495     0.998437        99728       640.00
      18.975     0.998633        99750       731.43
      19.327     0.998828        99767       853.33
      19.791     0.999023        99787      1024.00
      20.095     0.999121        99797      1137.78
      20.303     0.999219        99806      1280.00
      20.639     0.999316        99816      1462.86
      20.767     0.999414        99826      1706.67
      21.167     0.999512        99836      2048.00
      21.279     0.999561        99841      2275.56
      21.439     0.999609        99845      2560.00
      21.535     0.999658        99850      2925.71
      21.807     0.999707        99855      3413.33
      22.175     0.999756        99860      4096.00
      22.351     0.999780        99863      4551.11
      22.799     0.999805        99865      5120.00
      22.991     0.999829        99867      5851.43
      23.279     0.999854        99870      6826.67
      23.599     0.999878        99872      8192.00
      23.743     0.999890        99874      9102.22
      23.887     0.999902        99877     10240.00
      23.887     0.999915        99877     11702.86
      23.887     0.999927        99877     13653.33
      23.951     0.999939        99878     16384.00
      23.983     0.999945        99879     18204.44
      24.079     0.999951        99880     20480.00
      24.079     0.999957        99880     23405.71
      24.255     0.999963        99881     27306.67
      24.255     0.999969        99881     32768.00
      24.399     0.999973        99882     36408.89
      24.399     0.999976        99882     40960.00
      24.399     0.999979        99882     46811.43
      24.575     0.999982        99883     54613.33
      24.575     0.999985        99883     65536.00
      24.575     0.999986        99883     72817.78
      24.575     0.999988        99883     81920.00
      24.575     0.999989        99883     93622.86
      25.071     0.999991        99884    109226.67
      25.071     1.000000        99884          inf
#[Mean    =        1.873, StdDeviation   =        1.984]
#[Max     =       25.056, Total count    =        99884]
#[Buckets =           27, SubBuckets     =         2048]
----------------------------------------------------------
  99890 requests in 10.00s, 16.67MB read
Requests/sec:   9988.97
Transfer/sec:      1.67MB
