Running 10s test @ http://localhost
  2 threads and 10 connections
  Thread Stats   Avg      Stdev     Max   +/- Stdev
    Latency     2.03ms    2.41ms  30.53ms   93.04%
    Req/Sec       -nan      -nan   0.00      0.00%
  Latency Distribution (HdrHistogram - Recorded Latency)
 50.000%    1.43ms
 75.000%    2.15ms
 90.000%    3.53ms
 99.000%   14.24ms
 99.900%   23.30ms
 99.990%   29.28ms
 99.999%   30.19ms
100.000%   30.54ms

  Detailed Percentile spectrum:
       Value   Percentile   TotalCount 1/(1-Percentile)

       0.105     0.000000            1         1.00
       0.611     0.100000        10036         1.11
       0.812     0.200000        19993         1.25
       1.017     0.300000        29997         1.43
       1.221     0.400000        39991         1.67
       1.426     0.500000        49988         2.00
       1.533     0.550000        54968         2.22
       1.652     0.600000        59934         2.50
       1.791     0.650000        64943         2.86
       1.955     0.700000        69920         3.33
       2.151     0.750000        74952         4.00
       2.265     0.775000        77442         4.44
       2.405     0.800000        79931         5.00
       2.573     0.825000        82437         5.71
       2.791     0.850000        84909         6.67
       3.091     0.875000        87408         8.00
       3.283     0.887500        88651         8.89
       3.525     0.900000        89909        10.00
       3.817     0.912500        91147        11.43
       4.215     0.925000        92393        13.33
       4.775     0.937500        93648        16.00
       5.171     0.943750        94266        17.78
       5.611     0.950000        94892        20.00
       6.195     0.956250        95519        22.86
       6.871     0.962500        96141        26.67
       7.739     0.968750        96765        32.00
       8.239     0.971875        97076        35.56
       8.807     0.975000        97389        40.00
       9.583     0.978125        97701        45.71
      10.407     0.981250        98013        53.33
      11.463     0.984375        98326        64.00
      12.031     0.985938        98480        71.11
      12.863     0.987500        98637        80.00
      13.791     0.989062        98794        91.43
      14.591     0.990625        98949       106.67
      15.559     0.992188        99104       128.00
      16.111     0.992969        99183       142.22
      16.735     0.993750        99260       160.00
      17.407     0.994531        99338       182.86
      18.143     0.995313        99416       213.33
      18.895     0.996094        99495       256.00
      19.231     0.996484        99534       284.44
      19.695     0.996875        99573       320.00
      20.287     0.997266        99611       365.71
      20.895     0.997656        99650       426.67
      21.423     0.998047        99690       512.00
      21.695     0.998242        99710       568.89
      21.999     0.998437        99729       640.00
      22.447     0.998633        99750       731.43
      22.783     0.998828        99767       853.33
      23.375     0.999023        99788      1024.00
      23.583     0.999121        99797      1137.78
      23.855     0.999219        99808      1280.00
      24.207     0.999316        99816      1462.86
      24.799     0.999414        99826      1706.67
      25.631     0.999512        99836      2048.00
      26.303     0.999561        99841      2275.56
      26.735     0.999609        99845      2560.00
      27.055     0.999658        99850      2925.71
      27.503     0.999707        99855      3413.33
      27.807     0.999756        99860      4096.00
      28.031     0.999780        99863      4551.11
      28.271     0.999805        99865      5120.00
      28.367     0.999829        99869      5851.43
      28.495     0.999854        99870      6826.67
      28.767     0.999878        99872      8192.00
      29.279     0.999890        99874      9102.22
      29.455     0.999902        99876     10240.00
      29.455     0.999915        99876     11702.86
      29.519     0.999927        99877     13653.33
      29.583     0.999939        99879     16384.00
      29.583     0.999945        99879     18204.44
      29.647     0.999951        99880     20480.00
      29.647     0.999957        99880     23405.71
      29.663     0.999963        99881     27306.67
      29.663     0.999969        99881     32768.00
      29.935     0.999973        99882     36408.89
      29.935     0.999976        99882     40960.00
      29.935     0.999979        99882     46811.43
      30.191     0.999982        99883     54613.33
      30.191     0.999985        99883     65536.00
      30.191     0.999986        99883     72817.78
      30.191     0.999988        99883     81920.00
      30.191     0.999989        99883     93622.86
      30.543     0.999991        99884    109226.67
      30.543     1.000000        99884          inf
#[Mean    =        2.031, StdDeviation   =        2.411]
#[Max     =       30.528, Total count    =        99884]
#[Buckets =           27, SubBuckets     =         2048]
----------------------------------------------------------
  99886 requests in 10.00s, 16.67MB read
Requests/sec:   9988.93
Transfer/sec:      1.67MB
