Running 10s test @ http://localhost
  2 threads and 10 connections
  Thread Stats   Avg      Stdev     Max   +/- Stdev
    Latency     2.62ms    3.66ms  44.74ms   91.95%
    Req/Sec       -nan      -nan   0.00      0.00%
  Latency Distribution (HdrHistogram - Recorded Latency)
 50.000%    1.59ms
 75.000%    2.48ms
 90.000%    5.13ms
 99.000%   19.25ms
 99.900%   38.01ms
 99.990%   42.91ms
 99.999%   44.61ms
100.000%   44.77ms

  Detailed Percentile spectrum:
       Value   Percentile   TotalCount 1/(1-Percentile)

       0.115     0.000000            1         1.00
       0.690     0.100000        10027         1.11
       0.934     0.200000        19997         1.25
       1.157     0.300000        29986         1.43
       1.367     0.400000        40004         1.67
       1.585     0.500000        49977         2.00
       1.709     0.550000        54954         2.22
       1.856     0.600000        59964         2.50
       2.027     0.650000        64940         2.86
       2.235     0.700000        69932         3.33
       2.485     0.750000        74916         4.00
       2.661     0.775000        77438         4.44
       2.881     0.800000        79928         5.00
       3.173     0.825000        82418         5.71
       3.573     0.850000        84917         6.67
       4.155     0.875000        87412         8.00
       4.567     0.887500        88654         8.89
       5.127     0.900000        89899        10.00
       5.819     0.912500        91148        11.43
       6.663     0.925000        92397        13.33
       7.651     0.937500        93647        16.00
       8.199     0.943750        94271        17.78
       8.815     0.950000        94895        20.00
       9.583     0.956250        95518        22.86
      10.455     0.962500        96146        26.67
      11.487     0.968750        96765        32.00
      12.215     0.971875        97079        35.56
      13.087     0.975000        97391        40.00
      14.039     0.978125        97703        45.71
      15.119     0.981250        98016        53.33
      16.351     0.984375        98329        64.00
      17.055     0.985938        98486        71.11
      17.839     0.987500        98641        80.00
      18.655     0.989062        98795        91.43
      19.647     0.990625        98952       106.67
      20.767     0.992188        99108       128.00
      21.471     0.992969        99184       142.22
      22.735     0.993750        99262       160.00
      24.015     0.994531        99340       182.86
      25.343     0.995313        99418       213.33
      28.303     0.996094        99496       256.00
      29.727     0.996484        99535       284.44
      31.279     0.996875        99574       320.00
      32.767     0.997266        99613       365.71
      34.367     0.997656        99652       426.67
      35.199     0.998047        99691       512.00
      35.615     0.998242        99715       568.89
      36.063     0.998437        99731       640.00
      36.831     0.998633        99750       731.43
      37.407     0.998828        99770       853.33
      38.079     0.999023        99789      1024.00
      38.495     0.999121        99799      1137.78
      38.879     0.999219        99808      1280.00
      39.199     0.999316        99818      1462.86
      39.647     0.999414        99829      1706.67
      40.063     0.999512        99840      2048.00
      40.159     0.999561        99844      2275.56
      40.255     0.999609        99847      2560.00
      40.415     0.999658        99853      2925.71
      40.639     0.999707        99857      3413.33
      41.119     0.999756        99862      4096.00
      41.311     0.999780        99866      4551.11
      41.535     0.999805        99867      5120.00
      41.791     0.999829        99869      5851.43
      42.367     0.999854        99872      6826.67
      42.527     0.999878        99874      8192.00
      42.911     0.999890        99877      9102.22
      42.911     0.999902        99877     10240.00
      43.263     0.999915        99879     11702.86
      43.263     0.999927        99879     13653.33
      43.583     0.999939        99880     16384.00
      43.647     0.999945        99881     18204.44
      43.999     0.999951        99882     20480.00
      43.999     0.999957        99882     23405.71
      44.127     0.999963        99883     27306.67
      44.127     0.999969        99883     32768.00
      44.287     0.999973        99884     36408.89
      44.287     0.999976        99884     40960.00
      44.287     0.999979        99884     46811.43
      44.607     0.999982        99885     54613.33
      44.607     0.999985        99885     65536.00
      44.607     0.999986        99885     72817.78
      44.607     0.999988        99885     81920.00
      44.607     0.999989        99885     93622.86
      44.767     0.999991        99886    109226.67
      44.767     1.000000        99886          inf
#[Mean    =        2.622, StdDeviation   =        3.657]
#[Max     =       44.736, Total count    =        99886]
#[Buckets =           27, SubBuckets     =         2048]
----------------------------------------------------------
  99888 requests in 10.00s, 16.67MB read
Requests/sec:   9988.78
Transfer/sec:      1.67MB
