Running 10s test @ http://localhost
  2 threads and 10 connections
  Thread Stats   Avg      Stdev     Max   +/- Stdev
    Latency     1.92ms    2.39ms  41.18ms   94.32%
    Req/Sec       -nan      -nan   0.00      0.00%
  Latency Distribution (HdrHistogram - Recorded Latency)
 50.000%    1.41ms
 75.000%    2.04ms
 90.000%    3.10ms
 99.000%   11.58ms
 99.900%   33.57ms
 99.990%   39.74ms
 99.999%   40.90ms
100.000%   41.22ms

  Detailed Percentile spectrum:
       Value   Percentile   TotalCount 1/(1-Percentile)

       0.082     0.000000            1         1.00
       0.634     0.100000         9991         1.11
       0.843     0.200000        19990         1.25
       1.035     0.300000        29988         1.43
       1.229     0.400000        39975         1.67
       1.412     0.500000        49995         2.00
       1.514     0.550000        54985         2.22
       1.626     0.600000        59964         2.50
       1.745     0.650000        64933         2.86
       1.880     0.700000        69931         3.33
       2.041     0.750000        74933         4.00
       2.143     0.775000        77467         4.44
       2.257     0.800000        79942         5.00
       2.385     0.825000        82425         5.71
       2.549     0.850000        84912         6.67
       2.777     0.875000        87409         8.00
       2.923     0.887500        88657         8.89
       3.103     0.900000        89908        10.00
       3.337     0.912500        91154        11.43
       3.655     0.925000        92396        13.33
       4.069     0.937500        93651        16.00
       4.331     0.943750        94281        17.78
       4.707     0.950000        94898        20.00
       5.187     0.956250        95525        22.86
       5.811     0.962500        96149        26.67
       6.583     0.968750        96769        32.00
       7.039     0.971875        97078        35.56
       7.491     0.975000        97390        40.00
       8.063     0.978125        97703        45.71
       8.759     0.981250        98019        53.33
       9.551     0.984375        98327        64.00
      10.079     0.985938        98484        71.11
      10.615     0.987500        98642        80.00
      11.223     0.989062        98795        91.43
      11.871     0.990625        98953       106.67
      12.735     0.992188        99107       128.00
      13.367     0.992969        99185       142.22
      14.007     0.993750        99263       160.00
      14.879     0.994531        99341       182.86
      16.047     0.995313        99419       213.33
      17.231     0.996094        99498       256.00
      18.127     0.996484        99537       284.44
      19.055     0.996875        99576       320.00
      21.199     0.997266        99614       365.71
      25.439     0.997656        99654       426.67
      29.327     0.998047        99692       512.00
      30.879     0.998242        99712       568.89
      31.791     0.998437        99732       640.00
      32.639     0.998633        99751       731.43
      33.247     0.998828        99771       853.33
      33.695     0.999023        99790      1024.00
      33.983     0.999121        99800      1137.78
      34.367     0.999219        99809      1280.00
      34.655     0.999316        99819      1462.86
      35.007     0.999414        99829      1706.67
      35.679     0.999512        99839      2048.00
      36.031     0.999561        99844      2275.56
      36.319     0.999609        99850      2560.00
      36.511     0.999658        99853      2925.71
      36.735     0.999707        99858      3413.33
      37.183     0.999756        99863      4096.00
      37.503     0.999780        99866      4551.11
      37.631     0.999805        99868      5120.00
      37.951     0.999829        99870      5851.43
      38.463     0.999854        99873      6826.67
      39.071     0.999878        99875      8192.00
      39.743     0.999890        99877      9102.22
      40.031     0.999902        99878     10240.00
      40.063     0.999915        99879     11702.86
      40.319     0.999927        99881     13653.33
      40.319     0.999939        99881     16384.00
      40.415     0.999945        99883     18204.44
      40.415     0.999951        99883     20480.00
      40.415     0.999957        99883     23405.71
      40.639     0.999963        99884     27306.67
      40.639     0.999969        99884     32768.00
      40.735     0.999973        99885     36408.89
      40.735     0.999976        99885     40960.00
      40.735     0.999979        99885     46811.43
      40.895     0.999982        99886     54613.33
      40.895     0.999985        99886     65536.00
      40.895     0.999986        99886     72817.78
      40.895     0.999988        99886     81920.00
      40.895     0.999989        99886     93622.86
      41.215     0.999991        99887    109226.67
      41.215     1.000000        99887          inf
#[Mean    =        1.916, StdDeviation   =        2.386]
#[Max     =       41.184, Total count    =        99887]
#[Buckets =           27, SubBuckets     =         2048]
----------------------------------------------------------
  99891 requests in 10.00s, 16.67MB read
Requests/sec:   9989.13
Transfer/sec:      1.67MB
