Running 10s test @ http://localhost
  2 threads and 10 connections
  Thread Stats   Avg      Stdev     Max   +/- Stdev
    Latency     2.02ms    2.25ms  35.97ms   92.64%
    Req/Sec       -nan      -nan   0.00      0.00%
  Latency Distribution (HdrHistogram - Recorded Latency)
 50.000%    1.45ms
 75.000%    2.18ms
 90.000%    3.57ms
 99.000%   12.58ms
 99.900%   23.41ms
 99.990%   32.03ms
 99.999%   35.36ms
100.000%   36.00ms

  Detailed Percentile spectrum:
       Value   Percentile   TotalCount 1/(1-Percentile)

       0.096     0.000000            1         1.00
       0.632     0.100000         9999         1.11
       0.853     0.200000        19993         1.25
       1.060     0.300000        29967         1.43
       1.254     0.400000        39976         1.67
       1.453     0.500000        49968         2.00
       1.562     0.550000        54996         2.22
       1.686     0.600000        59956         2.50
       1.820     0.650000        64952         2.86
       1.982     0.700000        69930         3.33
       2.177     0.750000        74935         4.00
       2.297     0.775000        77452         4.44
       2.437     0.800000        79938         5.00
       2.607     0.825000        82420         5.71
       2.835     0.850000        84906         6.67
       3.137     0.875000        87407         8.00
       3.335     0.887500        88655         8.89
       3.569     0.900000        89908        10.00
       3.867     0.912500        91148        11.43
       4.231     0.925000        92400        13.33
       4.747     0.937500        93650        16.00
       5.063     0.943750        94270        17.78
       5.467     0.950000        94897        20.00
       5.947     0.956250        95519        22.86
       6.547     0.962500        96142        26.67
       7.311     0.968750        96773        32.00
       7.751     0.971875        97079        35.56
       8.255     0.975000        97393        40.00
       8.887     0.978125        97704        45.71
       9.711     0.981250        98020        53.33
      10.535     0.984375        98330        64.00
      11.023     0.985938        98483        71.11
      11.567     0.987500        98641        80.00
      12.135     0.989062        98797        91.43
      12.871     0.990625        98952       106.67
      13.663     0.992188        99108       128.00
      14.087     0.992969        99185       142.22
      14.639     0.993750        99264       160.00
      15.319     0.994531        99341       182.86
      16.039     0.995313        99419       213.33
      16.959     0.996094        99497       256.00
      17.439     0.996484        99537       284.44
      17.855     0.996875        99575       320.00
      18.399     0.997266        99615       365.71
      18.783     0.997656        99653       426.67
      19.695     0.998047        99693       512.00
      20.351     0.998242        99712       568.89
      21.295     0.998437        99731       640.00
      22.063     0.998633        99752       731.43
      22.607     0.998828        99770       853.33
      23.695     0.999023        99790      1024.00
      24.351     0.999121        99800      1137.78
      24.703     0.999219        99810      1280.00
      25.327     0.999316        99819      1462.86
      26.319     0.999414        99829      1706.67
      26.943     0.999512        99839      2048.00
      27.711     0.999561        99844      2275.56
      28.303     0.999609        99848      2560.00
      29.007     0.999658        99853      2925.71
      29.727     0.999707        99858      3413.33
      30.303     0.999756        99863      4096.00
      30.687     0.999780        99866      4551.11
      30.719     0.999805        99868      5120.00
      31.055     0.999829        99870      5851.43
      31.487     0.999854        99873      6826.67
      31.663     0.999878        99875      8192.00
      32.031     0.999890        99877      9102.22
      32.047     0.999902        99878     10240.00
      32.079     0.999915        99879     11702.86
      32.575     0.999927        99880     13653.33
      33.023     0.999939        99881     16384.00
      33.631     0.999945        99882     18204.44
      34.303     0.999951        99883     20480.00
      34.303     0.999957        99883     23405.71
      34.783     0.999963        99884     27306.67
      34.783     0.999969        99884     32768.00
      35.231     0.999973        99885     36408.89
      35.231     0.999976        99885     40960.00
      35.231     0.999979        99885     46811.43
      35.359     0.999982        99886     54613.33
      35.359     0.999985        99886     65536.00
      35.359     0.999986        99886     72817.78
      35.359     0.999988        99886     81920.00
      35.359     0.999989        99886     93622.86
      35.999     0.999991        99887    109226.67
      35.999     1.000000        99887          inf
#[Mean    =        2.023, StdDeviation   =        2.251]
#[Max     =       35.968, Total count    =        99887]
#[Buckets =           27, SubBuckets     =         2048]
----------------------------------------------------------
  99889 requests in 10.00s, 16.67MB read
Requests/sec:   9989.06
Transfer/sec:      1.67MB
