Running 10s test @ http://localhost
  2 threads and 10 connections
  Thread Stats   Avg      Stdev     Max   +/- Stdev
    Latency     2.29ms    2.78ms  28.38ms   91.30%
    Req/Sec       -nan      -nan   0.00      0.00%
  Latency Distribution (HdrHistogram - Recorded Latency)
 50.000%    1.43ms
 75.000%    2.27ms
 90.000%    4.45ms
 99.000%   14.82ms
 99.900%   22.50ms
 99.990%   26.91ms
 99.999%   28.35ms
100.000%   28.40ms

  Detailed Percentile spectrum:
       Value   Percentile   TotalCount 1/(1-Percentile)

       0.118     0.000000            1         1.00
       0.629     0.100000        10008         1.11
       0.825     0.200000        20004         1.25
       1.015     0.300000        29986         1.43
       1.219     0.400000        39992         1.67
       1.435     0.500000        50000         2.00
       1.554     0.550000        54991         2.22
       1.685     0.600000        59943         2.50
       1.840     0.650000        64942         2.86
       2.028     0.700000        69953         3.33
       2.273     0.750000        74926         4.00
       2.435     0.775000        77442         4.44
       2.633     0.800000        79925         5.00
       2.895     0.825000        82425         5.71
       3.229     0.850000        84925         6.67
       3.695     0.875000        87415         8.00
       4.025     0.887500        88661         8.89
       4.447     0.900000        89910        10.00
       5.043     0.912500        91158        11.43
       5.907     0.925000        92413        13.33
       7.003     0.937500        93655        16.00
       7.647     0.943750        94280        17.78
       8.359     0.950000        94914        20.00
       9.047     0.956250        95533        22.86
       9.831     0.962500        96154        26.67
      10.671     0.968750        96779        32.00
      11.103     0.971875        97090        35.56
      11.559     0.975000        97402        40.00
      12.111     0.978125        97717        45.71
      12.655     0.981250        98026        53.33
      13.279     0.984375        98340        64.00
      13.655     0.985938        98494        71.11
      14.087     0.987500        98650        80.00
      14.567     0.989062        98806        91.43
      15.023     0.990625        98962       106.67
      15.639     0.992188        99120       128.00
      15.951     0.992969        99196       142.22
      16.351     0.993750        99275       160.00
      16.815     0.994531        99352       182.86
      17.487     0.995313        99430       213.33
      18.143     0.996094        99509       256.00
      18.543     0.996484        99548       284.44
      18.943     0.996875        99589       320.00
      19.375     0.997266        99626       365.71
      19.951     0.997656        99665       426.67
      20.735     0.998047        99703       512.00
      21.039     0.998242        99723       568.89
      21.407     0.998437        99743       640.00
      21.791     0.998633        99764       731.43
      22.175     0.998828        99782       853.33
      22.591     0.999023        99802      1024.00
      22.831     0.999121        99812      1137.78
      22.991     0.999219        99820      1280.00
      23.151     0.999316        99830      1462.86
      23.535     0.999414        99840      1706.67
      23.919     0.999512        99850      2048.00
      24.159     0.999561        99855      2275.56
      24.351     0.999609        99859      2560.00
      24.591     0.999658        99864      2925.71
      24.959     0.999707        99870      3413.33
      25.199     0.999756        99876      4096.00
      25.407     0.999780        99878      4551.11
      25.439     0.999805        99879      5120.00
      25.551     0.999829        99881      5851.43
      25.935     0.999854        99884      6826.67
      26.431     0.999878        99886      8192.00
      26.911     0.999890        99888      9102.22
      26.943     0.999902        99889     10240.00
      27.119     0.999915        99890     11702.86
      27.231     0.999927        99891     13653.33
      27.247     0.999939        99892     16384.00
      27.311     0.999945        99893     18204.44
      27.583     0.999951        99894     20480.00
      27.583     0.999957        99894     23405.71
      27.775     0.999963        99895     27306.67
      27.775     0.999969        99895     32768.00
      28.127     0.999973        99896     36408.89
      28.127     0.999976        99896     40960.00
      28.127     0.999979        99896     46811.43
      28.351     0.999982        99897     54613.33
      28.351     0.999985        99897     65536.00
      28.351     0.999986        99897     72817.78
      28.351     0.999988        99897     81920.00
      28.351     0.999989        99897     93622.86
      28.399     0.999991        99898    109226.67
      28.399     1.000000        99898          inf
#[Mean    =        2.285, StdDeviation   =        2.783]
#[Max     =       28.384, Total count    =        99898]
#[Buckets =           27, SubBuckets     =         2048]
----------------------------------------------------------
  99903 requests in 10.00s, 16.67MB read
Requests/sec:   9989.13
Transfer/sec:      1.67MB
