Running 10s test @ http://localhost
  2 threads and 10 connections
  Thread Stats   Avg      Stdev     Max   +/- Stdev
    Latency     2.54ms    4.00ms  55.46ms   93.78%
    Req/Sec       -nan      -nan   0.00      0.00%
  Latency Distribution (HdrHistogram - Recorded Latency)
 50.000%    1.52ms
 75.000%    2.35ms
 90.000%    4.26ms
 99.000%   22.35ms
 99.900%   47.29ms
 99.990%   54.21ms
 99.999%   55.46ms
100.000%   55.49ms

  Detailed Percentile spectrum:
       Value   Percentile   TotalCount 1/(1-Percentile)

       0.082     0.000000            1         1.00
       0.661     0.100000        10028         1.11
       0.894     0.200000        20020         1.25
       1.113     0.300000        29987         1.43
       1.313     0.400000        39961         1.67
       1.518     0.500000        49965         2.00
       1.637     0.550000        54954         2.22
       1.772     0.600000        59950         2.50
       1.930     0.650000        64924         2.86
       2.117     0.700000        69969         3.33
       2.351     0.750000        74944         4.00
       2.493     0.775000        77441         4.44
       2.669     0.800000        79911         5.00
       2.897     0.825000        82415         5.71
       3.201     0.850000        84906         6.67
       3.605     0.875000        87400         8.00
       3.885     0.887500        88647         8.89
       4.263     0.900000        89901        10.00
       4.743     0.912500        91154        11.43
       5.483     0.925000        92395        13.33
       6.499     0.937500        93639        16.00
       7.219     0.943750        94264        17.78
       8.007     0.950000        94888        20.00
       8.959     0.956250        95512        22.86
      10.327     0.962500        96138        26.67
      12.167     0.968750        96760        32.00
      13.255     0.971875        97072        35.56
      14.335     0.975000        97384        40.00
      15.591     0.978125        97697        45.71
      16.719     0.981250        98014        53.33
      18.463     0.984375        98324        64.00
      19.295     0.985938        98477        71.11
      20.319     0.987500        98636        80.00
      21.599     0.989062        98789        91.43
      22.927     0.990625        98945       106.67
      24.351     0.992188        99103       128.00
      25.135     0.992969        99180       142.22
      25.743     0.993750        99257       160.00
      26.511     0.994531        99336       182.86
      27.359     0.995313        99413       213.33
      28.719     0.996094        99491       256.00
      29.487     0.996484        99532       284.44
      30.623     0.996875        99569       320.00
      32.335     0.997266        99608       365.71
      34.239     0.997656        99647       426.67
      37.951     0.998047        99687       512.00
      39.615     0.998242        99706       568.89
      42.335     0.998437        99725       640.00
      44.127     0.998633        99745       731.43
      46.047     0.998828        99764       853.33
      47.327     0.999023        99784      1024.00
      47.647     0.999121        99796      1137.78
      47.999     0.999219        99803      1280.00
      48.575     0.999316        99814      1462.86
      49.215     0.999414        99823      1706.67
      50.047     0.999512        99833      2048.00
      50.591     0.999561        99838      2275.56
      50.975     0.999609        99842      2560.00
      51.583     0.999658        99847      2925.71
      52.703     0.999707        99852      3413.33
      53.119     0.999756        99857      4096.00
      53.567     0.999780        99860      4551.11
      53.695     0.999805        99862      5120.00
      53.887     0.999829        99864      5851.43
      53.919     0.999854        99867      6826.67
      54.175     0.999878        99870      8192.00
      54.207     0.999890        99872      9102.22
      54.207     0.999902        99872     10240.00
      54.335     0.999915        99873     11702.86
      54.399     0.999927        99874     13653.33
      54.431     0.999939        99876     16384.00
      54.431     0.999945        99876     18204.44
      54.527     0.999951        99877     20480.00
      54.527     0.999957        99877     23405.71
      55.039     0.999963        99878     27306.67
      55.039     0.999969        99878     32768.00
      55.167     0.999973        99879     36408.89
      55.167     0.999976        99879     40960.00
      55.167     0.999979        99879     46811.43
      55.455     0.999982        99880     54613.33
      55.455     0.999985        99880     65536.00
      55.455     0.999986        99880     72817.78
      55.455     0.999988        99880     81920.00
      55.455     0.999989        99880     93622.86
      55.487     0.999991        99881    109226.67
      55.487     1.000000        99881          inf
#[Mean    =        2.537, StdDeviation   =        3.997]
#[Max     =       55.456, Total count    =        99881]
#[Buckets =           27, SubBuckets     =         2048]
----------------------------------------------------------
  99886 requests in 10.00s, 16.67MB read
Requests/sec:   9989.27
Transfer/sec:      1.67MB
