Running 10s test @ http://localhost
  2 threads and 10 connections
  Thread Stats   Avg      Stdev     Max   +/- Stdev
    Latency     2.25ms    3.63ms  49.95ms   94.18%
    Req/Sec       -nan      -nan   0.00      0.00%
  Latency Distribution (HdrHistogram - Recorded Latency)
 50.000%    1.41ms
 75.000%    2.09ms
 90.000%    3.64ms
 99.000%   19.18ms
 99.900%   42.46ms
 99.990%   49.15ms
 99.999%   49.69ms
100.000%   49.98ms

  Detailed Percentile spectrum:
       Value   Percentile   TotalCount 1/(1-Percentile)

       0.125     0.000000            1         1.00
       0.632     0.100000        10008         1.11
       0.831     0.200000        19947         1.25
       1.022     0.300000        29950         1.43
       1.214     0.400000        39942         1.67
       1.407     0.500000        49898         2.00
       1.508     0.550000        54851         2.22
       1.620     0.600000        59861         2.50
       1.751     0.650000        64842         2.86
       1.900     0.700000        69821         3.33
       2.091     0.750000        74815         4.00
       2.201     0.775000        77303         4.44
       2.339     0.800000        79784         5.00
       2.507     0.825000        82275         5.71
       2.733     0.850000        84764         6.67
       3.069     0.875000        87260         8.00
       3.319     0.887500        88505         8.89
       3.641     0.900000        89750        10.00
       4.073     0.912500        90996        11.43
       4.695     0.925000        92246        13.33
       5.523     0.937500        93491        16.00
       6.047     0.943750        94112        17.78
       6.679     0.950000        94734        20.00
       7.511     0.956250        95359        22.86
       8.551     0.962500        95985        26.67
       9.799     0.968750        96606        32.00
      10.503     0.971875        96918        35.56
      11.359     0.975000        97230        40.00
      12.303     0.978125        97540        45.71
      13.479     0.981250        97851        53.33
      14.807     0.984375        98162        64.00
      15.759     0.985938        98318        71.11
      16.927     0.987500        98475        80.00
      18.383     0.989062        98631        91.43
      19.807     0.990625        98787       106.67
      22.047     0.992188        98942       128.00
      23.711     0.992969        99019       142.22
      25.407     0.993750        99097       160.00
      27.695     0.994531        99175       182.86
      29.647     0.995313        99253       213.33
      31.055     0.996094        99331       256.00
      32.287     0.996484        99371       284.44
      33.599     0.996875        99410       320.00
      34.879     0.997266        99448       365.71
      36.671     0.997656        99488       426.67
      38.623     0.998047        99526       512.00
      39.167     0.998242        99545       568.89
      39.903     0.998437        99565       640.00
      40.447     0.998633        99584       731.43
      41.535     0.998828        99604       853.33
      42.879     0.999023        99623      1024.00
      43.359     0.999121        99633      1137.78
      43.839     0.999219        99645      1280.00
      44.511     0.999316        99652      1462.86
      45.407     0.999414        99664      1706.67
      45.695     0.999512        99674      2048.00
      45.919     0.999561        99677      2275.56
      46.079     0.999609        99684      2560.00
      46.207     0.999658        99686      2925.71
      46.655     0.999707        99692      3413.33
      47.487     0.999756        99696      4096.00
      47.647     0.999780        99699      4551.11
      47.775     0.999805        99701      5120.00
      47.871     0.999829        99703      5851.43
      48.383     0.999854        99706      6826.67
      49.087     0.999878        99708      8192.00
      49.151     0.999890        99710      9102.22
      49.215     0.999902        99711     10240.00
      49.247     0.999915        99712     11702.86
      49.279     0.999927        99713     13653.33
      49.471     0.999939        99714     16384.00
      49.503     0.999945        99716     18204.44
      49.503     0.999951        99716     20480.00
      49.503     0.999957        99716     23405.71
      49.599     0.999963        99717     27306.67
      49.599     0.999969        99717     32768.00
      49.695     0.999973        99719     36408.89
      49.695     0.999976        99719     40960.00
      49.695     0.999979        99719     46811.43
      49.695     0.999982        99719     54613.33
      49.695     0.999985        99719     65536.00
      49.695     0.999986        99719     72817.78
      49.695     0.999988        99719     81920.00
      49.695     0.999989        99719     93622.86
      49.983     0.999991        99720    109226.67
      49.983     1.000000        99720          inf
#[Mean    =        2.251, StdDeviation   =        3.630]
#[Max     =       49.952, Total count    =        99720]
#[Buckets =           27, SubBuckets     =         2048]
----------------------------------------------------------
  99722 requests in 10.00s, 16.64MB read
Requests/sec:   9972.48
Transfer/sec:      1.66MB
