Running 10s test @ http://localhost
  2 threads and 10 connections
  Thread Stats   Avg      Stdev     Max   +/- Stdev
    Latency     3.06ms    5.20ms  74.11ms   92.76%
    Req/Sec       -nan      -nan   0.00      0.00%
  Latency Distribution (HdrHistogram - Recorded Latency)
 50.000%    1.59ms
 75.000%    2.60ms
 90.000%    5.95ms
 99.000%   28.42ms
 99.900%   53.57ms
 99.990%   72.70ms
 99.999%   73.98ms
100.000%   74.18ms

  Detailed Percentile spectrum:
       Value   Percentile   TotalCount 1/(1-Percentile)

       0.111     0.000000            1         1.00
       0.699     0.100000        10022         1.11
       0.940     0.200000        20001         1.25
       1.161     0.300000        29986         1.43
       1.368     0.400000        39990         1.67
       1.593     0.500000        49950         2.00
       1.724     0.550000        54938         2.22
       1.872     0.600000        59964         2.50
       2.053     0.650000        64943         2.86
       2.277     0.700000        69921         3.33
       2.601     0.750000        74918         4.00
       2.835     0.775000        77424         4.44
       3.131     0.800000        79917         5.00
       3.527     0.825000        82418         5.71
       4.043     0.850000        84914         6.67
       4.791     0.875000        87411         8.00
       5.303     0.887500        88652         8.89
       5.951     0.900000        89900        10.00
       6.875     0.912500        91146        11.43
       7.995     0.925000        92396        13.33
       9.447     0.937500        93643        16.00
      10.327     0.943750        94271        17.78
      11.279     0.950000        94891        20.00
      12.359     0.956250        95517        22.86
      13.703     0.962500        96141        26.67
      15.191     0.968750        96765        32.00
      16.183     0.971875        97076        35.56
      17.359     0.975000        97392        40.00
      18.623     0.978125        97701        45.71
      20.367     0.981250        98013        53.33
      23.007     0.984375        98326        64.00
      24.303     0.985938        98486        71.11
      25.599     0.987500        98637        80.00
      27.183     0.989062        98794        91.43
      29.423     0.990625        98950       106.67
      31.791     0.992188        99105       128.00
      32.927     0.992969        99185       142.22
      34.431     0.993750        99262       160.00
      35.903     0.994531        99340       182.86
      37.599     0.995313        99418       213.33
      38.975     0.996094        99496       256.00
      40.127     0.996484        99535       284.44
      40.767     0.996875        99573       320.00
      42.527     0.997266        99613       365.71
      44.159     0.997656        99652       426.67
      45.535     0.998047        99690       512.00
      46.207     0.998242        99711       568.89
      47.103     0.998437        99729       640.00
      48.415     0.998633        99749       731.43
      49.791     0.998828        99768       853.33
      54.399     0.999023        99788      1024.00
      58.975     0.999121        99798      1137.78
      62.943     0.999219        99807      1280.00
      64.479     0.999316        99817      1462.86
      65.471     0.999414        99827      1706.67
      66.367     0.999512        99838      2048.00
      66.687     0.999561        99842      2275.56
      67.391     0.999609        99846      2560.00
      68.159     0.999658        99851      2925.71
      68.543     0.999707        99857      3413.33
      68.927     0.999756        99863      4096.00
      69.055     0.999780        99864      4551.11
      69.503     0.999805        99866      5120.00
      70.527     0.999829        99868      5851.43
      71.359     0.999854        99871      6826.67
      72.191     0.999878        99873      8192.00
      72.703     0.999890        99875      9102.22
      73.023     0.999902        99876     10240.00
      73.343     0.999915        99877     11702.86
      73.407     0.999927        99878     13653.33
      73.471     0.999939        99879     16384.00
      73.535     0.999945        99880     18204.44
      73.599     0.999951        99881     20480.00
      73.599     0.999957        99881     23405.71
      73.855     0.999963        99882     27306.67
      73.855     0.999969        99882     32768.00
      73.919     0.999973        99883     36408.89
      73.919     0.999976        99883     40960.00
      73.919     0.999979        99883     46811.43
      73.983     0.999982        99884     54613.33
      73.983     0.999985        99884     65536.00
      73.983     0.999986        99884     72817.78
      73.983     0.999988        99884     81920.00
      73.983     0.999989        99884     93622.86
      74.175     0.999991        99885    109226.67
      74.175     1.000000        99885          inf
#[Mean    =        3.060, StdDeviation   =        5.199]
#[Max     =       74.112, Total count    =        99885]
#[Buckets =           27, SubBuckets     =         2048]
----------------------------------------------------------
  99887 requests in 10.00s, 16.67MB read
Requests/sec:   9988.86
Transfer/sec:      1.67MB
