Running 10s test @ http://localhost
  2 threads and 10 connections
  Thread Stats   Avg      Stdev     Max   +/- Stdev
    Latency     2.01ms    2.20ms  30.67ms   92.79%
    Req/Sec       -nan      -nan   0.00      0.00%
  Latency Distribution (HdrHistogram - Recorded Latency)
 50.000%    1.45ms
 75.000%    2.16ms
 90.000%    3.52ms
 99.000%   12.61ms
 99.900%   21.85ms
 99.990%   28.01ms
 99.999%   30.05ms
100.000%   30.69ms

  Detailed Percentile spectrum:
       Value   Percentile   TotalCount 1/(1-Percentile)

       0.102     0.000000            1         1.00
       0.643     0.100000        10012         1.11
       0.845     0.200000        19978         1.25
       1.040     0.300000        30006         1.43
       1.243     0.400000        39958         1.67
       1.448     0.500000        49969         2.00
       1.555     0.550000        54946         2.22
       1.681     0.600000        59975         2.50
       1.816     0.650000        64949         2.86
       1.974     0.700000        69948         3.33
       2.163     0.750000        74922         4.00
       2.283     0.775000        77440         4.44
       2.423     0.800000        79925         5.00
       2.595     0.825000        82423         5.71
       2.819     0.850000        84925         6.67
       3.115     0.875000        87404         8.00
       3.303     0.887500        88659         8.89
       3.515     0.900000        89907        10.00
       3.773     0.912500        91150        11.43
       4.103     0.925000        92396        13.33
       4.575     0.937500        93648        16.00
       4.899     0.943750        94273        17.78
       5.299     0.950000        94897        20.00
       5.831     0.956250        95517        22.86
       6.591     0.962500        96143        26.67
       7.531     0.968750        96767        32.00
       8.059     0.971875        97078        35.56
       8.583     0.975000        97391        40.00
       9.167     0.978125        97702        45.71
       9.855     0.981250        98016        53.33
      10.607     0.984375        98329        64.00
      11.079     0.985938        98484        71.11
      11.591     0.987500        98642        80.00
      12.191     0.989062        98797        91.43
      12.983     0.990625        98951       106.67
      13.767     0.992188        99110       128.00
      14.063     0.992969        99186       142.22
      14.495     0.993750        99264       160.00
      14.975     0.994531        99344       182.86
      15.559     0.995313        99421       213.33
      16.247     0.996094        99497       256.00
      16.543     0.996484        99542       284.44
      16.927     0.996875        99575       320.00
      17.455     0.997266        99614       365.71
      18.287     0.997656        99654       426.67
      19.103     0.998047        99692       512.00
      19.423     0.998242        99712       568.89
      19.791     0.998437        99731       640.00
      20.175     0.998633        99751       731.43
      20.671     0.998828        99771       853.33
      21.903     0.999023        99790      1024.00
      22.463     0.999121        99800      1137.78
      22.719     0.999219        99809      1280.00
      23.343     0.999316        99819      1462.86
      23.743     0.999414        99829      1706.67
      24.255     0.999512        99839      2048.00
      24.415     0.999561        99844      2275.56
      24.655     0.999609        99848      2560.00
      25.135     0.999658        99853      2925.71
      25.727     0.999707        99858      3413.33
      26.031     0.999756        99863      4096.00
      26.463     0.999780        99866      4551.11
      26.527     0.999805        99868      5120.00
      26.575     0.999829        99870      5851.43
      27.519     0.999854        99873      6826.67
      27.871     0.999878        99875      8192.00
      28.015     0.999890        99877      9102.22
      28.255     0.999902        99878     10240.00
      28.479     0.999915        99879     11702.86
      28.879     0.999927        99880     13653.33
      29.199     0.999939        99881     16384.00
      29.215     0.999945        99882     18204.44
      29.471     0.999951        99883     20480.00
      29.471     0.999957        99883     23405.71
      29.711     0.999963        99884     27306.67
      29.711     0.999969        99884     32768.00
      29.807     0.999973        99885     36408.89
      29.807     0.999976        99885     40960.00
      29.807     0.999979        99885     46811.43
      30.047     0.999982        99886     54613.33
      30.047     0.999985        99886     65536.00
      30.047     0.999986        99886     72817.78
      30.047     0.999988        99886     81920.00
      30.047     0.999989        99886     93622.86
      30.687     0.999991        99887    109226.67
      30.687     1.000000        99887          inf
#[Mean    =        2.006, StdDeviation   =        2.196]
#[Max     =       30.672, Total count    =        99887]
#[Buckets =           27, SubBuckets     =         2048]
----------------------------------------------------------
  99891 requests in 10.00s, 16.67MB read
Requests/sec:   9989.12
Transfer/sec:      1.67MB
