Running 10s test @ http://localhost
  2 threads and 10 connections
  Thread Stats   Avg      Stdev     Max   +/- Stdev
    Latency     2.05ms    2.57ms  42.18ms   94.12%
    Req/Sec       -nan      -nan   0.00      0.00%
  Latency Distribution (HdrHistogram - Recorded Latency)
 50.000%    1.46ms
 75.000%    2.15ms
 90.000%    3.34ms
 99.000%   13.30ms
 99.900%   29.77ms
 99.990%   36.83ms
 99.999%   41.82ms
100.000%   42.21ms

  Detailed Percentile spectrum:
       Value   Percentile   TotalCount 1/(1-Percentile)

       0.103     0.000000            1         1.00
       0.649     0.100000        10017         1.11
       0.891     0.200000        19980         1.25
       1.089     0.300000        29965         1.43
       1.268     0.400000        39986         1.67
       1.460     0.500000        49946         2.00
       1.567     0.550000        54965         2.22
       1.687     0.600000        59946         2.50
       1.820     0.650000        64959         2.86
       1.972     0.700000        69940         3.33
       2.147     0.750000        74966         4.00
       2.247     0.775000        77415         4.44
       2.379     0.800000        79924         5.00
       2.531     0.825000        82416         5.71
       2.721     0.850000        84908         6.67
       2.981     0.875000        87409         8.00
       3.139     0.887500        88660         8.89
       3.335     0.900000        89898        10.00
       3.587     0.912500        91146        11.43
       3.913     0.925000        92403        13.33
       4.411     0.937500        93650        16.00
       4.779     0.943750        94270        17.78
       5.219     0.950000        94893        20.00
       5.783     0.956250        95515        22.86
       6.515     0.962500        96142        26.67
       7.355     0.968750        96765        32.00
       7.839     0.971875        97076        35.56
       8.431     0.975000        97389        40.00
       9.167     0.978125        97701        45.71
      10.087     0.981250        98012        53.33
      11.127     0.984375        98323        64.00
      11.687     0.985938        98479        71.11
      12.279     0.987500        98636        80.00
      12.847     0.989062        98791        91.43
      13.591     0.990625        98949       106.67
      14.735     0.992188        99103       128.00
      15.871     0.992969        99181       142.22
      16.911     0.993750        99259       160.00
      18.399     0.994531        99338       182.86
      20.767     0.995313        99416       213.33
      22.399     0.996094        99495       256.00
      23.135     0.996484        99532       284.44
      24.239     0.996875        99571       320.00
      25.039     0.997266        99610       365.71
      26.111     0.997656        99649       426.67
      26.959     0.998047        99688       512.00
      27.791     0.998242        99708       568.89
      28.271     0.998437        99727       640.00
      28.863     0.998633        99747       731.43
      29.231     0.998828        99767       853.33
      29.839     0.999023        99786      1024.00
      30.399     0.999121        99796      1137.78
      30.751     0.999219        99805      1280.00
      31.519     0.999316        99815      1462.86
      31.951     0.999414        99825      1706.67
      32.623     0.999512        99835      2048.00
      32.895     0.999561        99840      2275.56
      33.119     0.999609        99844      2560.00
      33.695     0.999658        99849      2925.71
      34.495     0.999707        99854      3413.33
      35.071     0.999756        99859      4096.00
      35.263     0.999780        99862      4551.11
      35.583     0.999805        99864      5120.00
      35.679     0.999829        99866      5851.43
      35.999     0.999854        99869      6826.67
      36.127     0.999878        99871      8192.00
      36.831     0.999890        99873      9102.22
      37.375     0.999902        99874     10240.00
      38.015     0.999915        99875     11702.86
      38.783     0.999927        99876     13653.33
      39.295     0.999939        99877     16384.00
      39.327     0.999945        99878     18204.44
      39.903     0.999951        99879     20480.00
      39.903     0.999957        99879     23405.71
      40.671     0.999963        99880     27306.67
      40.671     0.999969        99880     32768.00
      41.151     0.999973        99881     36408.89
      41.151     0.999976        99881     40960.00
      41.151     0.999979        99881     46811.43
      41.823     0.999982        99882     54613.33
      41.823     0.999985        99882     65536.00
      41.823     0.999986        99882     72817.78
      41.823     0.999988        99882     81920.00
      41.823     0.999989        99882     93622.86
      42.207     0.999991        99883    109226.67
      42.207     1.000000        99883          inf
#[Mean    =        2.046, StdDeviation   =        2.567]
#[Max     =       42.176, Total count    =        99883]
#[Buckets =           27, SubBuckets     =         2048]
----------------------------------------------------------
  99886 requests in 10.00s, 16.67MB read
Requests/sec:   9988.41
Transfer/sec:      1.67MB
