Running 10s test @ http://localhost
  2 threads and 10 connections
  Thread Stats   Avg      Stdev     Max   +/- Stdev
    Latency     2.13ms    2.41ms  29.38ms   92.43%
    Req/Sec       -nan      -nan   0.00      0.00%
  Latency Distribution (HdrHistogram - Recorded Latency)
 50.000%    1.48ms
 75.000%    2.26ms
 90.000%    3.81ms
 99.000%   14.20ms
 99.900%   21.39ms
 99.990%   27.09ms
 99.999%   28.67ms
100.000%   29.39ms

  Detailed Percentile spectrum:
       Value   Percentile   TotalCount 1/(1-Percentile)

       0.108     0.000000            1         1.00
       0.650     0.100000        10015         1.11
       0.881     0.200000        19980         1.25
       1.087     0.300000        29975         1.43
       1.277     0.400000        39959         1.67
       1.482     0.500000        49985         2.00
       1.594     0.550000        54945         2.22
       1.722     0.600000        59944         2.50
       1.870     0.650000        64953         2.86
       2.047     0.700000        69950         3.33
       2.261     0.750000        74928         4.00
       2.385     0.775000        77433         4.44
       2.543     0.800000        79927         5.00
       2.743     0.825000        82415         5.71
       3.003     0.850000        84909         6.67
       3.347     0.875000        87409         8.00
       3.559     0.887500        88655         8.89
       3.809     0.900000        89906        10.00
       4.135     0.912500        91151        11.43
       4.579     0.925000        92409        13.33
       5.215     0.937500        93654        16.00
       5.611     0.943750        94275        17.78
       6.103     0.950000        94897        20.00
       6.695     0.956250        95521        22.86
       7.443     0.962500        96144        26.67
       8.351     0.968750        96768        32.00
       8.887     0.971875        97082        35.56
       9.519     0.975000        97392        40.00
      10.279     0.978125        97706        45.71
      11.087     0.981250        98019        53.33
      12.023     0.984375        98330        64.00
      12.583     0.985938        98487        71.11
      13.199     0.987500        98643        80.00
      13.815     0.989062        98797        91.43
      14.431     0.990625        98953       106.67
      15.151     0.992188        99109       128.00
      15.647     0.992969        99187       142.22
      16.055     0.993750        99265       160.00
      16.575     0.994531        99345       182.86
      17.087     0.995313        99421       213.33
      17.679     0.996094        99499       256.00
      17.903     0.996484        99540       284.44
      18.271     0.996875        99578       320.00
      18.639     0.997266        99617       365.71
      19.055     0.997656        99656       426.67
      19.551     0.998047        99694       512.00
      19.871     0.998242        99715       568.89
      20.287     0.998437        99733       640.00
      20.655     0.998633        99754       731.43
      20.895     0.998828        99772       853.33
      21.551     0.999023        99792      1024.00
      21.791     0.999121        99802      1137.78
      22.127     0.999219        99811      1280.00
      22.335     0.999316        99821      1462.86
      22.623     0.999414        99831      1706.67
      23.007     0.999512        99841      2048.00
      23.311     0.999561        99846      2275.56
      23.487     0.999609        99850      2560.00
      23.999     0.999658        99855      2925.71
      24.495     0.999707        99860      3413.33
      25.215     0.999756        99865      4096.00
      25.775     0.999780        99868      4551.11
      25.951     0.999805        99870      5120.00
      26.207     0.999829        99872      5851.43
      26.511     0.999854        99875      6826.67
      26.767     0.999878        99877      8192.00
      27.087     0.999890        99879      9102.22
      27.279     0.999902        99880     10240.00
      27.375     0.999915        99881     11702.86
      27.519     0.999927        99882     13653.33
      27.727     0.999939        99883     16384.00
      27.823     0.999945        99884     18204.44
      27.951     0.999951        99885     20480.00
      27.951     0.999957        99885     23405.71
      27.967     0.999963        99886     27306.67
      27.967     0.999969        99886     32768.00
      28.191     0.999973        99887     36408.89
      28.191     0.999976        99887     40960.00
      28.191     0.999979        99887     46811.43
      28.671     0.999982        99888     54613.33
      28.671     0.999985        99888     65536.00
      28.671     0.999986        99888     72817.78
      28.671     0.999988        99888     81920.00
      28.671     0.999989        99888     93622.86
      29.391     0.999991        99889    109226.67
      29.391     1.000000        99889          inf
#[Mean    =        2.135, StdDeviation   =        2.409]
#[Max     =       29.376, Total count    =        99889]
#[Buckets =           27, SubBuckets     =         2048]
----------------------------------------------------------
  99891 requests in 10.00s, 16.67MB read
Requests/sec:   9989.07
Transfer/sec:      1.67MB
