Running 10s test @ http://localhost
  2 threads and 10 connections
  Thread calibration: mean lat.: 2.723ms, rate sampling interval: 10ms
  Thread Stats   Avg      Stdev     Max   +/- Stdev
    Latency     2.61ms    3.61ms  47.30ms   92.37%
    Req/Sec       -nan      -nan   0.00      0.00%
  Latency Distribution (HdrHistogram - Recorded Latency)
 50.000%    1.57ms
 75.000%    2.47ms
 90.000%    4.86ms
 99.000%   20.08ms
 99.900%   34.69ms
 99.990%   45.85ms
 99.999%   47.33ms
100.000%   47.33ms

  Detailed Percentile spectrum:
       Value   Percentile   TotalCount 1/(1-Percentile)

       0.098     0.000000            1         1.00
       0.698     0.100000         4999         1.11
       0.941     0.200000         9994         1.25
       1.149     0.300000        15007         1.43
       1.354     0.400000        19994         1.67
       1.569     0.500000        24981         2.00
       1.695     0.550000        27474         2.22
       1.837     0.600000        29977         2.50
       1.998     0.650000        32468         2.86
       2.203     0.700000        34963         3.33
       2.471     0.750000        37462         4.00
       2.643     0.775000        38716         4.44
       2.869     0.800000        39963         5.00
       3.139     0.825000        41211         5.71
       3.511     0.850000        42456         6.67
       4.039     0.875000        43706         8.00
       4.399     0.887500        44329         8.89
       4.859     0.900000        44951        10.00
       5.475     0.912500        45577        11.43
       6.315     0.925000        46202        13.33
       7.423     0.937500        46824        16.00
       8.147     0.943750        47137        17.78
       8.911     0.950000        47449        20.00
       9.911     0.956250        47763        22.86
      11.063     0.962500        48073        26.67
      12.423     0.968750        48387        32.00
      13.135     0.971875        48541        35.56
      13.871     0.975000        48698        40.00
      14.863     0.978125        48854        45.71
      16.015     0.981250        49009        53.33
      17.343     0.984375        49166        64.00
      18.111     0.985938        49243        71.11
      18.943     0.987500        49322        80.00
      19.551     0.989062        49402        91.43
      20.479     0.990625        49478       106.67
      21.503     0.992188        49555       128.00
      22.015     0.992969        49594       142.22
      22.511     0.993750        49635       160.00
      23.119     0.994531        49672       182.86
      24.335     0.995313        49711       213.33
      25.151     0.996094        49750       256.00
      25.775     0.996484        49770       284.44
      26.207     0.996875        49789       320.00
      26.639     0.997266        49809       365.71
      27.327     0.997656        49828       426.67
      28.255     0.998047        49848       512.00
      29.071     0.998242        49858       568.89
      30.223     0.998437        49867       640.00
      30.943     0.998633        49877       731.43
      32.767     0.998828        49887       853.33
      35.071     0.999023        49897      1024.00
      36.255     0.999121        49902      1137.78
      36.831     0.999219        49906      1280.00
      37.535     0.999316        49911      1462.86
      38.623     0.999414        49916      1706.67
      39.775     0.999512        49921      2048.00
      40.191     0.999561        49924      2275.56
      40.479     0.999609        49926      2560.00
      41.919     0.999658        49928      2925.71
      43.967     0.999707        49931      3413.33
      44.479     0.999756        49933      4096.00
      45.151     0.999780        49935      4551.11
      45.311     0.999805        49936      5120.00
      45.503     0.999829        49937      5851.43
      45.535     0.999854        49938      6826.67
      45.631     0.999878        49939      8192.00
      45.855     0.999890        49940      9102.22
      46.207     0.999902        49941     10240.00
      46.207     0.999915        49941     11702.86
      46.559     0.999927        49942     13653.33
      46.559     0.999939        49942     16384.00
      46.847     0.999945        49943     18204.44
      46.847     0.999951        49943     20480.00
      46.847     0.999957        49943     23405.71
      47.103     0.999963        49944     27306.67
      47.103     0.999969        49944     32768.00
      47.103     0.999973        49944     36408.89
      47.103     0.999976        49944     40960.00
      47.103     0.999979        49944     46811.43
      47.327     0.999982        49945     54613.33
      47.327     1.000000        49945          inf
#[Mean    =        2.605, StdDeviation   =        3.606]
#[Max     =       47.296, Total count    =        49945]
#[Buckets =           27, SubBuckets     =         2048]
----------------------------------------------------------
  99860 requests in 10.04s, 16.67MB read
Requests/sec:   9947.04
Transfer/sec:      1.66MB
