Running 10s test @ http://localhost
  2 threads and 10 connections
  Thread Stats   Avg      Stdev     Max   +/- Stdev
    Latency     2.93ms    4.77ms  47.01ms   91.96%
    Req/Sec       -nan      -nan   0.00      0.00%
  Latency Distribution (HdrHistogram - Recorded Latency)
 50.000%    1.52ms
 75.000%    2.36ms
 90.000%    5.55ms
 99.000%   26.25ms
 99.900%   38.08ms
 99.990%   44.26ms
 99.999%   46.59ms
100.000%   47.04ms

  Detailed Percentile spectrum:
       Value   Percentile   TotalCount 1/(1-Percentile)

       0.077     0.000000            1         1.00
       0.656     0.100000        10005         1.11
       0.881     0.200000        20015         1.25
       1.093     0.300000        29970         1.43
       1.304     0.400000        39964         1.67
       1.520     0.500000        49953         2.00
       1.639     0.550000        54960         2.22
       1.772     0.600000        59936         2.50
       1.925     0.650000        64943         2.86
       2.113     0.700000        69951         3.33
       2.363     0.750000        74944         4.00
       2.519     0.775000        77446         4.44
       2.727     0.800000        79928         5.00
       3.017     0.825000        82413         5.71
       3.441     0.850000        84907         6.67
       4.131     0.875000        87411         8.00
       4.691     0.887500        88659         8.89
       5.555     0.900000        89904        10.00
       6.787     0.912500        91151        11.43
       8.471     0.925000        92399        13.33
      10.671     0.937500        93648        16.00
      11.743     0.943750        94272        17.78
      12.895     0.950000        94899        20.00
      14.063     0.956250        95521        22.86
      15.455     0.962500        96146        26.67
      17.183     0.968750        96771        32.00
      18.223     0.971875        97084        35.56
      19.391     0.975000        97395        40.00
      20.591     0.978125        97706        45.71
      21.999     0.981250        98021        53.33
      23.407     0.984375        98330        64.00
      24.143     0.985938        98490        71.11
      24.895     0.987500        98642        80.00
      25.647     0.989062        98801        91.43
      26.799     0.990625        98955       106.67
      27.775     0.992188        99111       128.00
      28.383     0.992969        99191       142.22
      29.151     0.993750        99266       160.00
      29.903     0.994531        99345       182.86
      30.895     0.995313        99422       213.33
      31.951     0.996094        99500       256.00
      32.415     0.996484        99540       284.44
      33.023     0.996875        99579       320.00
      33.503     0.997266        99618       365.71
      34.367     0.997656        99656       426.67
      35.167     0.998047        99696       512.00
      35.711     0.998242        99717       568.89
      36.127     0.998437        99736       640.00
      36.671     0.998633        99754       731.43
      37.407     0.998828        99774       853.33
      38.271     0.999023        99793      1024.00
      38.943     0.999121        99804      1137.78
      39.327     0.999219        99812      1280.00
      40.223     0.999316        99823      1462.86
      40.863     0.999414        99832      1706.67
      41.375     0.999512        99842      2048.00
      41.567     0.999561        99848      2275.56
      41.727     0.999609        99852      2560.00
      41.855     0.999658        99857      2925.71
      41.951     0.999707        99861      3413.33
      42.207     0.999756        99866      4096.00
      42.527     0.999780        99870      4551.11
      42.559     0.999805        99871      5120.00
      43.071     0.999829        99873      5851.43
      43.519     0.999854        99876      6826.67
      43.871     0.999878        99878      8192.00
      44.255     0.999890        99880      9102.22
      44.415     0.999902        99881     10240.00
      44.671     0.999915        99882     11702.86
      44.895     0.999927        99883     13653.33
      45.375     0.999939        99884     16384.00
      45.759     0.999945        99885     18204.44
      46.239     0.999951        99887     20480.00
      46.239     0.999957        99887     23405.71
      46.239     0.999963        99887     27306.67
      46.239     0.999969        99887     32768.00
      46.271     0.999973        99888     36408.89
      46.271     0.999976        99888     40960.00
      46.271     0.999979        99888     46811.43
      46.591     0.999982        99889     54613.33
      46.591     0.999985        99889     65536.00
      46.591     0.999986        99889     72817.78
      46.591     0.999988        99889     81920.00
      46.591     0.999989        99889     93622.86
      47.039     0.999991        99890    109226.67
      47.039     1.000000        99890          inf
#[Mean    =        2.931, StdDeviation   =        4.767]
#[Max     =       47.008, Total count    =        99890]
#[Buckets =           27, SubBuckets     =         2048]
----------------------------------------------------------
  99892 requests in 10.00s, 16.67MB read
Requests/sec:   9989.37
Transfer/sec:      1.67MB
