Running 10s test @ http://localhost
  2 threads and 10 connections
  Thread Stats   Avg      Stdev     Max   +/- Stdev
    Latency     2.94ms    3.85ms  42.75ms   89.14%
    Req/Sec       -nan      -nan   0.00      0.00%
  Latency Distribution (HdrHistogram - Recorded Latency)
 50.000%    1.57ms
 75.000%    2.86ms
 90.000%    7.26ms
 99.000%   19.65ms
 99.900%   33.09ms
 99.990%   39.17ms
 99.999%   42.21ms
100.000%   42.78ms

  Detailed Percentile spectrum:
       Value   Percentile   TotalCount 1/(1-Percentile)

       0.104     0.000000            1         1.00
       0.657     0.100000        10006         1.11
       0.881     0.200000        19982         1.25
       1.101     0.300000        30012         1.43
       1.325     0.400000        39977         1.67
       1.573     0.500000        49950         2.00
       1.716     0.550000        54955         2.22
       1.892     0.600000        59950         2.50
       2.113     0.650000        64963         2.86
       2.411     0.700000        69953         3.33
       2.857     0.750000        74926         4.00
       3.195     0.775000        77426         4.44
       3.623     0.800000        79923         5.00
       4.195     0.825000        82428         5.71
       4.975     0.850000        84912         6.67
       6.023     0.875000        87416         8.00
       6.615     0.887500        88658         8.89
       7.263     0.900000        89908        10.00
       8.047     0.912500        91156        11.43
       8.887     0.925000        92403        13.33
       9.839     0.937500        93660        16.00
      10.367     0.943750        94284        17.78
      10.959     0.950000        94906        20.00
      11.567     0.956250        95527        22.86
      12.391     0.962500        96155        26.67
      13.263     0.968750        96777        32.00
      13.711     0.971875        97088        35.56
      14.223     0.975000        97398        40.00
      14.903     0.978125        97711        45.71
      15.607     0.981250        98024        53.33
      16.591     0.984375        98335        64.00
      17.247     0.985938        98491        71.11
      18.095     0.987500        98647        80.00
      18.959     0.989062        98803        91.43
      20.031     0.990625        98961       106.67
      21.007     0.992188        99117       128.00
      21.567     0.992969        99193       142.22
      22.143     0.993750        99273       160.00
      22.927     0.994531        99350       182.86
      23.759     0.995313        99427       213.33
      24.927     0.996094        99505       256.00
      25.839     0.996484        99544       284.44
      26.799     0.996875        99584       320.00
      27.807     0.997266        99622       365.71
      28.575     0.997656        99661       426.67
      29.535     0.998047        99700       512.00
      30.031     0.998242        99720       568.89
      30.399     0.998437        99739       640.00
      31.103     0.998633        99759       731.43
      32.159     0.998828        99779       853.33
      33.247     0.999023        99798      1024.00
      33.663     0.999121        99809      1137.78
      34.047     0.999219        99818      1280.00
      34.591     0.999316        99827      1462.86
      35.455     0.999414        99837      1706.67
      36.255     0.999512        99847      2048.00
      36.799     0.999561        99852      2275.56
      37.279     0.999609        99856      2560.00
      37.567     0.999658        99862      2925.71
      37.663     0.999707        99866      3413.33
      37.919     0.999756        99871      4096.00
      38.239     0.999780        99875      4551.11
      38.335     0.999805        99876      5120.00
      38.399     0.999829        99878      5851.43
      38.879     0.999854        99881      6826.67
      39.135     0.999878        99884      8192.00
      39.167     0.999890        99885      9102.22
      39.295     0.999902        99886     10240.00
      39.423     0.999915        99887     11702.86
      39.455     0.999927        99888     13653.33
      39.679     0.999939        99889     16384.00
      40.127     0.999945        99890     18204.44
      40.671     0.999951        99891     20480.00
      40.671     0.999957        99891     23405.71
      40.895     0.999963        99892     27306.67
      40.895     0.999969        99892     32768.00
      41.535     0.999973        99893     36408.89
      41.535     0.999976        99893     40960.00
      41.535     0.999979        99893     46811.43
      42.207     0.999982        99894     54613.33
      42.207     0.999985        99894     65536.00
      42.207     0.999986        99894     72817.78
      42.207     0.999988        99894     81920.00
      42.207     0.999989        99894     93622.86
      42.783     0.999991        99895    109226.67
      42.783     1.000000        99895          inf
#[Mean    =        2.938, StdDeviation   =        3.854]
#[Max     =       42.752, Total count    =        99895]
#[Buckets =           27, SubBuckets     =         2048]
----------------------------------------------------------
  99898 requests in 10.00s, 16.67MB read
Requests/sec:   9989.86
Transfer/sec:      1.67MB
