Running 10s test @ http://localhost
  2 threads and 10 connections
  Thread Stats   Avg      Stdev     Max   +/- Stdev
    Latency     2.84ms    4.66ms  70.21ms   93.13%
    Req/Sec       -nan      -nan   0.00      0.00%
  Latency Distribution (HdrHistogram - Recorded Latency)
 50.000%    1.59ms
 75.000%    2.51ms
 90.000%    5.18ms
 99.000%   25.22ms
 99.900%   47.58ms
 99.990%   65.21ms
 99.999%   69.63ms
100.000%   70.27ms

  Detailed Percentile spectrum:
       Value   Percentile   TotalCount 1/(1-Percentile)

       0.122     0.000000            1         1.00
       0.685     0.100000        10019         1.11
       0.920     0.200000        20020         1.25
       1.141     0.300000        29975         1.43
       1.361     0.400000        39956         1.67
       1.588     0.500000        49975         2.00
       1.715     0.550000        54953         2.22
       1.860     0.600000        59958         2.50
       2.027     0.650000        64954         2.86
       2.235     0.700000        69924         3.33
       2.509     0.750000        74949         4.00
       2.683     0.775000        77419         4.44
       2.911     0.800000        79914         5.00
       3.217     0.825000        82422         5.71
       3.633     0.850000        84908         6.67
       4.227     0.875000        87410         8.00
       4.647     0.887500        88653         8.89
       5.175     0.900000        89902        10.00
       5.867     0.912500        91148        11.43
       6.851     0.925000        92394        13.33
       8.231     0.937500        93643        16.00
       9.207     0.943750        94267        17.78
      10.239     0.950000        94893        20.00
      11.423     0.956250        95521        22.86
      12.655     0.962500        96140        26.67
      14.063     0.968750        96766        32.00
      14.807     0.971875        97076        35.56
      15.647     0.975000        97388        40.00
      16.719     0.978125        97705        45.71
      18.015     0.981250        98014        53.33
      19.935     0.984375        98325        64.00
      21.343     0.985938        98481        71.11
      22.639     0.987500        98637        80.00
      24.287     0.989062        98795        91.43
      26.223     0.990625        98949       106.67
      28.831     0.992188        99105       128.00
      30.175     0.992969        99183       142.22
      31.439     0.993750        99261       160.00
      32.895     0.994531        99340       182.86
      34.591     0.995313        99417       213.33
      37.023     0.996094        99496       256.00
      37.823     0.996484        99534       284.44
      38.655     0.996875        99573       320.00
      40.223     0.997266        99612       365.71
      41.631     0.997656        99652       426.67
      42.815     0.998047        99693       512.00
      43.519     0.998242        99712       568.89
      44.063     0.998437        99729       640.00
      45.183     0.998633        99749       731.43
      46.111     0.998828        99769       853.33
      47.871     0.999023        99788      1024.00
      49.183     0.999121        99798      1137.78
      50.335     0.999219        99807      1280.00
      52.223     0.999316        99817      1462.86
      53.919     0.999414        99827      1706.67
      56.479     0.999512        99837      2048.00
      57.983     0.999561        99842      2275.56
      58.559     0.999609        99846      2560.00
      60.159     0.999658        99851      2925.71
      60.639     0.999707        99856      3413.33
      61.855     0.999756        99861      4096.00
      62.847     0.999780        99864      4551.11
      63.423     0.999805        99866      5120.00
      64.095     0.999829        99868      5851.43
      64.575     0.999854        99871      6826.67
      65.055     0.999878        99873      8192.00
      65.215     0.999890        99875      9102.22
      65.503     0.999902        99876     10240.00
      65.663     0.999915        99877     11702.86
      66.111     0.999927        99878     13653.33
      66.815     0.999939        99879     16384.00
      67.327     0.999945        99880     18204.44
      68.031     0.999951        99881     20480.00
      68.031     0.999957        99881     23405.71
      68.415     0.999963        99882     27306.67
      68.415     0.999969        99882     32768.00
      69.055     0.999973        99883     36408.89
      69.055     0.999976        99883     40960.00
      69.055     0.999979        99883     46811.43
      69.631     0.999982        99884     54613.33
      69.631     0.999985        99884     65536.00
      69.631     0.999986        99884     72817.78
      69.631     0.999988        99884     81920.00
      69.631     0.999989        99884     93622.86
      70.271     0.999991        99885    109226.67
      70.271     1.000000        99885          inf
#[Mean    =        2.841, StdDeviation   =        4.665]
#[Max     =       70.208, Total count    =        99885]
#[Buckets =           27, SubBuckets     =         2048]
----------------------------------------------------------
  99888 requests in 10.00s, 16.67MB read
Requests/sec:   9989.71
Transfer/sec:      1.67MB
