Running 10s test @ http://localhost
  2 threads and 10 connections
  Thread Stats   Avg      Stdev     Max   +/- Stdev
    Latency     2.59ms    3.90ms  40.06ms   92.90%
    Req/Sec       -nan      -nan   0.00      0.00%
  Latency Distribution (HdrHistogram - Recorded Latency)
 50.000%    1.53ms
 75.000%    2.37ms
 90.000%    4.56ms
 99.000%   23.63ms
 99.900%   34.37ms
 99.990%   38.69ms
 99.999%   39.90ms
100.000%   40.10ms

  Detailed Percentile spectrum:
       Value   Percentile   TotalCount 1/(1-Percentile)

       0.104     0.000000            1         1.00
       0.667     0.100000        10028         1.11
       0.887     0.200000        19986         1.25
       1.106     0.300000        29976         1.43
       1.319     0.400000        40005         1.67
       1.533     0.500000        49970         2.00
       1.652     0.550000        54950         2.22
       1.788     0.600000        59967         2.50
       1.945     0.650000        64945         2.86
       2.133     0.700000        69930         3.33
       2.369     0.750000        74932         4.00
       2.517     0.775000        77421         4.44
       2.705     0.800000        79918         5.00
       2.955     0.825000        82415         5.71
       3.291     0.850000        84908         6.67
       3.769     0.875000        87408         8.00
       4.103     0.887500        88655         8.89
       4.559     0.900000        89906        10.00
       5.187     0.912500        91155        11.43
       6.119     0.925000        92399        13.33
       7.399     0.937500        93648        16.00
       8.163     0.943750        94274        17.78
       9.071     0.950000        94896        20.00
      10.015     0.956250        95520        22.86
      11.175     0.962500        96146        26.67
      12.543     0.968750        96773        32.00
      13.383     0.971875        97085        35.56
      14.359     0.975000        97394        40.00
      15.487     0.978125        97705        45.71
      16.847     0.981250        98019        53.33
      18.495     0.984375        98332        64.00
      19.711     0.985938        98486        71.11
      21.023     0.987500        98642        80.00
      22.623     0.989062        98800        91.43
      24.207     0.990625        98954       106.67
      25.855     0.992188        99113       128.00
      26.623     0.992969        99188       142.22
      27.279     0.993750        99268       160.00
      27.983     0.994531        99344       182.86
      29.087     0.995313        99422       213.33
      30.271     0.996094        99501       256.00
      30.687     0.996484        99539       284.44
      31.151     0.996875        99578       320.00
      31.551     0.997266        99617       365.71
      32.111     0.997656        99657       426.67
      32.767     0.998047        99695       512.00
      33.247     0.998242        99716       568.89
      33.535     0.998437        99736       640.00
      33.823     0.998633        99756       731.43
      34.111     0.998828        99774       853.33
      34.399     0.999023        99795      1024.00
      34.719     0.999121        99803      1137.78
      35.007     0.999219        99815      1280.00
      35.327     0.999316        99822      1462.86
      35.743     0.999414        99832      1706.67
      36.127     0.999512        99844      2048.00
      36.415     0.999561        99847      2275.56
      36.671     0.999609        99852      2560.00
      36.959     0.999658        99856      2925.71
      37.247     0.999707        99861      3413.33
      37.503     0.999756        99866      4096.00
      37.663     0.999780        99869      4551.11
      37.823     0.999805        99871      5120.00
      37.951     0.999829        99873      5851.43
      38.271     0.999854        99876      6826.67
      38.399     0.999878        99878      8192.00
      38.687     0.999890        99880      9102.22
      38.719     0.999902        99881     10240.00
      38.879     0.999915        99882     11702.86
      39.007     0.999927        99883     13653.33
      39.071     0.999939        99884     16384.00
      39.135     0.999945        99885     18204.44
      39.423     0.999951        99886     20480.00
      39.423     0.999957        99886     23405.71
      39.615     0.999963        99887     27306.67
      39.615     0.999969        99887     32768.00
      39.807     0.999973        99888     36408.89
      39.807     0.999976        99888     40960.00
      39.807     0.999979        99888     46811.43
      39.903     0.999982        99889     54613.33
      39.903     0.999985        99889     65536.00
      39.903     0.999986        99889     72817.78
      39.903     0.999988        99889     81920.00
      39.903     0.999989        99889     93622.86
      40.095     0.999991        99890    109226.67
      40.095     1.000000        99890          inf
#[Mean    =        2.594, StdDeviation   =        3.901]
#[Max     =       40.064, Total count    =        99890]
#[Buckets =           27, SubBuckets     =         2048]
----------------------------------------------------------
  99892 requests in 10.00s, 16.67MB read
Requests/sec:   9989.57
Transfer/sec:      1.67MB
