Running 10s test @ http://localhost
  2 threads and 10 connections
  Thread Stats   Avg      Stdev     Max   +/- Stdev
    Latency    23.54ms   58.48ms 282.62ms   89.64%
    Req/Sec       -nan      -nan   0.00      0.00%
  Latency Distribution (HdrHistogram - Recorded Latency)
 50.000%    1.87ms
 75.000%    5.63ms
 90.000%   91.39ms
 99.000%  257.02ms
 99.900%  275.71ms
 99.990%  282.11ms
 99.999%  282.88ms
100.000%  282.88ms

  Detailed Percentile spectrum:
       Value   Percentile   TotalCount 1/(1-Percentile)

       0.111     0.000000            1         1.00
       0.738     0.100000        10020         1.11
       1.006     0.200000        19987         1.25
       1.267     0.300000        29973         1.43
       1.527     0.400000        39974         1.67
       1.865     0.500000        49951         2.00
       2.091     0.550000        54975         2.22
       2.397     0.600000        59934         2.50
       2.895     0.650000        64931         2.86
       3.787     0.700000        69919         3.33
       5.627     0.750000        74909         4.00
       7.287     0.775000        77402         4.44
       9.831     0.800000        79908         5.00
      13.415     0.825000        82399         5.71
      20.895     0.850000        84893         6.67
      39.647     0.875000        87391         8.00
      61.407     0.887500        88639         8.89
      91.391     0.900000        89887        10.00
     124.543     0.912500        91137        11.43
     146.175     0.925000        92389        13.33
     163.455     0.937500        93632        16.00
     175.615     0.943750        94257        17.78
     190.207     0.950000        94886        20.00
     205.183     0.956250        95507        22.86
     216.319     0.962500        96130        26.67
     226.047     0.968750        96754        32.00
     230.655     0.971875        97071        35.56
     233.727     0.975000        97388        40.00
     237.567     0.978125        97692        45.71
     242.943     0.981250        98005        53.33
     247.807     0.984375        98314        64.00
     250.751     0.985938        98470        71.11
     253.311     0.987500        98630        80.00
     255.743     0.989062        98788        91.43
     258.303     0.990625        98945       106.67
     260.991     0.992188        99093       128.00
     261.887     0.992969        99172       142.22
     262.911     0.993750        99252       160.00
     264.191     0.994531        99337       182.86
     265.471     0.995313        99412       213.33
     267.007     0.996094        99491       256.00
     267.775     0.996484        99531       284.44
     268.543     0.996875        99562       320.00
     269.567     0.997266        99602       365.71
     271.359     0.997656        99642       426.67
     272.639     0.998047        99691       512.00
     272.895     0.998242        99700       568.89
     273.407     0.998437        99722       640.00
     274.175     0.998633        99738       731.43
     274.943     0.998828        99758       853.33
     275.967     0.999023        99779      1024.00
     276.479     0.999121        99789      1137.78
     276.735     0.999219        99795      1280.00
     277.247     0.999316        99809      1462.86
     277.759     0.999414        99818      1706.67
     278.527     0.999512        99829      2048.00
     278.783     0.999561        99834      2275.56
     278.783     0.999609        99834      2560.00
     279.551     0.999658        99840      2925.71
     280.063     0.999707        99844      3413.33
     280.831     0.999756        99849      4096.00
     281.087     0.999780        99855      4551.11
     281.087     0.999805        99855      5120.00
     281.343     0.999829        99856      5851.43
     281.855     0.999854        99860      6826.67
     282.111     0.999878        99864      8192.00
     282.111     0.999890        99864      9102.22
     282.111     0.999902        99864     10240.00
     282.367     0.999915        99866     11702.86
     282.367     0.999927        99866     13653.33
     282.623     0.999939        99869     16384.00
     282.623     0.999945        99869     18204.44
     282.623     0.999951        99869     20480.00
     282.623     0.999957        99869     23405.71
     282.879     0.999963        99873     27306.67
     282.879     1.000000        99873          inf
#[Mean    =       23.542, StdDeviation   =       58.480]
#[Max     =      282.624, Total count    =        99873]
#[Buckets =           27, SubBuckets     =         2048]
----------------------------------------------------------
  99875 requests in 10.00s, 16.67MB read
Requests/sec:   9988.44
Transfer/sec:      1.67MB
