Running 10s test @ http://localhost
  2 threads and 10 connections
  Thread Stats   Avg      Stdev     Max   +/- Stdev
    Latency     3.12ms    5.61ms  57.54ms   93.04%
    Req/Sec       -nan      -nan   0.00      0.00%
  Latency Distribution (HdrHistogram - Recorded Latency)
 50.000%    1.54ms
 75.000%    2.40ms
 90.000%    5.44ms
 99.000%   32.24ms
 99.900%   47.07ms
 99.990%   55.10ms
 99.999%   57.31ms
100.000%   57.57ms

  Detailed Percentile spectrum:
       Value   Percentile   TotalCount 1/(1-Percentile)

       0.115     0.000000            1         1.00
       0.680     0.100000         9997         1.11
       0.911     0.200000        19990         1.25
       1.119     0.300000        29982         1.43
       1.327     0.400000        39992         1.67
       1.538     0.500000        49983         2.00
       1.656     0.550000        54963         2.22
       1.793     0.600000        59938         2.50
       1.953     0.650000        64924         2.86
       2.149     0.700000        69937         3.33
       2.399     0.750000        74934         4.00
       2.565     0.775000        77415         4.44
       2.795     0.800000        79906         5.00
       3.099     0.825000        82392         5.71
       3.529     0.850000        84890         6.67
       4.191     0.875000        87387         8.00
       4.699     0.887500        88641         8.89
       5.443     0.900000        89883        10.00
       6.491     0.912500        91131        11.43
       7.923     0.925000        92382        13.33
       9.919     0.937500        93630        16.00
      11.095     0.943750        94252        17.78
      12.647     0.950000        94877        20.00
      14.567     0.956250        95501        22.86
      17.215     0.962500        96127        26.67
      20.319     0.968750        96749        32.00
      21.823     0.971875        97063        35.56
      23.375     0.975000        97375        40.00
      24.831     0.978125        97686        45.71
      26.463     0.981250        97997        53.33
      28.207     0.984375        98309        64.00
      29.263     0.985938        98467        71.11
      30.399     0.987500        98622        80.00
      31.551     0.989062        98777        91.43
      32.591     0.990625        98933       106.67
      33.823     0.992188        99091       128.00
      34.559     0.992969        99168       142.22
      35.327     0.993750        99245       160.00
      36.223     0.994531        99324       182.86
      37.311     0.995313        99402       213.33
      38.463     0.996094        99479       256.00
      39.199     0.996484        99519       284.44
      39.999     0.996875        99557       320.00
      40.895     0.997266        99597       365.71
      41.919     0.997656        99636       426.67
      42.975     0.998047        99674       512.00
      43.391     0.998242        99694       568.89
      44.127     0.998437        99715       640.00
      45.055     0.998633        99733       731.43
      46.111     0.998828        99752       853.33
      47.103     0.999023        99772      1024.00
      47.359     0.999121        99782      1137.78
      47.903     0.999219        99791      1280.00
      48.447     0.999316        99802      1462.86
      48.767     0.999414        99811      1706.67
      49.471     0.999512        99821      2048.00
      49.695     0.999561        99826      2275.56
      50.079     0.999609        99830      2560.00
      50.975     0.999658        99835      2925.71
      51.551     0.999707        99840      3413.33
      52.255     0.999756        99845      4096.00
      52.511     0.999780        99848      4551.11
      52.799     0.999805        99850      5120.00
      53.535     0.999829        99852      5851.43
      53.919     0.999854        99855      6826.67
      54.655     0.999878        99857      8192.00
      55.103     0.999890        99859      9102.22
      55.455     0.999902        99860     10240.00
      55.551     0.999915        99861     11702.86
      55.839     0.999927        99862     13653.33
      56.223     0.999939        99863     16384.00
      56.415     0.999945        99864     18204.44
      56.543     0.999951        99865     20480.00
      56.543     0.999957        99865     23405.71
      56.863     0.999963        99866     27306.67
      56.863     0.999969        99866     32768.00
      57.215     0.999973        99867     36408.89
      57.215     0.999976        99867     40960.00
      57.215     0.999979        99867     46811.43
      57.311     0.999982        99868     54613.33
      57.311     0.999985        99868     65536.00
      57.311     0.999986        99868     72817.78
      57.311     0.999988        99868     81920.00
      57.311     0.999989        99868     93622.86
      57.567     0.999991        99869    109226.67
      57.567     1.000000        99869          inf
#[Mean    =        3.120, StdDeviation   =        5.608]
#[Max     =       57.536, Total count    =        99869]
#[Buckets =           27, SubBuckets     =         2048]
----------------------------------------------------------
  99871 requests in 10.00s, 16.67MB read
Requests/sec:   9987.38
Transfer/sec:      1.67MB
