Running 10s test @ http://localhost
  2 threads and 10 connections
  Thread Stats   Avg      Stdev     Max   +/- Stdev
    Latency     3.22ms    5.31ms  59.49ms   91.70%
    Req/Sec       -nan      -nan   0.00      0.00%
  Latency Distribution (HdrHistogram - Recorded Latency)
 50.000%    1.57ms
 75.000%    2.52ms
 90.000%    6.93ms
 99.000%   26.19ms
 99.900%   54.08ms
 99.990%   58.62ms
 99.999%   59.33ms
100.000%   59.52ms

  Detailed Percentile spectrum:
       Value   Percentile   TotalCount 1/(1-Percentile)

       0.119     0.000000            1         1.00
       0.695     0.100000        10021         1.11
       0.946     0.200000        19995         1.25
       1.157     0.300000        30002         1.43
       1.356     0.400000        39980         1.67
       1.574     0.500000        49953         2.00
       1.705     0.550000        54938         2.22
       1.851     0.600000        59939         2.50
       2.023     0.650000        64948         2.86
       2.233     0.700000        69923         3.33
       2.519     0.750000        74916         4.00
       2.737     0.775000        77416         4.44
       3.035     0.800000        79916         5.00
       3.461     0.825000        82408         5.71
       4.107     0.850000        84903         6.67
       5.191     0.875000        87404         8.00
       6.003     0.887500        88651         8.89
       6.935     0.900000        89897        10.00
       8.055     0.912500        91145        11.43
       9.591     0.925000        92397        13.33
      11.927     0.937500        93646        16.00
      13.263     0.943750        94266        17.78
      14.823     0.950000        94892        20.00
      16.175     0.956250        95516        22.86
      17.519     0.962500        96143        26.67
      19.007     0.968750        96764        32.00
      19.791     0.971875        97076        35.56
      20.543     0.975000        97391        40.00
      21.455     0.978125        97705        45.71
      22.479     0.981250        98012        53.33
      23.871     0.984375        98326        64.00
      24.495     0.985938        98482        71.11
      25.151     0.987500        98638        80.00
      25.791     0.989062        98793        91.43
      26.591     0.990625        98949       106.67
      27.823     0.992188        99105       128.00
      28.495     0.992969        99182       142.22
      29.327     0.993750        99263       160.00
      30.175     0.994531        99338       182.86
      31.263     0.995313        99416       213.33
      33.023     0.996094        99494       256.00
      33.823     0.996484        99533       284.44
      34.943     0.996875        99572       320.00
      36.927     0.997266        99612       365.71
      40.159     0.997656        99651       426.67
      43.775     0.998047        99689       512.00
      47.839     0.998242        99710       568.89
      49.023     0.998437        99728       640.00
      51.039     0.998633        99748       731.43
      53.023     0.998828        99767       853.33
      54.207     0.999023        99787      1024.00
      54.591     0.999121        99797      1137.78
      55.295     0.999219        99806      1280.00
      55.935     0.999316        99817      1462.86
      56.575     0.999414        99826      1706.67
      56.895     0.999512        99836      2048.00
      57.215     0.999561        99843      2275.56
      57.279     0.999609        99845      2560.00
      57.663     0.999658        99850      2925.71
      57.887     0.999707        99855      3413.33
      58.111     0.999756        99860      4096.00
      58.207     0.999780        99863      4551.11
      58.303     0.999805        99868      5120.00
      58.303     0.999829        99868      5851.43
      58.431     0.999854        99870      6826.67
      58.559     0.999878        99873      8192.00
      58.623     0.999890        99875      9102.22
      58.623     0.999902        99875     10240.00
      58.655     0.999915        99877     11702.86
      58.655     0.999927        99877     13653.33
      58.783     0.999939        99879     16384.00
      58.783     0.999945        99879     18204.44
      58.815     0.999951        99880     20480.00
      58.815     0.999957        99880     23405.71
      58.911     0.999963        99881     27306.67
      58.911     0.999969        99881     32768.00
      58.943     0.999973        99882     36408.89
      58.943     0.999976        99882     40960.00
      58.943     0.999979        99882     46811.43
      59.327     0.999982        99883     54613.33
      59.327     0.999985        99883     65536.00
      59.327     0.999986        99883     72817.78
      59.327     0.999988        99883     81920.00
      59.327     0.999989        99883     93622.86
      59.519     0.999991        99884    109226.67
      59.519     1.000000        99884          inf
#[Mean    =        3.224, StdDeviation   =        5.307]
#[Max     =       59.488, Total count    =        99884]
#[Buckets =           27, SubBuckets     =         2048]
----------------------------------------------------------
  99886 requests in 10.00s, 16.67MB read
Requests/sec:   9988.04
Transfer/sec:      1.67MB
