Running 10s test @ http://localhost
  2 threads and 10 connections
  Thread Stats   Avg      Stdev     Max   +/- Stdev
    Latency     2.73ms    5.35ms  75.39ms   95.41%
    Req/Sec       -nan      -nan   0.00      0.00%
  Latency Distribution (HdrHistogram - Recorded Latency)
 50.000%    1.53ms
 75.000%    2.39ms
 90.000%    4.20ms
 99.000%   30.53ms
 99.900%   67.90ms
 99.990%   74.18ms
 99.999%   75.26ms
100.000%   75.46ms

  Detailed Percentile spectrum:
       Value   Percentile   TotalCount 1/(1-Percentile)

       0.112     0.000000            1         1.00
       0.670     0.100000        10003         1.11
       0.885     0.200000        20027         1.25
       1.100     0.300000        29988         1.43
       1.311     0.400000        39974         1.67
       1.531     0.500000        49958         2.00
       1.652     0.550000        54957         2.22
       1.791     0.600000        59977         2.50
       1.949     0.650000        64947         2.86
       2.149     0.700000        69955         3.33
       2.393     0.750000        74959         4.00
       2.545     0.775000        77439         4.44
       2.733     0.800000        79925         5.00
       2.963     0.825000        82422         5.71
       3.261     0.850000        84915         6.67
       3.655     0.875000        87417         8.00
       3.889     0.887500        88660         8.89
       4.195     0.900000        89907        10.00
       4.579     0.912500        91157        11.43
       5.119     0.925000        92405        13.33
       5.959     0.937500        93651        16.00
       6.619     0.943750        94274        17.78
       7.451     0.950000        94899        20.00
       8.439     0.956250        95522        22.86
       9.911     0.962500        96149        26.67
      12.247     0.968750        96774        32.00
      13.759     0.971875        97084        35.56
      15.871     0.975000        97396        40.00
      18.735     0.978125        97707        45.71
      21.151     0.981250        98021        53.33
      24.127     0.984375        98332        64.00
      25.695     0.985938        98488        71.11
      27.199     0.987500        98644        80.00
      29.423     0.989062        98802        91.43
      31.215     0.990625        98956       106.67
      33.375     0.992188        99114       128.00
      34.431     0.992969        99190       142.22
      35.679     0.993750        99268       160.00
      37.695     0.994531        99347       182.86
      40.767     0.995313        99424       213.33
      42.687     0.996094        99502       256.00
      44.159     0.996484        99541       284.44
      45.919     0.996875        99580       320.00
      49.535     0.997266        99619       365.71
      52.351     0.997656        99658       426.67
      55.167     0.998047        99699       512.00
      57.343     0.998242        99717       568.89
      59.967     0.998437        99736       640.00
      62.847     0.998633        99756       731.43
      65.311     0.998828        99775       853.33
      68.223     0.999023        99796      1024.00
      69.375     0.999121        99805      1137.78
      69.759     0.999219        99814      1280.00
      70.591     0.999316        99824      1462.86
      71.231     0.999414        99834      1706.67
      71.679     0.999512        99845      2048.00
      71.935     0.999561        99849      2275.56
      72.191     0.999609        99853      2560.00
      72.447     0.999658        99858      2925.71
      72.767     0.999707        99863      3413.33
      73.087     0.999756        99868      4096.00
      73.279     0.999780        99871      4551.11
      73.471     0.999805        99873      5120.00
      73.599     0.999829        99875      5851.43
      73.791     0.999854        99878      6826.67
      73.983     0.999878        99880      8192.00
      74.175     0.999890        99882      9102.22
      74.239     0.999902        99883     10240.00
      74.303     0.999915        99885     11702.86
      74.303     0.999927        99885     13653.33
      74.431     0.999939        99887     16384.00
      74.431     0.999945        99887     18204.44
      74.495     0.999951        99888     20480.00
      74.495     0.999957        99888     23405.71
      74.559     0.999963        99889     27306.67
      74.559     0.999969        99889     32768.00
      74.943     0.999973        99890     36408.89
      74.943     0.999976        99890     40960.00
      74.943     0.999979        99890     46811.43
      75.263     0.999982        99891     54613.33
      75.263     0.999985        99891     65536.00
      75.263     0.999986        99891     72817.78
      75.263     0.999988        99891     81920.00
      75.263     0.999989        99891     93622.86
      75.455     0.999991        99892    109226.67
      75.455     1.000000        99892          inf
#[Mean    =        2.733, StdDeviation   =        5.352]
#[Max     =       75.392, Total count    =        99892]
#[Buckets =           27, SubBuckets     =         2048]
----------------------------------------------------------
  99894 requests in 10.00s, 16.67MB read
Requests/sec:   9988.68
Transfer/sec:      1.67MB
