Running 10s test @ http://localhost
  2 threads and 10 connections
  Thread Stats   Avg      Stdev     Max   +/- Stdev
    Latency     3.12ms    5.13ms  66.43ms   92.34%
    Req/Sec       -nan      -nan   0.00      0.00%
  Latency Distribution (HdrHistogram - Recorded Latency)
 50.000%    1.65ms
 75.000%    2.71ms
 90.000%    6.33ms
 99.000%   28.74ms
 99.900%   55.78ms
 99.990%   63.65ms
 99.999%   66.43ms
100.000%   66.50ms

  Detailed Percentile spectrum:
       Value   Percentile   TotalCount 1/(1-Percentile)

       0.129     0.000000            1         1.00
       0.706     0.100000        10020         1.11
       0.953     0.200000        19981         1.25
       1.185     0.300000        30002         1.43
       1.409     0.400000        39985         1.67
       1.646     0.500000        49977         2.00
       1.781     0.550000        54943         2.22
       1.941     0.600000        59948         2.50
       2.133     0.650000        64925         2.86
       2.381     0.700000        69948         3.33
       2.713     0.750000        74914         4.00
       2.941     0.775000        77433         4.44
       3.257     0.800000        79905         5.00
       3.651     0.825000        82408         5.71
       4.179     0.850000        84903         6.67
       5.015     0.875000        87401         8.00
       5.607     0.887500        88651         8.89
       6.327     0.900000        89898        10.00
       7.319     0.912500        91141        11.43
       8.423     0.925000        92394        13.33
       9.807     0.937500        93642        16.00
      10.615     0.943750        94264        17.78
      11.455     0.950000        94892        20.00
      12.423     0.956250        95512        22.86
      13.511     0.962500        96139        26.67
      14.791     0.968750        96760        32.00
      15.679     0.971875        97070        35.56
      16.687     0.975000        97386        40.00
      17.839     0.978125        97696        45.71
      19.951     0.981250        98011        53.33
      22.911     0.984375        98319        64.00
      24.639     0.985938        98477        71.11
      26.351     0.987500        98631        80.00
      27.903     0.989062        98788        91.43
      29.391     0.990625        98943       106.67
      30.703     0.992188        99101       128.00
      31.615     0.992969        99179       142.22
      32.671     0.993750        99257       160.00
      33.983     0.994531        99333       182.86
      36.063     0.995313        99412       213.33
      38.015     0.996094        99491       256.00
      39.487     0.996484        99528       284.44
      41.951     0.996875        99567       320.00
      43.839     0.997266        99606       365.71
      45.727     0.997656        99645       426.67
      48.127     0.998047        99684       512.00
      49.567     0.998242        99704       568.89
      51.007     0.998437        99723       640.00
      52.735     0.998633        99744       731.43
      54.271     0.998828        99762       853.33
      55.967     0.999023        99782      1024.00
      56.671     0.999121        99792      1137.78
      57.375     0.999219        99801      1280.00
      58.111     0.999316        99811      1462.86
      58.591     0.999414        99821      1706.67
      59.167     0.999512        99831      2048.00
      59.711     0.999561        99836      2275.56
      60.095     0.999609        99840      2560.00
      60.703     0.999658        99845      2925.71
      60.895     0.999707        99850      3413.33
      61.503     0.999756        99855      4096.00
      61.599     0.999780        99858      4551.11
      61.855     0.999805        99860      5120.00
      62.271     0.999829        99862      5851.43
      63.071     0.999854        99865      6826.67
      63.199     0.999878        99867      8192.00
      63.647     0.999890        99869      9102.22
      63.839     0.999902        99870     10240.00
      63.935     0.999915        99871     11702.86
      64.351     0.999927        99872     13653.33
      64.543     0.999939        99873     16384.00
      64.991     0.999945        99874     18204.44
      65.663     0.999951        99876     20480.00
      65.663     0.999957        99876     23405.71
      65.663     0.999963        99876     27306.67
      65.663     0.999969        99876     32768.00
      66.303     0.999973        99877     36408.89
      66.303     0.999976        99877     40960.00
      66.303     0.999979        99877     46811.43
      66.431     0.999982        99878     54613.33
      66.431     0.999985        99878     65536.00
      66.431     0.999986        99878     72817.78
      66.431     0.999988        99878     81920.00
      66.431     0.999989        99878     93622.86
      66.495     0.999991        99879    109226.67
      66.495     1.000000        99879          inf
#[Mean    =        3.117, StdDeviation   =        5.131]
#[Max     =       66.432, Total count    =        99879]
#[Buckets =           27, SubBuckets     =         2048]
----------------------------------------------------------
  99884 requests in 10.00s, 16.67MB read
Requests/sec:   9987.95
Transfer/sec:      1.67MB
