Running 10s test @ http://localhost
  2 threads and 10 connections
  Thread Stats   Avg      Stdev     Max   +/- Stdev
    Latency     1.98ms    1.91ms  21.17ms   91.27%
    Req/Sec       -nan      -nan   0.00      0.00%
  Latency Distribution (HdrHistogram - Recorded Latency)
 50.000%    1.46ms
 75.000%    2.19ms
 90.000%    3.60ms
 99.000%   10.78ms
 99.900%   16.62ms
 99.990%   19.18ms
 99.999%   20.42ms
100.000%   21.18ms

  Detailed Percentile spectrum:
       Value   Percentile   TotalCount 1/(1-Percentile)

       0.131     0.000000            1         1.00
       0.659     0.100000        10003         1.11
       0.872     0.200000        19999         1.25
       1.069     0.300000        29973         1.43
       1.262     0.400000        39998         1.67
       1.459     0.500000        49986         2.00
       1.571     0.550000        54966         2.22
       1.692     0.600000        59947         2.50
       1.828     0.650000        64927         2.86
       1.989     0.700000        69940         3.33
       2.191     0.750000        74946         4.00
       2.311     0.775000        77438         4.44
       2.457     0.800000        79918         5.00
       2.637     0.825000        82406         5.71
       2.869     0.850000        84924         6.67
       3.175     0.875000        87404         8.00
       3.365     0.887500        88656         8.89
       3.595     0.900000        89894        10.00
       3.885     0.912500        91147        11.43
       4.243     0.925000        92400        13.33
       4.711     0.937500        93641        16.00
       5.007     0.943750        94264        17.78
       5.371     0.950000        94889        20.00
       5.827     0.956250        95515        22.86
       6.359     0.962500        96141        26.67
       7.027     0.968750        96760        32.00
       7.423     0.971875        97077        35.56
       7.843     0.975000        97385        40.00
       8.287     0.978125        97701        45.71
       8.791     0.981250        98010        53.33
       9.431     0.984375        98322        64.00
       9.719     0.985938        98477        71.11
      10.087     0.987500        98634        80.00
      10.511     0.989062        98790        91.43
      11.015     0.990625        98950       106.67
      11.583     0.992188        99103       128.00
      11.935     0.992969        99181       142.22
      12.327     0.993750        99257       160.00
      12.719     0.994531        99335       182.86
      13.279     0.995313        99413       213.33
      13.727     0.996094        99491       256.00
      14.119     0.996484        99530       284.44
      14.439     0.996875        99571       320.00
      14.767     0.997266        99608       365.71
      15.031     0.997656        99647       426.67
      15.439     0.998047        99686       512.00
      15.687     0.998242        99706       568.89
      15.911     0.998437        99725       640.00
      16.151     0.998633        99745       731.43
      16.335     0.998828        99764       853.33
      16.687     0.999023        99784      1024.00
      16.895     0.999121        99795      1137.78
      17.023     0.999219        99803      1280.00
      17.215     0.999316        99813      1462.86
      17.423     0.999414        99823      1706.67
      17.663     0.999512        99834      2048.00
      17.791     0.999561        99840      2275.56
      17.839     0.999609        99843      2560.00
      17.999     0.999658        99847      2925.71
      18.175     0.999707        99852      3413.33
      18.351     0.999756        99857      4096.00
      18.447     0.999780        99860      4551.11
      18.495     0.999805        99862      5120.00
      18.559     0.999829        99864      5851.43
      18.895     0.999854        99867      6826.67
      19.039     0.999878        99869      8192.00
      19.183     0.999890        99871      9102.22
      19.343     0.999902        99872     10240.00
      19.519     0.999915        99873     11702.86
      19.679     0.999927        99874     13653.33
      19.727     0.999939        99875     16384.00
      19.759     0.999945        99876     18204.44
      19.823     0.999951        99877     20480.00
      19.823     0.999957        99877     23405.71
      19.887     0.999963        99878     27306.67
      19.887     0.999969        99878     32768.00
      20.191     0.999973        99879     36408.89
      20.191     0.999976        99879     40960.00
      20.191     0.999979        99879     46811.43
      20.415     0.999982        99880     54613.33
      20.415     0.999985        99880     65536.00
      20.415     0.999986        99880     72817.78
      20.415     0.999988        99880     81920.00
      20.415     0.999989        99880     93622.86
      21.183     0.999991        99881    109226.67
      21.183     1.000000        99881          inf
#[Mean    =        1.978, StdDeviation   =        1.909]
#[Max     =       21.168, Total count    =        99881]
#[Buckets =           27, SubBuckets     =         2048]
----------------------------------------------------------
  99883 requests in 10.00s, 16.67MB read
Requests/sec:   9988.58
Transfer/sec:      1.67MB
