Running 10s test @ http://localhost
  2 threads and 10 connections
  Thread Stats   Avg      Stdev     Max   +/- Stdev
    Latency     2.12ms    2.98ms  40.26ms   94.66%
    Req/Sec       -nan      -nan   0.00      0.00%
  Latency Distribution (HdrHistogram - Recorded Latency)
 50.000%    1.46ms
 75.000%    2.18ms
 90.000%    3.48ms
 99.000%   16.66ms
 99.900%   35.55ms
 99.990%   39.39ms
 99.999%   40.26ms
100.000%   40.29ms

  Detailed Percentile spectrum:
       Value   Percentile   TotalCount 1/(1-Percentile)

       0.124     0.000000            1         1.00
       0.630     0.100000        10020         1.11
       0.842     0.200000        20012         1.25
       1.045     0.300000        29984         1.43
       1.248     0.400000        39982         1.67
       1.457     0.500000        49945         2.00
       1.568     0.550000        54967         2.22
       1.689     0.600000        59936         2.50
       1.826     0.650000        64959         2.86
       1.986     0.700000        69944         3.33
       2.183     0.750000        74934         4.00
       2.301     0.775000        77439         4.44
       2.433     0.800000        79932         5.00
       2.597     0.825000        82426         5.71
       2.805     0.850000        84899         6.67
       3.083     0.875000        87402         8.00
       3.269     0.887500        88648         8.89
       3.485     0.900000        89897        10.00
       3.757     0.912500        91142        11.43
       4.095     0.925000        92392        13.33
       4.607     0.937500        93638        16.00
       4.939     0.943750        94262        17.78
       5.391     0.950000        94888        20.00
       5.951     0.956250        95511        22.86
       6.743     0.962500        96136        26.67
       7.679     0.968750        96759        32.00
       8.295     0.971875        97072        35.56
       9.047     0.975000        97384        40.00
       9.967     0.978125        97699        45.71
      11.103     0.981250        98008        53.33
      12.575     0.984375        98320        64.00
      13.511     0.985938        98478        71.11
      14.567     0.987500        98633        80.00
      15.855     0.989062        98788        91.43
      17.215     0.990625        98944       106.67
      19.023     0.992188        99101       128.00
      19.743     0.992969        99178       142.22
      20.735     0.993750        99256       160.00
      21.743     0.994531        99334       182.86
      23.135     0.995313        99412       213.33
      25.407     0.996094        99491       256.00
      26.623     0.996484        99529       284.44
      28.159     0.996875        99568       320.00
      29.679     0.997266        99607       365.71
      31.327     0.997656        99647       426.67
      32.559     0.998047        99685       512.00
      33.311     0.998242        99708       568.89
      33.983     0.998437        99724       640.00
      34.687     0.998633        99745       731.43
      35.231     0.998828        99764       853.33
      35.647     0.999023        99786      1024.00
      35.775     0.999121        99794      1137.78
      36.031     0.999219        99802      1280.00
      36.351     0.999316        99812      1462.86
      36.799     0.999414        99822      1706.67
      37.695     0.999512        99832      2048.00
      37.983     0.999561        99837      2275.56
      38.175     0.999609        99842      2560.00
      38.271     0.999658        99846      2925.71
      38.495     0.999707        99854      3413.33
      38.623     0.999756        99856      4096.00
      38.751     0.999780        99859      4551.11
      39.103     0.999805        99861      5120.00
      39.167     0.999829        99863      5851.43
      39.295     0.999854        99866      6826.67
      39.327     0.999878        99868      8192.00
      39.391     0.999890        99870      9102.22
      39.583     0.999902        99871     10240.00
      39.647     0.999915        99872     11702.86
      39.743     0.999927        99874     13653.33
      39.743     0.999939        99874     16384.00
      39.775     0.999945        99875     18204.44
      39.807     0.999951        99876     20480.00
      39.807     0.999957        99876     23405.71
      40.031     0.999963        99878     27306.67
      40.031     0.999969        99878     32768.00
      40.031     0.999973        99878     36408.89
      40.031     0.999976        99878     40960.00
      40.031     0.999979        99878     46811.43
      40.255     0.999982        99879     54613.33
      40.255     0.999985        99879     65536.00
      40.255     0.999986        99879     72817.78
      40.255     0.999988        99879     81920.00
      40.255     0.999989        99879     93622.86
      40.287     0.999991        99880    109226.67
      40.287     1.000000        99880          inf
#[Mean    =        2.124, StdDeviation   =        2.982]
#[Max     =       40.256, Total count    =        99880]
#[Buckets =           27, SubBuckets     =         2048]
----------------------------------------------------------
  99882 requests in 10.00s, 16.67MB read
Requests/sec:   9988.22
Transfer/sec:      1.67MB
