Running 10s test @ http://localhost
  2 threads and 10 connections
  Thread Stats   Avg      Stdev     Max   +/- Stdev
    Latency     4.40ms   10.82ms  96.26ms   94.60%
    Req/Sec       -nan      -nan   0.00      0.00%
  Latency Distribution (HdrHistogram - Recorded Latency)
 50.000%    1.58ms
 75.000%    2.59ms
 90.000%    6.61ms
 99.000%   66.24ms
 99.900%   86.40ms
 99.990%   94.27ms
 99.999%   95.93ms
100.000%   96.32ms

  Detailed Percentile spectrum:
       Value   Percentile   TotalCount 1/(1-Percentile)

       0.157     0.000000            1         1.00
       0.702     0.100000        10004         1.11
       0.938     0.200000        20004         1.25
       1.151     0.300000        29977         1.43
       1.353     0.400000        39985         1.67
       1.582     0.500000        49976         2.00
       1.714     0.550000        54943         2.22
       1.861     0.600000        59939         2.50
       2.042     0.650000        64930         2.86
       2.271     0.700000        69935         3.33
       2.585     0.750000        74926         4.00
       2.801     0.775000        77414         4.44
       3.087     0.800000        79914         5.00
       3.459     0.825000        82403         5.71
       4.007     0.850000        84902         6.67
       4.931     0.875000        87396         8.00
       5.675     0.887500        88645         8.89
       6.607     0.900000        89896        10.00
       7.911     0.912500        91145        11.43
       9.511     0.925000        92392        13.33
      12.087     0.937500        93640        16.00
      14.303     0.943750        94264        17.78
      17.199     0.950000        94888        20.00
      21.503     0.956250        95512        22.86
      26.575     0.962500        96136        26.67
      33.791     0.968750        96762        32.00
      39.423     0.971875        97072        35.56
      45.343     0.975000        97384        40.00
      51.359     0.978125        97699        45.71
      56.159     0.981250        98009        53.33
      60.351     0.984375        98323        64.00
      61.951     0.985938        98479        71.11
      63.423     0.987500        98633        80.00
      64.991     0.989062        98793        91.43
      67.071     0.990625        98948       106.67
      68.543     0.992188        99105       128.00
      69.503     0.992969        99179       142.22
      70.783     0.993750        99262       160.00
      72.319     0.994531        99338       182.86
      73.535     0.995313        99416       213.33
      75.071     0.996094        99496       256.00
      75.839     0.996484        99533       284.44
      76.607     0.996875        99569       320.00
      77.375     0.997266        99610       365.71
      78.207     0.997656        99649       426.67
      79.167     0.998047        99687       512.00
      79.743     0.998242        99707       568.89
      80.383     0.998437        99726       640.00
      81.727     0.998633        99745       731.43
      84.351     0.998828        99764       853.33
      86.911     0.999023        99784      1024.00
      87.999     0.999121        99796      1137.78
      88.447     0.999219        99803      1280.00
      88.959     0.999316        99813      1462.86
      89.919     0.999414        99823      1706.67
      90.623     0.999512        99833      2048.00
      91.007     0.999561        99838      2275.56
      91.583     0.999609        99842      2560.00
      91.839     0.999658        99847      2925.71
      92.031     0.999707        99852      3413.33
      92.287     0.999756        99857      4096.00
      92.543     0.999780        99861      4551.11
      92.735     0.999805        99862      5120.00
      93.055     0.999829        99864      5851.43
      93.823     0.999854        99867      6826.67
      93.951     0.999878        99869      8192.00
      94.271     0.999890        99871      9102.22
      94.335     0.999902        99872     10240.00
      94.527     0.999915        99873     11702.86
      94.655     0.999927        99874     13653.33
      94.975     0.999939        99875     16384.00
      95.231     0.999945        99876     18204.44
      95.295     0.999951        99877     20480.00
      95.295     0.999957        99877     23405.71
      95.551     0.999963        99878     27306.67
      95.551     0.999969        99878     32768.00
      95.615     0.999973        99879     36408.89
      95.615     0.999976        99879     40960.00
      95.615     0.999979        99879     46811.43
      95.935     0.999982        99880     54613.33
      95.935     0.999985        99880     65536.00
      95.935     0.999986        99880     72817.78
      95.935     0.999988        99880     81920.00
      95.935     0.999989        99880     93622.86
      96.319     0.999991        99881    109226.67
      96.319     1.000000        99881          inf
#[Mean    =        4.397, StdDeviation   =       10.824]
#[Max     =       96.256, Total count    =        99881]
#[Buckets =           27, SubBuckets     =         2048]
----------------------------------------------------------
  99883 requests in 10.00s, 16.67MB read
Requests/sec:   9988.20
Transfer/sec:      1.67MB
