Running 10s test @ http://localhost
  2 threads and 10 connections
  Thread Stats   Avg      Stdev     Max   +/- Stdev
    Latency     2.47ms    3.56ms  46.59ms   92.96%
    Req/Sec       -nan      -nan   0.00      0.00%
  Latency Distribution (HdrHistogram - Recorded Latency)
 50.000%    1.51ms
 75.000%    2.33ms
 90.000%    4.52ms
 99.000%   20.93ms
 99.900%   33.38ms
 99.990%   45.09ms
 99.999%   46.21ms
100.000%   46.62ms

  Detailed Percentile spectrum:
       Value   Percentile   TotalCount 1/(1-Percentile)

       0.115     0.000000            1         1.00
       0.656     0.100000        10008         1.11
       0.880     0.200000        19982         1.25
       1.089     0.300000        30003         1.43
       1.294     0.400000        39961         1.67
       1.506     0.500000        49971         2.00
       1.619     0.550000        54959         2.22
       1.752     0.600000        59944         2.50
       1.904     0.650000        64934         2.86
       2.089     0.700000        69936         3.33
       2.333     0.750000        74931         4.00
       2.485     0.775000        77424         4.44
       2.677     0.800000        79924         5.00
       2.927     0.825000        82417         5.71
       3.269     0.850000        84910         6.67
       3.749     0.875000        87407         8.00
       4.091     0.887500        88652         8.89
       4.523     0.900000        89910        10.00
       5.055     0.912500        91149        11.43
       5.723     0.925000        92402        13.33
       6.695     0.937500        93647        16.00
       7.367     0.943750        94274        17.78
       8.139     0.950000        94895        20.00
       9.055     0.956250        95522        22.86
      10.039     0.962500        96146        26.67
      11.223     0.968750        96771        32.00
      12.023     0.971875        97083        35.56
      13.015     0.975000        97398        40.00
      14.263     0.978125        97705        45.71
      15.767     0.981250        98019        53.33
      17.151     0.984375        98329        64.00
      18.047     0.985938        98485        71.11
      19.263     0.987500        98643        80.00
      20.255     0.989062        98798        91.43
      21.407     0.990625        98953       106.67
      22.527     0.992188        99113       128.00
      23.071     0.992969        99188       142.22
      23.823     0.993750        99265       160.00
      24.559     0.994531        99344       182.86
      25.263     0.995313        99423       213.33
      26.207     0.996094        99502       256.00
      26.639     0.996484        99538       284.44
      27.183     0.996875        99577       320.00
      27.951     0.997266        99616       365.71
      28.943     0.997656        99655       426.67
      29.983     0.998047        99694       512.00
      30.639     0.998242        99715       568.89
      31.215     0.998437        99733       640.00
      31.871     0.998633        99753       731.43
      32.607     0.998828        99773       853.33
      33.567     0.999023        99792      1024.00
      34.303     0.999121        99802      1137.78
      35.007     0.999219        99811      1280.00
      35.871     0.999316        99821      1462.86
      37.631     0.999414        99831      1706.67
      38.527     0.999512        99841      2048.00
      38.847     0.999561        99846      2275.56
      39.583     0.999609        99850      2560.00
      40.287     0.999658        99855      2925.71
      41.279     0.999707        99860      3413.33
      42.175     0.999756        99866      4096.00
      43.071     0.999780        99868      4551.11
      44.127     0.999805        99871      5120.00
      44.415     0.999829        99872      5851.43
      44.607     0.999854        99875      6826.67
      44.927     0.999878        99877      8192.00
      45.087     0.999890        99879      9102.22
      45.119     0.999902        99881     10240.00
      45.119     0.999915        99881     11702.86
      45.183     0.999927        99882     13653.33
      45.215     0.999939        99883     16384.00
      45.343     0.999945        99884     18204.44
      45.631     0.999951        99886     20480.00
      45.631     0.999957        99886     23405.71
      45.631     0.999963        99886     27306.67
      45.631     0.999969        99886     32768.00
      45.695     0.999973        99887     36408.89
      45.695     0.999976        99887     40960.00
      45.695     0.999979        99887     46811.43
      46.207     0.999982        99888     54613.33
      46.207     0.999985        99888     65536.00
      46.207     0.999986        99888     72817.78
      46.207     0.999988        99888     81920.00
      46.207     0.999989        99888     93622.86
      46.623     0.999991        99889    109226.67
      46.623     1.000000        99889          inf
#[Mean    =        2.475, StdDeviation   =        3.559]
#[Max     =       46.592, Total count    =        99889]
#[Buckets =           27, SubBuckets     =         2048]
----------------------------------------------------------
  99892 requests in 10.00s, 16.67MB read
Requests/sec:   9988.59
Transfer/sec:      1.67MB
