Running 10s test @ http://localhost
  2 threads and 10 connections
  Thread Stats   Avg      Stdev     Max   +/- Stdev
    Latency     3.12ms    5.95ms  79.10ms   93.49%
    Req/Sec       -nan      -nan   0.00      0.00%
  Latency Distribution (HdrHistogram - Recorded Latency)
 50.000%    1.51ms
 75.000%    2.47ms
 90.000%    5.77ms
 99.000%   32.58ms
 99.900%   61.60ms
 99.990%   76.48ms
 99.999%   78.97ms
100.000%   79.17ms

  Detailed Percentile spectrum:
       Value   Percentile   TotalCount 1/(1-Percentile)

       0.092     0.000000            1         1.00
       0.655     0.100000        10029         1.11
       0.872     0.200000        20006         1.25
       1.077     0.300000        30011         1.43
       1.284     0.400000        39954         1.67
       1.512     0.500000        49983         2.00
       1.635     0.550000        54940         2.22
       1.780     0.600000        59952         2.50
       1.952     0.650000        64923         2.86
       2.171     0.700000        69944         3.33
       2.475     0.750000        74941         4.00
       2.671     0.775000        77413         4.44
       2.943     0.800000        79898         5.00
       3.303     0.825000        82395         5.71
       3.819     0.850000        84890         6.67
       4.567     0.875000        87396         8.00
       5.083     0.887500        88636         8.89
       5.771     0.900000        89882        10.00
       6.683     0.912500        91136        11.43
       7.923     0.925000        92379        13.33
       9.463     0.937500        93630        16.00
      10.583     0.943750        94251        17.78
      11.839     0.950000        94876        20.00
      13.383     0.956250        95499        22.86
      15.479     0.962500        96124        26.67
      17.615     0.968750        96755        32.00
      18.831     0.971875        97063        35.56
      20.319     0.975000        97376        40.00
      21.663     0.978125        97684        45.71
      23.071     0.981250        97996        53.33
      25.311     0.984375        98309        64.00
      27.023     0.985938        98464        71.11
      28.687     0.987500        98620        80.00
      30.895     0.989062        98778        91.43
      33.887     0.990625        98932       106.67
      36.767     0.992188        99088       128.00
      38.271     0.992969        99167       142.22
      40.703     0.993750        99245       160.00
      42.847     0.994531        99322       182.86
      44.927     0.995313        99400       213.33
      47.551     0.996094        99478       256.00
      48.543     0.996484        99517       284.44
      50.207     0.996875        99556       320.00
      52.255     0.997266        99595       365.71
      53.951     0.997656        99634       426.67
      55.935     0.998047        99673       512.00
      56.735     0.998242        99694       568.89
      57.407     0.998437        99712       640.00
      58.495     0.998633        99732       731.43
      59.807     0.998828        99751       853.33
      62.175     0.999023        99771      1024.00
      63.231     0.999121        99781      1137.78
      64.159     0.999219        99790      1280.00
      65.343     0.999316        99800      1462.86
      66.623     0.999414        99810      1706.67
      68.543     0.999512        99820      2048.00
      69.247     0.999561        99825      2275.56
      69.695     0.999609        99829      2560.00
      70.079     0.999658        99835      2925.71
      70.783     0.999707        99840      3413.33
      71.103     0.999756        99844      4096.00
      71.551     0.999780        99847      4551.11
      72.319     0.999805        99849      5120.00
      73.471     0.999829        99851      5851.43
      75.071     0.999854        99854      6826.67
      76.095     0.999878        99856      8192.00
      76.479     0.999890        99858      9102.22
      76.863     0.999902        99859     10240.00
      77.119     0.999915        99860     11702.86
      77.503     0.999927        99861     13653.33
      77.887     0.999939        99863     16384.00
      77.887     0.999945        99863     18204.44
      78.399     0.999951        99864     20480.00
      78.399     0.999957        99864     23405.71
      78.655     0.999963        99865     27306.67
      78.655     0.999969        99865     32768.00
      78.783     0.999973        99866     36408.89
      78.783     0.999976        99866     40960.00
      78.783     0.999979        99866     46811.43
      78.975     0.999982        99867     54613.33
      78.975     0.999985        99867     65536.00
      78.975     0.999986        99867     72817.78
      78.975     0.999988        99867     81920.00
      78.975     0.999989        99867     93622.86
      79.167     0.999991        99868    109226.67
      79.167     1.000000        99868          inf
#[Mean    =        3.124, StdDeviation   =        5.949]
#[Max     =       79.104, Total count    =        99868]
#[Buckets =           27, SubBuckets     =         2048]
----------------------------------------------------------
  99872 requests in 10.00s, 16.67MB read
Requests/sec:   9988.34
Transfer/sec:      1.67MB
