Running 10s test @ http://localhost
  2 threads and 10 connections
  Thread Stats   Avg      Stdev     Max   +/- Stdev
    Latency     2.94ms    4.80ms  62.56ms   92.45%
    Req/Sec       -nan      -nan   0.00      0.00%
  Latency Distribution (HdrHistogram - Recorded Latency)
 50.000%    1.53ms
 75.000%    2.59ms
 90.000%    6.16ms
 99.000%   25.82ms
 99.900%   50.05ms
 99.990%   58.53ms
 99.999%   61.95ms
100.000%   62.59ms

  Detailed Percentile spectrum:
       Value   Percentile   TotalCount 1/(1-Percentile)

       0.134     0.000000            1         1.00
       0.667     0.100000        10002         1.11
       0.875     0.200000        19993         1.25
       1.081     0.300000        29972         1.43
       1.294     0.400000        39958         1.67
       1.533     0.500000        49959         2.00
       1.665     0.550000        54942         2.22
       1.815     0.600000        59951         2.50
       2.000     0.650000        64953         2.86
       2.245     0.700000        69946         3.33
       2.589     0.750000        74932         4.00
       2.821     0.775000        77419         4.44
       3.129     0.800000        79915         5.00
       3.545     0.825000        82413         5.71
       4.095     0.850000        84913         6.67
       4.915     0.875000        87407         8.00
       5.507     0.887500        88662         8.89
       6.155     0.900000        89907        10.00
       6.887     0.912500        91153        11.43
       7.775     0.925000        92400        13.33
       8.887     0.937500        93658        16.00
       9.495     0.943750        94280        17.78
      10.287     0.950000        94905        20.00
      11.223     0.956250        95523        22.86
      12.623     0.962500        96146        26.67
      14.815     0.968750        96772        32.00
      16.127     0.971875        97085        35.56
      17.567     0.975000        97395        40.00
      19.039     0.978125        97706        45.71
      20.463     0.981250        98021        53.33
      22.495     0.984375        98331        64.00
      23.711     0.985938        98487        71.11
      24.623     0.987500        98645        80.00
      25.359     0.989062        98799        91.43
      26.175     0.990625        98957       106.67
      27.279     0.992188        99112       128.00
      28.063     0.992969        99192       142.22
      28.847     0.993750        99268       160.00
      30.015     0.994531        99347       182.86
      31.567     0.995313        99423       213.33
      33.727     0.996094        99501       256.00
      35.231     0.996484        99540       284.44
      36.831     0.996875        99579       320.00
      40.447     0.997266        99618       365.71
      44.415     0.997656        99657       426.67
      46.975     0.998047        99696       512.00
      47.807     0.998242        99717       568.89
      48.319     0.998437        99736       640.00
      49.023     0.998633        99756       731.43
      49.567     0.998828        99775       853.33
      50.335     0.999023        99794      1024.00
      50.719     0.999121        99805      1137.78
      51.007     0.999219        99814      1280.00
      51.359     0.999316        99823      1462.86
      51.839     0.999414        99836      1706.67
      52.095     0.999512        99843      2048.00
      52.575     0.999561        99848      2275.56
      52.959     0.999609        99852      2560.00
      53.887     0.999658        99857      2925.71
      54.591     0.999707        99863      3413.33
      55.071     0.999756        99868      4096.00
      55.743     0.999780        99870      4551.11
      56.543     0.999805        99872      5120.00
      57.311     0.999829        99874      5851.43
      58.207     0.999854        99877      6826.67
      58.463     0.999878        99879      8192.00
      58.527     0.999890        99881      9102.22
      58.719     0.999902        99882     10240.00
      58.815     0.999915        99883     11702.86
      58.943     0.999927        99884     13653.33
      59.199     0.999939        99885     16384.00
      59.903     0.999945        99886     18204.44
      60.479     0.999951        99887     20480.00
      60.479     0.999957        99887     23405.71
      61.087     0.999963        99888     27306.67
      61.087     0.999969        99888     32768.00
      61.407     0.999973        99889     36408.89
      61.407     0.999976        99889     40960.00
      61.407     0.999979        99889     46811.43
      61.951     0.999982        99890     54613.33
      61.951     0.999985        99890     65536.00
      61.951     0.999986        99890     72817.78
      61.951     0.999988        99890     81920.00
      61.951     0.999989        99890     93622.86
      62.591     0.999991        99891    109226.67
      62.591     1.000000        99891          inf
#[Mean    =        2.942, StdDeviation   =        4.796]
#[Max     =       62.560, Total count    =        99891]
#[Buckets =           27, SubBuckets     =         2048]
----------------------------------------------------------
  99897 requests in 10.00s, 16.67MB read
Requests/sec:   9989.52
Transfer/sec:      1.67MB
