Running 10s test @ http://localhost
  2 threads and 10 connections
  Thread Stats   Avg      Stdev     Max   +/- Stdev
    Latency     2.28ms    3.28ms  52.26ms   93.47%
    Req/Sec       -nan      -nan   0.00      0.00%
  Latency Distribution (HdrHistogram - Recorded Latency)
 50.000%    1.46ms
 75.000%    2.24ms
 90.000%    4.03ms
 99.000%   17.23ms
 99.900%   43.52ms
 99.990%   50.59ms
 99.999%   52.10ms
100.000%   52.29ms

  Detailed Percentile spectrum:
       Value   Percentile   TotalCount 1/(1-Percentile)

       0.123     0.000000            1         1.00
       0.625     0.100000        10013         1.11
       0.828     0.200000        19983         1.25
       1.028     0.300000        29999         1.43
       1.242     0.400000        39987         1.67
       1.459     0.500000        49984         2.00
       1.572     0.550000        54967         2.22
       1.699     0.600000        59953         2.50
       1.848     0.650000        64933         2.86
       2.024     0.700000        69942         3.33
       2.245     0.750000        74939         4.00
       2.387     0.775000        77442         4.44
       2.555     0.800000        79935         5.00
       2.773     0.825000        82413         5.71
       3.055     0.850000        84920         6.67
       3.459     0.875000        87408         8.00
       3.723     0.887500        88654         8.89
       4.035     0.900000        89905        10.00
       4.455     0.912500        91151        11.43
       4.995     0.925000        92403        13.33
       5.767     0.937500        93650        16.00
       6.287     0.943750        94272        17.78
       6.867     0.950000        94898        20.00
       7.663     0.956250        95525        22.86
       8.559     0.962500        96146        26.67
       9.751     0.968750        96769        32.00
      10.455     0.971875        97080        35.56
      11.183     0.975000        97394        40.00
      11.959     0.978125        97707        45.71
      13.095     0.981250        98017        53.33
      14.423     0.984375        98330        64.00
      14.967     0.985938        98486        71.11
      15.639     0.987500        98643        80.00
      16.591     0.989062        98801        91.43
      17.679     0.990625        98954       106.67
      19.039     0.992188        99110       128.00
      19.663     0.992969        99187       142.22
      20.287     0.993750        99266       160.00
      21.039     0.994531        99343       182.86
      21.999     0.995313        99421       213.33
      23.295     0.996094        99499       256.00
      24.143     0.996484        99538       284.44
      24.767     0.996875        99577       320.00
      25.999     0.997266        99616       365.71
      27.855     0.997656        99656       426.67
      30.063     0.998047        99694       512.00
      30.943     0.998242        99714       568.89
      34.975     0.998437        99733       640.00
      37.055     0.998633        99753       731.43
      38.879     0.998828        99772       853.33
      43.903     0.999023        99793      1024.00
      44.351     0.999121        99804      1137.78
      44.927     0.999219        99813      1280.00
      45.375     0.999316        99822      1462.86
      46.207     0.999414        99831      1706.67
      47.935     0.999512        99841      2048.00
      48.127     0.999561        99846      2275.56
      48.543     0.999609        99851      2560.00
      48.799     0.999658        99855      2925.71
      49.183     0.999707        99860      3413.33
      49.503     0.999756        99865      4096.00
      49.727     0.999780        99868      4551.11
      49.791     0.999805        99870      5120.00
      49.919     0.999829        99872      5851.43
      50.303     0.999854        99875      6826.67
      50.367     0.999878        99877      8192.00
      50.591     0.999890        99879      9102.22
      50.687     0.999902        99880     10240.00
      50.943     0.999915        99881     11702.86
      51.263     0.999927        99882     13653.33
      51.391     0.999939        99883     16384.00
      51.423     0.999945        99884     18204.44
      51.519     0.999951        99885     20480.00
      51.519     0.999957        99885     23405.71
      51.839     0.999963        99886     27306.67
      51.839     0.999969        99886     32768.00
      51.871     0.999973        99887     36408.89
      51.871     0.999976        99887     40960.00
      51.871     0.999979        99887     46811.43
      52.095     0.999982        99888     54613.33
      52.095     0.999985        99888     65536.00
      52.095     0.999986        99888     72817.78
      52.095     0.999988        99888     81920.00
      52.095     0.999989        99888     93622.86
      52.287     0.999991        99889    109226.67
      52.287     1.000000        99889          inf
#[Mean    =        2.280, StdDeviation   =        3.281]
#[Max     =       52.256, Total count    =        99889]
#[Buckets =           27, SubBuckets     =         2048]
----------------------------------------------------------
  99891 requests in 10.00s, 16.67MB read
Requests/sec:   9989.39
Transfer/sec:      1.67MB
