Running 10s test @ http://localhost
  2 threads and 10 connections
  Thread Stats   Avg      Stdev     Max   +/- Stdev
    Latency     2.37ms    3.44ms  45.98ms   93.33%
    Req/Sec       -nan      -nan   0.00      0.00%
  Latency Distribution (HdrHistogram - Recorded Latency)
 50.000%    1.50ms
 75.000%    2.25ms
 90.000%    3.93ms
 99.000%   18.70ms
 99.900%   36.16ms
 99.990%   43.29ms
 99.999%   45.41ms
100.000%   46.01ms

  Detailed Percentile spectrum:
       Value   Percentile   TotalCount 1/(1-Percentile)

       0.112     0.000000            1         1.00
       0.643     0.100000        10026         1.11
       0.878     0.200000        20018         1.25
       1.099     0.300000        29969         1.43
       1.301     0.400000        39974         1.67
       1.496     0.500000        49944         2.00
       1.609     0.550000        54947         2.22
       1.735     0.600000        59939         2.50
       1.882     0.650000        64937         2.86
       2.055     0.700000        69951         3.33
       2.251     0.750000        74915         4.00
       2.371     0.775000        77452         4.44
       2.513     0.800000        79926         5.00
       2.695     0.825000        82411         5.71
       2.951     0.850000        84921         6.67
       3.313     0.875000        87405         8.00
       3.569     0.887500        88651         8.89
       3.927     0.900000        89905        10.00
       4.423     0.912500        91147        11.43
       5.147     0.925000        92398        13.33
       6.251     0.937500        93643        16.00
       7.027     0.943750        94267        17.78
       7.899     0.950000        94893        20.00
       8.887     0.956250        95518        22.86
       9.999     0.962500        96140        26.67
      11.119     0.968750        96768        32.00
      11.655     0.971875        97080        35.56
      12.279     0.975000        97388        40.00
      13.023     0.978125        97701        45.71
      13.919     0.981250        98015        53.33
      15.183     0.984375        98327        64.00
      15.887     0.985938        98481        71.11
      16.671     0.987500        98639        80.00
      17.855     0.989062        98795        91.43
      19.327     0.990625        98949       106.67
      21.343     0.992188        99105       128.00
      22.255     0.992969        99183       142.22
      23.199     0.993750        99261       160.00
      24.575     0.994531        99339       182.86
      25.791     0.995313        99417       213.33
      27.167     0.996094        99496       256.00
      27.903     0.996484        99536       284.44
      28.559     0.996875        99573       320.00
      30.015     0.997266        99612       365.71
      31.359     0.997656        99651       426.67
      32.767     0.998047        99691       512.00
      33.279     0.998242        99711       568.89
      33.727     0.998437        99730       640.00
      34.495     0.998633        99749       731.43
      35.359     0.998828        99768       853.33
      36.287     0.999023        99788      1024.00
      36.735     0.999121        99798      1137.78
      37.247     0.999219        99807      1280.00
      37.599     0.999316        99817      1462.86
      38.495     0.999414        99827      1706.67
      39.391     0.999512        99837      2048.00
      39.743     0.999561        99843      2275.56
      39.935     0.999609        99846      2560.00
      40.447     0.999658        99851      2925.71
      40.703     0.999707        99856      3413.33
      41.055     0.999756        99861      4096.00
      41.407     0.999780        99865      4551.11
      41.471     0.999805        99866      5120.00
      41.983     0.999829        99868      5851.43
      42.367     0.999854        99871      6826.67
      42.975     0.999878        99873      8192.00
      43.295     0.999890        99875      9102.22
      43.391     0.999902        99877     10240.00
      43.391     0.999915        99877     11702.86
      43.615     0.999927        99878     13653.33
      43.807     0.999939        99879     16384.00
      43.839     0.999945        99880     18204.44
      43.935     0.999951        99881     20480.00
      43.935     0.999957        99881     23405.71
      43.967     0.999963        99882     27306.67
      43.967     0.999969        99882     32768.00
      44.671     0.999973        99883     36408.89
      44.671     0.999976        99883     40960.00
      44.671     0.999979        99883     46811.43
      45.407     0.999982        99884     54613.33
      45.407     0.999985        99884     65536.00
      45.407     0.999986        99884     72817.78
      45.407     0.999988        99884     81920.00
      45.407     0.999989        99884     93622.86
      46.015     0.999991        99885    109226.67
      46.015     1.000000        99885          inf
#[Mean    =        2.372, StdDeviation   =        3.444]
#[Max     =       45.984, Total count    =        99885]
#[Buckets =           27, SubBuckets     =         2048]
----------------------------------------------------------
  99888 requests in 10.00s, 16.67MB read
Requests/sec:   9988.68
Transfer/sec:      1.67MB
