Running 10s test @ http://localhost
  2 threads and 10 connections
  Thread Stats   Avg      Stdev     Max   +/- Stdev
    Latency     3.94ms    8.18ms  75.58ms   93.08%
    Req/Sec       -nan      -nan   0.00      0.00%
  Latency Distribution (HdrHistogram - Recorded Latency)
 50.000%    1.55ms
 75.000%    2.69ms
 90.000%    7.90ms
 99.000%   48.35ms
 99.900%   69.63ms
 99.990%   73.98ms
 99.999%   75.20ms
100.000%   75.65ms

  Detailed Percentile spectrum:
       Value   Percentile   TotalCount 1/(1-Percentile)

       0.080     0.000000            1         1.00
       0.664     0.100000         9988         1.11
       0.883     0.200000        20015         1.25
       1.091     0.300000        29987         1.43
       1.312     0.400000        39964         1.67
       1.547     0.500000        49951         2.00
       1.682     0.550000        54945         2.22
       1.843     0.600000        59954         2.50
       2.042     0.650000        64922         2.86
       2.303     0.700000        69917         3.33
       2.691     0.750000        74917         4.00
       2.965     0.775000        77407         4.44
       3.347     0.800000        79901         5.00
       3.883     0.825000        82399         5.71
       4.671     0.850000        84895         6.67
       5.891     0.875000        87395         8.00
       6.787     0.887500        88643         8.89
       7.899     0.900000        89890        10.00
       9.287     0.912500        91138        11.43
      11.111     0.925000        92389        13.33
      13.639     0.937500        93634        16.00
      15.247     0.943750        94261        17.78
      17.103     0.950000        94886        20.00
      19.407     0.956250        95508        22.86
      22.303     0.962500        96132        26.67
      25.295     0.968750        96758        32.00
      27.199     0.971875        97069        35.56
      29.487     0.975000        97384        40.00
      31.871     0.978125        97692        45.71
      35.423     0.981250        98005        53.33
      40.191     0.984375        98319        64.00
      42.911     0.985938        98472        71.11
      45.183     0.987500        98629        80.00
      47.327     0.989062        98784        91.43
      49.279     0.990625        98940       106.67
      51.327     0.992188        99097       128.00
      53.599     0.992969        99174       142.22
      56.159     0.993750        99252       160.00
      58.335     0.994531        99330       182.86
      60.415     0.995313        99410       213.33
      61.727     0.996094        99486       256.00
      62.399     0.996484        99526       284.44
      63.359     0.996875        99564       320.00
      64.223     0.997266        99604       365.71
      65.375     0.997656        99642       426.67
      66.111     0.998047        99682       512.00
      66.495     0.998242        99702       568.89
      67.007     0.998437        99721       640.00
      68.287     0.998633        99741       731.43
      69.183     0.998828        99759       853.33
      69.695     0.999023        99779      1024.00
      69.887     0.999121        99789      1137.78
      70.271     0.999219        99799      1280.00
      70.719     0.999316        99809      1462.86
      71.103     0.999414        99818      1706.67
      71.551     0.999512        99828      2048.00
      71.679     0.999561        99833      2275.56
      71.743     0.999609        99837      2560.00
      71.871     0.999658        99842      2925.71
      72.383     0.999707        99848      3413.33
      73.087     0.999756        99852      4096.00
      73.215     0.999780        99855      4551.11
      73.343     0.999805        99857      5120.00
      73.407     0.999829        99859      5851.43
      73.599     0.999854        99862      6826.67
      73.791     0.999878        99865      8192.00
      73.983     0.999890        99866      9102.22
      74.047     0.999902        99867     10240.00
      74.367     0.999915        99868     11702.86
      74.495     0.999927        99869     13653.33
      74.559     0.999939        99870     16384.00
      74.879     0.999945        99871     18204.44
      75.007     0.999951        99872     20480.00
      75.007     0.999957        99872     23405.71
      75.071     0.999963        99873     27306.67
      75.071     0.999969        99873     32768.00
      75.199     0.999973        99875     36408.89
      75.199     0.999976        99875     40960.00
      75.199     0.999979        99875     46811.43
      75.199     0.999982        99875     54613.33
      75.199     0.999985        99875     65536.00
      75.199     0.999986        99875     72817.78
      75.199     0.999988        99875     81920.00
      75.199     0.999989        99875     93622.86
      75.647     0.999991        99876    109226.67
      75.647     1.000000        99876          inf
#[Mean    =        3.939, StdDeviation   =        8.182]
#[Max     =       75.584, Total count    =        99876]
#[Buckets =           27, SubBuckets     =         2048]
----------------------------------------------------------
  99878 requests in 10.00s, 16.67MB read
Requests/sec:   9988.47
Transfer/sec:      1.67MB
