Running 10s test @ http://localhost
  2 threads and 10 connections
  Thread Stats   Avg      Stdev     Max   +/- Stdev
    Latency    26.28ms   45.03ms 198.53ms   84.33%
    Req/Sec       -nan      -nan   0.00      0.00%
  Latency Distribution (HdrHistogram - Recorded Latency)
 50.000%    2.54ms
 75.000%   26.70ms
 90.000%   99.26ms
 99.000%  173.57ms
 99.900%  191.36ms
 99.990%  196.48ms
 99.999%  198.53ms
100.000%  198.65ms

  Detailed Percentile spectrum:
       Value   Percentile   TotalCount 1/(1-Percentile)

       0.103     0.000000            1         1.00
       0.808     0.100000        10005         1.11
       1.146     0.200000        19987         1.25
       1.468     0.300000        29978         1.43
       1.865     0.400000        39973         1.67
       2.539     0.500000        49955         2.00
       3.241     0.550000        54950         2.22
       4.567     0.600000        59935         2.50
       7.563     0.650000        64928         2.86
      14.815     0.700000        69921         3.33
      26.703     0.750000        74914         4.00
      38.463     0.775000        77415         4.44
      51.039     0.800000        79910         5.00
      61.919     0.825000        82407         5.71
      74.879     0.850000        84902         6.67
      87.103     0.875000        87396         8.00
      93.695     0.887500        88649         8.89
      99.263     0.900000        89893        10.00
     107.327     0.912500        91147        11.43
     117.183     0.925000        92398        13.33
     129.535     0.937500        93642        16.00
     135.039     0.943750        94272        17.78
     140.031     0.950000        94891        20.00
     145.791     0.956250        95525        22.86
     151.679     0.962500        96137        26.67
     156.799     0.968750        96775        32.00
     159.231     0.971875        97087        35.56
     161.407     0.975000        97400        40.00
     163.327     0.978125        97717        45.71
     165.119     0.981250        98024        53.33
     167.167     0.984375        98324        64.00
     168.447     0.985938        98487        71.11
     170.239     0.987500        98646        80.00
     171.903     0.989062        98789        91.43
     174.847     0.990625        98949       106.67
     177.663     0.992188        99108       128.00
     179.199     0.992969        99187       142.22
     180.735     0.993750        99262       160.00
     181.887     0.994531        99338       182.86
     183.167     0.995313        99415       213.33
     184.831     0.996094        99495       256.00
     185.599     0.996484        99535       284.44
     186.111     0.996875        99569       320.00
     187.007     0.997266        99609       365.71
     187.903     0.997656        99652       426.67
     188.671     0.998047        99690       512.00
     189.055     0.998242        99707       568.89
     189.567     0.998437        99728       640.00
     190.079     0.998633        99746       731.43
     190.847     0.998828        99766       853.33
     191.487     0.999023        99784      1024.00
     191.871     0.999121        99795      1137.78
     192.255     0.999219        99803      1280.00
     192.895     0.999316        99815      1462.86
     193.279     0.999414        99824      1706.67
     193.663     0.999512        99834      2048.00
     194.047     0.999561        99840      2275.56
     194.303     0.999609        99844      2560.00
     194.815     0.999658        99847      2925.71
     195.327     0.999707        99852      3413.33
     195.455     0.999756        99858      4096.00
     195.583     0.999780        99861      4551.11
     195.839     0.999805        99864      5120.00
     195.839     0.999829        99864      5851.43
     196.095     0.999854        99867      6826.67
     196.351     0.999878        99870      8192.00
     196.479     0.999890        99871      9102.22
     196.607     0.999902        99872     10240.00
     196.735     0.999915        99873     11702.86
     196.863     0.999927        99874     13653.33
     197.119     0.999939        99875     16384.00
     197.503     0.999945        99876     18204.44
     197.631     0.999951        99877     20480.00
     197.631     0.999957        99877     23405.71
     198.143     0.999963        99878     27306.67
     198.143     0.999969        99878     32768.00
     198.399     0.999973        99879     36408.89
     198.399     0.999976        99879     40960.00
     198.399     0.999979        99879     46811.43
     198.527     0.999982        99880     54613.33
     198.527     0.999985        99880     65536.00
     198.527     0.999986        99880     72817.78
     198.527     0.999988        99880     81920.00
     198.527     0.999989        99880     93622.86
     198.655     0.999991        99881    109226.67
     198.655     1.000000        99881          inf
#[Mean    =       26.277, StdDeviation   =       45.032]
#[Max     =      198.528, Total count    =        99881]
#[Buckets =           27, SubBuckets     =         2048]
----------------------------------------------------------
  99884 requests in 10.00s, 16.67MB read
Requests/sec:   9988.17
Transfer/sec:      1.67MB
