Running 10s test @ http://localhost
  2 threads and 10 connections
  Thread Stats   Avg      Stdev     Max   +/- Stdev
    Latency     2.19ms    3.09ms  44.90ms   93.88%
    Req/Sec       -nan      -nan   0.00      0.00%
  Latency Distribution (HdrHistogram - Recorded Latency)
 50.000%    1.44ms
 75.000%    2.14ms
 90.000%    3.59ms
 99.000%   18.30ms
 99.900%   31.84ms
 99.990%   42.53ms
 99.999%   44.74ms
100.000%   44.93ms

  Detailed Percentile spectrum:
       Value   Percentile   TotalCount 1/(1-Percentile)

       0.115     0.000000            1         1.00
       0.643     0.100000        10014         1.11
       0.875     0.200000        20017         1.25
       1.070     0.300000        30010         1.43
       1.252     0.400000        39994         1.67
       1.442     0.500000        49962         2.00
       1.548     0.550000        54967         2.22
       1.664     0.600000        59952         2.50
       1.799     0.650000        64926         2.86
       1.954     0.700000        69915         3.33
       2.143     0.750000        74933         4.00
       2.257     0.775000        77411         4.44
       2.399     0.800000        79926         5.00
       2.569     0.825000        82410         5.71
       2.793     0.850000        84909         6.67
       3.123     0.875000        87393         8.00
       3.333     0.887500        88640         8.89
       3.587     0.900000        89898        10.00
       3.939     0.912500        91143        11.43
       4.463     0.925000        92388        13.33
       5.195     0.937500        93641        16.00
       5.679     0.943750        94259        17.78
       6.307     0.950000        94886        20.00
       7.119     0.956250        95509        22.86
       7.999     0.962500        96133        26.67
       9.007     0.968750        96755        32.00
       9.631     0.971875        97069        35.56
      10.367     0.975000        97380        40.00
      11.335     0.978125        97695        45.71
      12.759     0.981250        98004        53.33
      14.471     0.984375        98317        64.00
      15.495     0.985938        98473        71.11
      16.479     0.987500        98629        80.00
      17.503     0.989062        98788        91.43
      18.751     0.990625        98940       106.67
      20.367     0.992188        99096       128.00
      21.311     0.992969        99174       142.22
      21.951     0.993750        99254       160.00
      22.655     0.994531        99330       182.86
      23.615     0.995313        99408       213.33
      24.415     0.996094        99487       256.00
      24.783     0.996484        99525       284.44
      25.215     0.996875        99564       320.00
      26.095     0.997266        99603       365.71
      27.375     0.997656        99642       426.67
      29.167     0.998047        99681       512.00
      29.839     0.998242        99701       568.89
      30.255     0.998437        99721       640.00
      30.687     0.998633        99740       731.43
      31.423     0.998828        99759       853.33
      32.079     0.999023        99779      1024.00
      32.447     0.999121        99789      1137.78
      33.023     0.999219        99798      1280.00
      33.599     0.999316        99808      1462.86
      34.815     0.999414        99819      1706.67
      35.551     0.999512        99828      2048.00
      35.935     0.999561        99834      2275.56
      36.223     0.999609        99837      2560.00
      37.855     0.999658        99842      2925.71
      39.327     0.999707        99847      3413.33
      39.999     0.999756        99852      4096.00
      40.767     0.999780        99855      4551.11
      41.119     0.999805        99857      5120.00
      41.151     0.999829        99859      5851.43
      41.983     0.999854        99862      6826.67
      42.399     0.999878        99864      8192.00
      42.527     0.999890        99866      9102.22
      43.007     0.999902        99867     10240.00
      43.263     0.999915        99868     11702.86
      43.903     0.999927        99869     13653.33
      43.967     0.999939        99870     16384.00
      44.095     0.999945        99871     18204.44
      44.159     0.999951        99872     20480.00
      44.159     0.999957        99872     23405.71
      44.351     0.999963        99873     27306.67
      44.351     0.999969        99873     32768.00
      44.607     0.999973        99874     36408.89
      44.607     0.999976        99874     40960.00
      44.607     0.999979        99874     46811.43
      44.735     0.999982        99875     54613.33
      44.735     0.999985        99875     65536.00
      44.735     0.999986        99875     72817.78
      44.735     0.999988        99875     81920.00
      44.735     0.999989        99875     93622.86
      44.927     0.999991        99876    109226.67
      44.927     1.000000        99876          inf
#[Mean    =        2.194, StdDeviation   =        3.089]
#[Max     =       44.896, Total count    =        99876]
#[Buckets =           27, SubBuckets     =         2048]
----------------------------------------------------------
  99878 requests in 10.00s, 16.67MB read
Requests/sec:   9988.28
Transfer/sec:      1.67MB
