Running 10s test @ http://localhost
  2 threads and 10 connections
  Thread Stats   Avg      Stdev     Max   +/- Stdev
    Latency     2.15ms    2.36ms  32.13ms   91.40%
    Req/Sec       -nan      -nan   0.00      0.00%
  Latency Distribution (HdrHistogram - Recorded Latency)
 50.000%    1.49ms
 75.000%    2.29ms
 90.000%    4.07ms
 99.000%   12.98ms
 99.900%   20.90ms
 99.990%   29.58ms
 99.999%   31.57ms
100.000%   32.14ms

  Detailed Percentile spectrum:
       Value   Percentile   TotalCount 1/(1-Percentile)

       0.113     0.000000            1         1.00
       0.653     0.100000        10024         1.11
       0.867     0.200000        20004         1.25
       1.066     0.300000        29998         1.43
       1.271     0.400000        39994         1.67
       1.485     0.500000        49967         2.00
       1.598     0.550000        54936         2.22
       1.728     0.600000        59933         2.50
       1.876     0.650000        64924         2.86
       2.059     0.700000        69930         3.33
       2.285     0.750000        74925         4.00
       2.423     0.775000        77412         4.44
       2.597     0.800000        79906         5.00
       2.817     0.825000        82406         5.71
       3.109     0.850000        84904         6.67
       3.503     0.875000        87391         8.00
       3.753     0.887500        88645         8.89
       4.069     0.900000        89891        10.00
       4.463     0.912500        91135        11.43
       4.979     0.925000        92391        13.33
       5.695     0.937500        93631        16.00
       6.139     0.943750        94256        17.78
       6.627     0.950000        94882        20.00
       7.135     0.956250        95506        22.86
       7.715     0.962500        96130        26.67
       8.407     0.968750        96755        32.00
       8.807     0.971875        97067        35.56
       9.303     0.975000        97379        40.00
       9.863     0.978125        97692        45.71
      10.551     0.981250        98001        53.33
      11.271     0.984375        98313        64.00
      11.687     0.985938        98469        71.11
      12.151     0.987500        98625        80.00
      12.687     0.989062        98781        91.43
      13.215     0.990625        98940       106.67
      13.863     0.992188        99095       128.00
      14.151     0.992969        99172       142.22
      14.599     0.993750        99249       160.00
      15.319     0.994531        99327       182.86
      15.983     0.995313        99406       213.33
      16.623     0.996094        99485       256.00
      16.975     0.996484        99523       284.44
      17.359     0.996875        99561       320.00
      17.759     0.997266        99600       365.71
      18.367     0.997656        99640       426.67
      18.927     0.998047        99678       512.00
      19.215     0.998242        99698       568.89
      19.631     0.998437        99717       640.00
      19.951     0.998633        99737       731.43
      20.383     0.998828        99756       853.33
      20.991     0.999023        99776      1024.00
      21.455     0.999121        99786      1137.78
      21.823     0.999219        99795      1280.00
      22.271     0.999316        99805      1462.86
      22.671     0.999414        99815      1706.67
      23.519     0.999512        99825      2048.00
      24.015     0.999561        99830      2275.56
      24.239     0.999609        99834      2560.00
      24.831     0.999658        99839      2925.71
      25.887     0.999707        99844      3413.33
      26.367     0.999756        99849      4096.00
      26.911     0.999780        99852      4551.11
      27.583     0.999805        99854      5120.00
      27.903     0.999829        99856      5851.43
      28.463     0.999854        99859      6826.67
      29.199     0.999878        99861      8192.00
      29.583     0.999890        99863      9102.22
      29.775     0.999902        99864     10240.00
      29.807     0.999915        99865     11702.86
      29.983     0.999927        99866     13653.33
      30.287     0.999939        99867     16384.00
      30.415     0.999945        99868     18204.44
      30.847     0.999951        99869     20480.00
      30.847     0.999957        99869     23405.71
      31.023     0.999963        99870     27306.67
      31.023     0.999969        99870     32768.00
      31.263     0.999973        99871     36408.89
      31.263     0.999976        99871     40960.00
      31.263     0.999979        99871     46811.43
      31.567     0.999982        99872     54613.33
      31.567     0.999985        99872     65536.00
      31.567     0.999986        99872     72817.78
      31.567     0.999988        99872     81920.00
      31.567     0.999989        99872     93622.86
      32.143     0.999991        99873    109226.67
      32.143     1.000000        99873          inf
#[Mean    =        2.153, StdDeviation   =        2.362]
#[Max     =       32.128, Total count    =        99873]
#[Buckets =           27, SubBuckets     =         2048]
----------------------------------------------------------
  99881 requests in 10.00s, 16.67MB read
Requests/sec:   9988.34
Transfer/sec:      1.67MB
