Running 10s test @ http://localhost
  2 threads and 10 connections
  Thread Stats   Avg      Stdev     Max   +/- Stdev
    Latency     3.40ms    6.03ms  57.57ms   92.50%
    Req/Sec       -nan      -nan   0.00      0.00%
  Latency Distribution (HdrHistogram - Recorded Latency)
 50.000%    1.60ms
 75.000%    2.70ms
 90.000%    7.03ms
 99.000%   36.54ms
 99.900%   52.99ms
 99.990%   56.45ms
 99.999%   57.18ms
100.000%   57.60ms

  Detailed Percentile spectrum:
       Value   Percentile   TotalCount 1/(1-Percentile)

       0.095     0.000000            1         1.00
       0.690     0.100000        10004         1.11
       0.929     0.200000        20019         1.25
       1.147     0.300000        29999         1.43
       1.362     0.400000        39969         1.67
       1.598     0.500000        49946         2.00
       1.738     0.550000        54948         2.22
       1.902     0.600000        59934         2.50
       2.099     0.650000        64950         2.86
       2.349     0.700000        69906         3.33
       2.705     0.750000        74907         4.00
       2.971     0.775000        77411         4.44
       3.315     0.800000        79895         5.00
       3.789     0.825000        82390         5.71
       4.471     0.850000        84895         6.67
       5.451     0.875000        87386         8.00
       6.155     0.887500        88632         8.89
       7.027     0.900000        89879        10.00
       8.147     0.912500        91129        11.43
       9.439     0.925000        92377        13.33
      11.047     0.937500        93623        16.00
      11.983     0.943750        94251        17.78
      13.135     0.950000        94874        20.00
      14.527     0.956250        95498        22.86
      16.143     0.962500        96120        26.67
      18.831     0.968750        96747        32.00
      20.335     0.971875        97057        35.56
      21.887     0.975000        97368        40.00
      23.503     0.978125        97680        45.71
      26.175     0.981250        97994        53.33
      29.407     0.984375        98306        64.00
      31.295     0.985938        98461        71.11
      33.055     0.987500        98617        80.00
      35.135     0.989062        98778        91.43
      37.247     0.990625        98928       106.67
      38.879     0.992188        99086       128.00
      39.839     0.992969        99163       142.22
      40.767     0.993750        99242       160.00
      41.823     0.994531        99318       182.86
      42.815     0.995313        99396       213.33
      44.447     0.996094        99474       256.00
      45.183     0.996484        99513       284.44
      46.079     0.996875        99554       320.00
      46.943     0.997266        99592       365.71
      48.063     0.997656        99631       426.67
      49.375     0.998047        99669       512.00
      50.335     0.998242        99689       568.89
      50.911     0.998437        99708       640.00
      51.615     0.998633        99728       731.43
      52.319     0.998828        99747       853.33
      53.151     0.999023        99767      1024.00
      53.535     0.999121        99777      1137.78
      53.759     0.999219        99787      1280.00
      53.983     0.999316        99796      1462.86
      54.271     0.999414        99806      1706.67
      54.591     0.999512        99817      2048.00
      54.847     0.999561        99821      2275.56
      55.039     0.999609        99826      2560.00
      55.135     0.999658        99830      2925.71
      55.327     0.999707        99835      3413.33
      55.583     0.999756        99840      4096.00
      55.711     0.999780        99843      4551.11
      55.775     0.999805        99845      5120.00
      55.871     0.999829        99847      5851.43
      56.159     0.999854        99851      6826.67
      56.351     0.999878        99852      8192.00
      56.447     0.999890        99856      9102.22
      56.447     0.999902        99856     10240.00
      56.447     0.999915        99856     11702.86
      56.607     0.999927        99857     13653.33
      56.639     0.999939        99858     16384.00
      56.671     0.999945        99859     18204.44
      56.799     0.999951        99860     20480.00
      56.799     0.999957        99860     23405.71
      56.991     0.999963        99862     27306.67
      56.991     0.999969        99862     32768.00
      56.991     0.999973        99862     36408.89
      56.991     0.999976        99862     40960.00
      56.991     0.999979        99862     46811.43
      57.183     0.999982        99863     54613.33
      57.183     0.999985        99863     65536.00
      57.183     0.999986        99863     72817.78
      57.183     0.999988        99863     81920.00
      57.183     0.999989        99863     93622.86
      57.599     0.999991        99864    109226.67
      57.599     1.000000        99864          inf
#[Mean    =        3.396, StdDeviation   =        6.028]
#[Max     =       57.568, Total count    =        99864]
#[Buckets =           27, SubBuckets     =         2048]
----------------------------------------------------------
  99867 requests in 10.00s, 16.67MB read
Requests/sec:   9986.06
Transfer/sec:      1.67MB
