Running 10s test @ http://localhost
  2 threads and 10 connections
  Thread Stats   Avg      Stdev     Max   +/- Stdev
    Latency     2.59ms    3.46ms  38.69ms   91.42%
    Req/Sec       -nan      -nan   0.00      0.00%
  Latency Distribution (HdrHistogram - Recorded Latency)
 50.000%    1.52ms
 75.000%    2.43ms
 90.000%    5.28ms
 99.000%   18.88ms
 99.900%   29.84ms
 99.990%   36.16ms
 99.999%   38.62ms
100.000%   38.72ms

  Detailed Percentile spectrum:
       Value   Percentile   TotalCount 1/(1-Percentile)

       0.117     0.000000            1         1.00
       0.699     0.100000        10017         1.11
       0.921     0.200000        20010         1.25
       1.115     0.300000        29971         1.43
       1.307     0.400000        39980         1.67
       1.518     0.500000        49957         2.00
       1.639     0.550000        54941         2.22
       1.781     0.600000        59943         2.50
       1.947     0.650000        64933         2.86
       2.157     0.700000        69933         3.33
       2.433     0.750000        74929         4.00
       2.623     0.775000        77432         4.44
       2.875     0.800000        79921         5.00
       3.213     0.825000        82411         5.71
       3.675     0.850000        84911         6.67
       4.339     0.875000        87409         8.00
       4.759     0.887500        88657         8.89
       5.275     0.900000        89899        10.00
       5.931     0.912500        91149        11.43
       6.743     0.925000        92398        13.33
       7.795     0.937500        93649        16.00
       8.391     0.943750        94269        17.78
       9.087     0.950000        94895        20.00
       9.863     0.956250        95525        22.86
      10.879     0.962500        96142        26.67
      12.111     0.968750        96767        32.00
      12.895     0.971875        97078        35.56
      13.647     0.975000        97392        40.00
      14.479     0.978125        97705        45.71
      15.415     0.981250        98015        53.33
      16.431     0.984375        98332        64.00
      16.959     0.985938        98483        71.11
      17.615     0.987500        98640        80.00
      18.319     0.989062        98797        91.43
      19.359     0.990625        98951       106.67
      20.623     0.992188        99107       128.00
      21.199     0.992969        99186       142.22
      21.935     0.993750        99265       160.00
      22.703     0.994531        99341       182.86
      23.455     0.995313        99419       213.33
      24.639     0.996094        99497       256.00
      25.279     0.996484        99537       284.44
      25.807     0.996875        99575       320.00
      26.271     0.997266        99614       365.71
      26.783     0.997656        99654       426.67
      27.567     0.998047        99692       512.00
      27.807     0.998242        99712       568.89
      28.223     0.998437        99733       640.00
      28.735     0.998633        99751       731.43
      29.423     0.998828        99770       853.33
      29.887     0.999023        99790      1024.00
      30.239     0.999121        99801      1137.78
      30.431     0.999219        99809      1280.00
      31.103     0.999316        99819      1462.86
      31.727     0.999414        99829      1706.67
      32.207     0.999512        99840      2048.00
      32.383     0.999561        99844      2275.56
      32.495     0.999609        99849      2560.00
      32.671     0.999658        99853      2925.71
      32.799     0.999707        99859      3413.33
      32.959     0.999756        99863      4096.00
      33.119     0.999780        99866      4551.11
      33.247     0.999805        99868      5120.00
      33.375     0.999829        99870      5851.43
      34.847     0.999854        99873      6826.67
      35.423     0.999878        99875      8192.00
      36.159     0.999890        99877      9102.22
      36.287     0.999902        99878     10240.00
      36.383     0.999915        99879     11702.86
      36.575     0.999927        99880     13653.33
      36.895     0.999939        99881     16384.00
      37.375     0.999945        99882     18204.44
      37.983     0.999951        99883     20480.00
      37.983     0.999957        99883     23405.71
      38.399     0.999963        99884     27306.67
      38.399     0.999969        99884     32768.00
      38.463     0.999973        99885     36408.89
      38.463     0.999976        99885     40960.00
      38.463     0.999979        99885     46811.43
      38.623     0.999982        99886     54613.33
      38.623     0.999985        99886     65536.00
      38.623     0.999986        99886     72817.78
      38.623     0.999988        99886     81920.00
      38.623     0.999989        99886     93622.86
      38.719     0.999991        99887    109226.67
      38.719     1.000000        99887          inf
#[Mean    =        2.586, StdDeviation   =        3.456]
#[Max     =       38.688, Total count    =        99887]
#[Buckets =           27, SubBuckets     =         2048]
----------------------------------------------------------
  99889 requests in 10.00s, 16.67MB read
Requests/sec:   9988.65
Transfer/sec:      1.67MB
