Running 10s test @ http://localhost
  2 threads and 10 connections
  Thread Stats   Avg      Stdev     Max   +/- Stdev
    Latency     2.43ms    3.16ms  38.88ms   92.54%
    Req/Sec       -nan      -nan   0.00      0.00%
  Latency Distribution (HdrHistogram - Recorded Latency)
 50.000%    1.55ms
 75.000%    2.44ms
 90.000%    4.47ms
 99.000%   17.01ms
 99.900%   33.15ms
 99.990%   36.83ms
 99.999%   38.43ms
100.000%   38.91ms

  Detailed Percentile spectrum:
       Value   Percentile   TotalCount 1/(1-Percentile)

       0.095     0.000000            1         1.00
       0.679     0.100000         9993         1.11
       0.908     0.200000        20004         1.25
       1.128     0.300000        29976         1.43
       1.335     0.400000        39942         1.67
       1.555     0.500000        49954         2.00
       1.677     0.550000        54938         2.22
       1.816     0.600000        59916         2.50
       1.981     0.650000        64920         2.86
       2.183     0.700000        69904         3.33
       2.437     0.750000        74915         4.00
       2.603     0.775000        77395         4.44
       2.813     0.800000        79885         5.00
       3.071     0.825000        82380         5.71
       3.395     0.850000        84886         6.67
       3.825     0.875000        87373         8.00
       4.107     0.887500        88628         8.89
       4.471     0.900000        89875        10.00
       4.935     0.912500        91121        11.43
       5.571     0.925000        92368        13.33
       6.511     0.937500        93612        16.00
       7.123     0.943750        94240        17.78
       7.819     0.950000        94862        20.00
       8.559     0.956250        95486        22.86
       9.519     0.962500        96108        26.67
      10.527     0.968750        96734        32.00
      11.111     0.971875        97047        35.56
      11.775     0.975000        97361        40.00
      12.431     0.978125        97673        45.71
      13.255     0.981250        97981        53.33
      14.327     0.984375        98296        64.00
      14.863     0.985938        98450        71.11
      15.583     0.987500        98609        80.00
      16.399     0.989062        98762        91.43
      17.455     0.990625        98916       106.67
      18.735     0.992188        99073       128.00
      19.375     0.992969        99151       142.22
      20.143     0.993750        99229       160.00
      21.167     0.994531        99306       182.86
      22.431     0.995313        99386       213.33
      23.583     0.996094        99462       256.00
      24.175     0.996484        99502       284.44
      24.863     0.996875        99540       320.00
      26.223     0.997266        99579       365.71
      28.063     0.997656        99618       426.67
      29.839     0.998047        99658       512.00
      30.575     0.998242        99677       568.89
      31.071     0.998437        99697       640.00
      31.823     0.998633        99716       731.43
      32.495     0.998828        99735       853.33
      33.279     0.999023        99756      1024.00
      33.599     0.999121        99766      1137.78
      33.823     0.999219        99775      1280.00
      34.079     0.999316        99784      1462.86
      34.303     0.999414        99796      1706.67
      34.655     0.999512        99805      2048.00
      34.815     0.999561        99811      2275.56
      34.879     0.999609        99813      2560.00
      35.135     0.999658        99818      2925.71
      35.423     0.999707        99823      3413.33
      35.647     0.999756        99828      4096.00
      35.935     0.999780        99831      4551.11
      36.031     0.999805        99833      5120.00
      36.191     0.999829        99835      5851.43
      36.479     0.999854        99838      6826.67
      36.671     0.999878        99841      8192.00
      36.831     0.999890        99842      9102.22
      36.863     0.999902        99843     10240.00
      36.991     0.999915        99844     11702.86
      37.023     0.999927        99845     13653.33
      37.215     0.999939        99846     16384.00
      37.407     0.999945        99847     18204.44
      37.535     0.999951        99848     20480.00
      37.535     0.999957        99848     23405.71
      37.599     0.999963        99849     27306.67
      37.599     0.999969        99849     32768.00
      37.791     0.999973        99850     36408.89
      37.791     0.999976        99850     40960.00
      37.791     0.999979        99850     46811.43
      38.431     0.999982        99851     54613.33
      38.431     0.999985        99851     65536.00
      38.431     0.999986        99851     72817.78
      38.431     0.999988        99851     81920.00
      38.431     0.999989        99851     93622.86
      38.911     0.999991        99852    109226.67
      38.911     1.000000        99852          inf
#[Mean    =        2.433, StdDeviation   =        3.161]
#[Max     =       38.880, Total count    =        99852]
#[Buckets =           27, SubBuckets     =         2048]
----------------------------------------------------------
  99854 requests in 10.00s, 16.66MB read
Requests/sec:   9985.21
Transfer/sec:      1.67MB
