Running 10s test @ http://localhost
  2 threads and 10 connections
  Thread Stats   Avg      Stdev     Max   +/- Stdev
    Latency     2.18ms    3.08ms  46.37ms   93.75%
    Req/Sec       -nan      -nan   0.00      0.00%
  Latency Distribution (HdrHistogram - Recorded Latency)
 50.000%    1.43ms
 75.000%    2.14ms
 90.000%    3.63ms
 99.000%   16.56ms
 99.900%   37.28ms
 99.990%   44.00ms
 99.999%   45.89ms
100.000%   46.40ms

  Detailed Percentile spectrum:
       Value   Percentile   TotalCount 1/(1-Percentile)

       0.090     0.000000            1         1.00
       0.639     0.100000        10025         1.11
       0.845     0.200000        20019         1.25
       1.048     0.300000        29975         1.43
       1.245     0.400000        40012         1.67
       1.435     0.500000        49978         2.00
       1.541     0.550000        54954         2.22
       1.658     0.600000        59972         2.50
       1.791     0.650000        64955         2.86
       1.947     0.700000        69931         3.33
       2.139     0.750000        74944         4.00
       2.253     0.775000        77421         4.44
       2.393     0.800000        79933         5.00
       2.573     0.825000        82421         5.71
       2.803     0.850000        84916         6.67
       3.137     0.875000        87407         8.00
       3.359     0.887500        88658         8.89
       3.633     0.900000        89905        10.00
       3.997     0.912500        91153        11.43
       4.499     0.925000        92403        13.33
       5.259     0.937500        93651        16.00
       5.779     0.943750        94280        17.78
       6.391     0.950000        94901        20.00
       7.115     0.956250        95523        22.86
       8.003     0.962500        96148        26.67
       9.271     0.968750        96771        32.00
      10.047     0.971875        97083        35.56
      10.863     0.975000        97396        40.00
      11.871     0.978125        97708        45.71
      12.895     0.981250        98023        53.33
      14.063     0.984375        98333        64.00
      14.639     0.985938        98489        71.11
      15.255     0.987500        98644        80.00
      15.999     0.989062        98800        91.43
      16.959     0.990625        98962       106.67
      18.095     0.992188        99113       128.00
      18.703     0.992969        99192       142.22
      19.391     0.993750        99269       160.00
      20.223     0.994531        99346       182.86
      21.279     0.995313        99424       213.33
      22.815     0.996094        99502       256.00
      23.487     0.996484        99542       284.44
      24.415     0.996875        99580       320.00
      25.759     0.997266        99620       365.71
      27.503     0.997656        99658       426.67
      30.287     0.998047        99697       512.00
      31.663     0.998242        99717       568.89
      33.119     0.998437        99736       640.00
      34.495     0.998633        99756       731.43
      35.903     0.998828        99775       853.33
      37.599     0.999023        99795      1024.00
      38.399     0.999121        99805      1137.78
      39.007     0.999219        99814      1280.00
      39.615     0.999316        99824      1462.86
      40.351     0.999414        99834      1706.67
      41.247     0.999512        99844      2048.00
      41.471     0.999561        99850      2275.56
      41.727     0.999609        99853      2560.00
      42.111     0.999658        99860      2925.71
      42.335     0.999707        99863      3413.33
      42.879     0.999756        99868      4096.00
      43.103     0.999780        99871      4551.11
      43.199     0.999805        99873      5120.00
      43.519     0.999829        99875      5851.43
      43.647     0.999854        99879      6826.67
      43.679     0.999878        99880      8192.00
      43.999     0.999890        99882      9102.22
      44.063     0.999902        99883     10240.00
      44.223     0.999915        99884     11702.86
      44.383     0.999927        99885     13653.33
      44.415     0.999939        99886     16384.00
      44.511     0.999945        99887     18204.44
      45.023     0.999951        99888     20480.00
      45.023     0.999957        99888     23405.71
      45.343     0.999963        99889     27306.67
      45.343     0.999969        99889     32768.00
      45.631     0.999973        99890     36408.89
      45.631     0.999976        99890     40960.00
      45.631     0.999979        99890     46811.43
      45.887     0.999982        99891     54613.33
      45.887     0.999985        99891     65536.00
      45.887     0.999986        99891     72817.78
      45.887     0.999988        99891     81920.00
      45.887     0.999989        99891     93622.86
      46.399     0.999991        99892    109226.67
      46.399     1.000000        99892          inf
#[Mean    =        2.182, StdDeviation   =        3.075]
#[Max     =       46.368, Total count    =        99892]
#[Buckets =           27, SubBuckets     =         2048]
----------------------------------------------------------
  99898 requests in 10.00s, 16.67MB read
Requests/sec:   9989.22
Transfer/sec:      1.67MB
