Running 10s test @ http://localhost
  2 threads and 10 connections
  Thread Stats   Avg      Stdev     Max   +/- Stdev
    Latency     2.37ms    3.63ms  63.68ms   93.31%
    Req/Sec       -nan      -nan   0.00      0.00%
  Latency Distribution (HdrHistogram - Recorded Latency)
 50.000%    1.43ms
 75.000%    2.18ms
 90.000%    4.23ms
 99.000%   18.16ms
 99.900%   43.29ms
 99.990%   60.58ms
 99.999%   63.71ms
100.000%   63.71ms

  Detailed Percentile spectrum:
       Value   Percentile   TotalCount 1/(1-Percentile)

       0.123     0.000000            1         1.00
       0.656     0.100000         9990         1.11
       0.869     0.200000        20005         1.25
       1.049     0.300000        29970         1.43
       1.237     0.400000        40001         1.67
       1.434     0.500000        49944         2.00
       1.543     0.550000        54951         2.22
       1.666     0.600000        59933         2.50
       1.810     0.650000        64955         2.86
       1.974     0.700000        69947         3.33
       2.185     0.750000        74921         4.00
       2.325     0.775000        77431         4.44
       2.489     0.800000        79928         5.00
       2.717     0.825000        82420         5.71
       3.037     0.850000        84918         6.67
       3.499     0.875000        87403         8.00
       3.807     0.887500        88656         8.89
       4.227     0.900000        89902        10.00
       4.747     0.912500        91148        11.43
       5.451     0.925000        92399        13.33
       6.387     0.937500        93648        16.00
       7.039     0.943750        94269        17.78
       7.779     0.950000        94897        20.00
       8.655     0.956250        95521        22.86
       9.647     0.962500        96142        26.67
      10.871     0.968750        96768        32.00
      11.487     0.971875        97082        35.56
      12.191     0.975000        97392        40.00
      12.967     0.978125        97702        45.71
      13.951     0.981250        98015        53.33
      15.143     0.984375        98328        64.00
      15.799     0.985938        98483        71.11
      16.655     0.987500        98642        80.00
      17.519     0.989062        98796        91.43
      18.639     0.990625        98953       106.67
      19.967     0.992188        99107       128.00
      20.751     0.992969        99185       142.22
      21.823     0.993750        99263       160.00
      22.783     0.994531        99341       182.86
      23.919     0.995313        99420       213.33
      25.839     0.996094        99497       256.00
      27.951     0.996484        99536       284.44
      30.095     0.996875        99575       320.00
      32.351     0.997266        99615       365.71
      35.263     0.997656        99654       426.67
      37.599     0.998047        99692       512.00
      38.815     0.998242        99712       568.89
      39.359     0.998437        99732       640.00
      40.095     0.998633        99751       731.43
      41.567     0.998828        99770       853.33
      43.711     0.999023        99790      1024.00
      44.831     0.999121        99801      1137.78
      45.823     0.999219        99809      1280.00
      47.039     0.999316        99820      1462.86
      48.895     0.999414        99830      1706.67
      50.463     0.999512        99839      2048.00
      50.751     0.999561        99844      2275.56
      51.135     0.999609        99848      2560.00
      52.607     0.999658        99853      2925.71
      53.311     0.999707        99858      3413.33
      55.135     0.999756        99863      4096.00
      56.703     0.999780        99866      4551.11
      57.919     0.999805        99868      5120.00
      58.943     0.999829        99870      5851.43
      59.295     0.999854        99873      6826.67
      59.583     0.999878        99875      8192.00
      60.575     0.999890        99877      9102.22
      61.023     0.999902        99878     10240.00
      61.791     0.999915        99879     11702.86
      62.399     0.999927        99880     13653.33
      62.431     0.999939        99881     16384.00
      62.719     0.999945        99882     18204.44
      63.167     0.999951        99883     20480.00
      63.167     0.999957        99883     23405.71
      63.199     0.999963        99885     27306.67
      63.199     0.999969        99885     32768.00
      63.199     0.999973        99885     36408.89
      63.199     0.999976        99885     40960.00
      63.199     0.999979        99885     46811.43
      63.711     0.999982        99887     54613.33
      63.711     1.000000        99887          inf
#[Mean    =        2.366, StdDeviation   =        3.630]
#[Max     =       63.680, Total count    =        99887]
#[Buckets =           27, SubBuckets     =         2048]
----------------------------------------------------------
  99889 requests in 10.00s, 16.67MB read
Requests/sec:   9989.04
Transfer/sec:      1.67MB
