Running 10s test @ http://localhost
  2 threads and 10 connections
  Thread Stats   Avg      Stdev     Max   +/- Stdev
    Latency     2.08ms    2.19ms  24.53ms   91.13%
    Req/Sec       -nan      -nan   0.00      0.00%
  Latency Distribution (HdrHistogram - Recorded Latency)
 50.000%    1.46ms
 75.000%    2.21ms
 90.000%    3.94ms
 99.000%   12.17ms
 99.900%   18.64ms
 99.990%   23.17ms
 99.999%   24.50ms
100.000%   24.54ms

  Detailed Percentile spectrum:
       Value   Percentile   TotalCount 1/(1-Percentile)

       0.123     0.000000            1         1.00
       0.647     0.100000        10008         1.11
       0.852     0.200000        19992         1.25
       1.054     0.300000        29978         1.43
       1.256     0.400000        39942         1.67
       1.459     0.500000        49938         2.00
       1.571     0.550000        54934         2.22
       1.691     0.600000        59920         2.50
       1.829     0.650000        64901         2.86
       1.996     0.700000        69902         3.33
       2.209     0.750000        74904         4.00
       2.337     0.775000        77415         4.44
       2.497     0.800000        79888         5.00
       2.703     0.825000        82368         5.71
       2.979     0.850000        84864         6.67
       3.385     0.875000        87357         8.00
       3.645     0.887500        88611         8.89
       3.945     0.900000        89858        10.00
       4.311     0.912500        91108        11.43
       4.775     0.925000        92351        13.33
       5.395     0.937500        93599        16.00
       5.763     0.943750        94222        17.78
       6.259     0.950000        94849        20.00
       6.779     0.956250        95469        22.86
       7.423     0.962500        96096        26.67
       8.171     0.968750        96719        32.00
       8.607     0.971875        97031        35.56
       9.047     0.975000        97344        40.00
       9.575     0.978125        97653        45.71
      10.079     0.981250        97965        53.33
      10.695     0.984375        98277        64.00
      11.015     0.985938        98435        71.11
      11.431     0.987500        98588        80.00
      11.879     0.989062        98745        91.43
      12.415     0.990625        98900       106.67
      13.063     0.992188        99057       128.00
      13.479     0.992969        99134       142.22
      13.831     0.993750        99218       160.00
      14.191     0.994531        99290       182.86
      14.639     0.995313        99368       213.33
      15.151     0.996094        99446       256.00
      15.375     0.996484        99485       284.44
      15.671     0.996875        99525       320.00
      15.959     0.997266        99564       365.71
      16.287     0.997656        99602       426.67
      16.847     0.998047        99643       512.00
      17.071     0.998242        99660       568.89
      17.327     0.998437        99680       640.00
      17.599     0.998633        99699       731.43
      18.111     0.998828        99719       853.33
      18.687     0.999023        99738      1024.00
      18.991     0.999121        99749      1137.78
      19.375     0.999219        99758      1280.00
      19.727     0.999316        99767      1462.86
      20.159     0.999414        99777      1706.67
      20.511     0.999512        99787      2048.00
      20.719     0.999561        99792      2275.56
      20.911     0.999609        99797      2560.00
      21.039     0.999658        99801      2925.71
      21.535     0.999707        99806      3413.33
      21.791     0.999756        99811      4096.00
      21.887     0.999780        99814      4551.11
      22.175     0.999805        99816      5120.00
      22.399     0.999829        99818      5851.43
      22.751     0.999854        99821      6826.67
      22.959     0.999878        99823      8192.00
      23.167     0.999890        99826      9102.22
      23.167     0.999902        99826     10240.00
      23.199     0.999915        99827     11702.86
      23.311     0.999927        99828     13653.33
      23.695     0.999939        99829     16384.00
      23.759     0.999945        99830     18204.44
      23.887     0.999951        99831     20480.00
      23.887     0.999957        99831     23405.71
      24.111     0.999963        99832     27306.67
      24.111     0.999969        99832     32768.00
      24.399     0.999973        99833     36408.89
      24.399     0.999976        99833     40960.00
      24.399     0.999979        99833     46811.43
      24.495     0.999982        99834     54613.33
      24.495     0.999985        99834     65536.00
      24.495     0.999986        99834     72817.78
      24.495     0.999988        99834     81920.00
      24.495     0.999989        99834     93622.86
      24.543     0.999991        99835    109226.67
      24.543     1.000000        99835          inf
#[Mean    =        2.079, StdDeviation   =        2.193]
#[Max     =       24.528, Total count    =        99835]
#[Buckets =           27, SubBuckets     =         2048]
----------------------------------------------------------
  99837 requests in 10.00s, 16.66MB read
Requests/sec:   9984.19
Transfer/sec:      1.67MB
