Running 10s test @ http://localhost
  2 threads and 10 connections
  Thread Stats   Avg      Stdev     Max   +/- Stdev
    Latency     2.80ms    4.96ms  48.74ms   93.65%
    Req/Sec       -nan      -nan   0.00      0.00%
  Latency Distribution (HdrHistogram - Recorded Latency)
 50.000%    1.50ms
 75.000%    2.34ms
 90.000%    4.62ms
 99.000%   31.42ms
 99.900%   41.89ms
 99.990%   47.52ms
 99.999%   48.74ms
100.000%   48.77ms

  Detailed Percentile spectrum:
       Value   Percentile   TotalCount 1/(1-Percentile)

       0.135     0.000000            1         1.00
       0.647     0.100000         9997         1.11
       0.864     0.200000        19983         1.25
       1.074     0.300000        29947         1.43
       1.283     0.400000        39941         1.67
       1.496     0.500000        49907         2.00
       1.614     0.550000        54908         2.22
       1.745     0.600000        59913         2.50
       1.902     0.650000        64897         2.86
       2.087     0.700000        69863         3.33
       2.335     0.750000        74873         4.00
       2.493     0.775000        77369         4.44
       2.679     0.800000        79843         5.00
       2.933     0.825000        82336         5.71
       3.275     0.850000        84832         6.67
       3.785     0.875000        87325         8.00
       4.135     0.887500        88580         8.89
       4.623     0.900000        89823        10.00
       5.363     0.912500        91066        11.43
       6.427     0.925000        92318        13.33
       7.895     0.937500        93563        16.00
       8.903     0.943750        94185        17.78
      10.103     0.950000        94812        20.00
      11.375     0.956250        95433        22.86
      12.951     0.962500        96062        26.67
      15.023     0.968750        96683        32.00
      16.383     0.971875        96994        35.56
      18.015     0.975000        97305        40.00
      20.015     0.978125        97619        45.71
      22.191     0.981250        97928        53.33
      25.215     0.984375        98242        64.00
      26.911     0.985938        98397        71.11
      28.703     0.987500        98553        80.00
      30.335     0.989062        98708        91.43
      32.063     0.990625        98865       106.67
      33.727     0.992188        99022       128.00
      34.655     0.992969        99099       142.22
      35.391     0.993750        99179       160.00
      35.999     0.994531        99253       182.86
      36.863     0.995313        99333       213.33
      37.791     0.996094        99412       256.00
      38.207     0.996484        99452       284.44
      38.623     0.996875        99489       320.00
      39.135     0.997266        99527       365.71
      39.775     0.997656        99571       426.67
      40.159     0.998047        99609       512.00
      40.447     0.998242        99625       568.89
      40.735     0.998437        99644       640.00
      41.151     0.998633        99663       731.43
      41.567     0.998828        99684       853.33
      41.919     0.999023        99702      1024.00
      42.367     0.999121        99712      1137.78
      42.719     0.999219        99721      1280.00
      43.103     0.999316        99730      1462.86
      43.679     0.999414        99741      1706.67
      44.031     0.999512        99750      2048.00
      44.511     0.999561        99755      2275.56
      45.151     0.999609        99760      2560.00
      45.375     0.999658        99764      2925.71
      45.727     0.999707        99769      3413.33
      46.175     0.999756        99774      4096.00
      46.367     0.999780        99777      4551.11
      46.431     0.999805        99780      5120.00
      46.719     0.999829        99781      5851.43
      47.071     0.999854        99784      6826.67
      47.455     0.999878        99787      8192.00
      47.519     0.999890        99788      9102.22
      47.551     0.999902        99789     10240.00
      47.615     0.999915        99791     11702.86
      47.615     0.999927        99791     13653.33
      47.711     0.999939        99792     16384.00
      47.775     0.999945        99793     18204.44
      48.191     0.999951        99794     20480.00
      48.191     0.999957        99794     23405.71
      48.351     0.999963        99795     27306.67
      48.351     0.999969        99795     32768.00
      48.671     0.999973        99796     36408.89
      48.671     0.999976        99796     40960.00
      48.671     0.999979        99796     46811.43
      48.735     0.999982        99797     54613.33
      48.735     0.999985        99797     65536.00
      48.735     0.999986        99797     72817.78
      48.735     0.999988        99797     81920.00
      48.735     0.999989        99797     93622.86
      48.767     0.999991        99798    109226.67
      48.767     1.000000        99798          inf
#[Mean    =        2.803, StdDeviation   =        4.956]
#[Max     =       48.736, Total count    =        99798]
#[Buckets =           27, SubBuckets     =         2048]
----------------------------------------------------------
  99807 requests in 10.00s, 16.66MB read
Requests/sec:   9979.74
Transfer/sec:      1.67MB
