Running 10s test @ http://localhost
  2 threads and 10 connections
  Thread Stats   Avg      Stdev     Max   +/- Stdev
    Latency     2.55ms    3.55ms  59.42ms   92.32%
    Req/Sec       -nan      -nan   0.00      0.00%
  Latency Distribution (HdrHistogram - Recorded Latency)
 50.000%    1.57ms
 75.000%    2.51ms
 90.000%    4.97ms
 99.000%   18.64ms
 99.900%   38.78ms
 99.990%   58.53ms
 99.999%   59.42ms
100.000%   59.46ms

  Detailed Percentile spectrum:
       Value   Percentile   TotalCount 1/(1-Percentile)

       0.096     0.000000            1         1.00
       0.667     0.100000         9990         1.11
       0.910     0.200000        19990         1.25
       1.131     0.300000        30019         1.43
       1.345     0.400000        39978         1.67
       1.573     0.500000        49979         2.00
       1.697     0.550000        54951         2.22
       1.843     0.600000        59952         2.50
       2.014     0.650000        64951         2.86
       2.229     0.700000        69956         3.33
       2.507     0.750000        74934         4.00
       2.689     0.775000        77420         4.44
       2.933     0.800000        79918         5.00
       3.231     0.825000        82412         5.71
       3.627     0.850000        84911         6.67
       4.167     0.875000        87405         8.00
       4.523     0.887500        88657         8.89
       4.967     0.900000        89904        10.00
       5.519     0.912500        91149        11.43
       6.215     0.925000        92401        13.33
       7.103     0.937500        93650        16.00
       7.647     0.943750        94272        17.78
       8.319     0.950000        94899        20.00
       9.047     0.956250        95524        22.86
       9.911     0.962500        96150        26.67
      10.887     0.968750        96771        32.00
      11.479     0.971875        97080        35.56
      12.215     0.975000        97393        40.00
      13.071     0.978125        97704        45.71
      14.047     0.981250        98019        53.33
      15.263     0.984375        98330        64.00
      16.015     0.985938        98486        71.11
      16.927     0.987500        98643        80.00
      17.999     0.989062        98798        91.43
      19.071     0.990625        98954       106.67
      20.143     0.992188        99109       128.00
      20.703     0.992969        99188       142.22
      21.343     0.993750        99267       160.00
      22.191     0.994531        99343       182.86
      23.439     0.995313        99421       213.33
      24.559     0.996094        99500       256.00
      25.199     0.996484        99538       284.44
      26.031     0.996875        99577       320.00
      26.879     0.997266        99616       365.71
      27.983     0.997656        99655       426.67
      29.119     0.998047        99694       512.00
      29.791     0.998242        99714       568.89
      30.511     0.998437        99734       640.00
      31.567     0.998633        99753       731.43
      34.591     0.998828        99772       853.33
      39.455     0.999023        99792      1024.00
      43.775     0.999121        99802      1137.78
      47.231     0.999219        99811      1280.00
      49.599     0.999316        99821      1462.86
      52.287     0.999414        99831      1706.67
      54.591     0.999512        99841      2048.00
      55.167     0.999561        99846      2275.56
      55.743     0.999609        99850      2560.00
      56.319     0.999658        99855      2925.71
      56.959     0.999707        99861      3413.33
      57.375     0.999756        99867      4096.00
      57.535     0.999780        99868      4551.11
      57.759     0.999805        99870      5120.00
      57.951     0.999829        99872      5851.43
      58.175     0.999854        99876      6826.67
      58.335     0.999878        99877      8192.00
      58.527     0.999890        99880      9102.22
      58.527     0.999902        99880     10240.00
      58.623     0.999915        99881     11702.86
      58.751     0.999927        99882     13653.33
      58.879     0.999939        99883     16384.00
      58.943     0.999945        99884     18204.44
      59.039     0.999951        99885     20480.00
      59.039     0.999957        99885     23405.71
      59.103     0.999963        99886     27306.67
      59.103     0.999969        99886     32768.00
      59.231     0.999973        99887     36408.89
      59.231     0.999976        99887     40960.00
      59.231     0.999979        99887     46811.43
      59.423     0.999982        99888     54613.33
      59.423     0.999985        99888     65536.00
      59.423     0.999986        99888     72817.78
      59.423     0.999988        99888     81920.00
      59.423     0.999989        99888     93622.86
      59.455     0.999991        99889    109226.67
      59.455     1.000000        99889          inf
#[Mean    =        2.552, StdDeviation   =        3.547]
#[Max     =       59.424, Total count    =        99889]
#[Buckets =           27, SubBuckets     =         2048]
----------------------------------------------------------
  99891 requests in 10.00s, 16.67MB read
Requests/sec:   9989.20
Transfer/sec:      1.67MB
