Running 10s test @ http://localhost
  2 threads and 10 connections
  Thread Stats   Avg      Stdev     Max   +/- Stdev
    Latency     2.19ms    2.76ms  35.10ms   93.88%
    Req/Sec       -nan      -nan   0.00      0.00%
  Latency Distribution (HdrHistogram - Recorded Latency)
 50.000%    1.51ms
 75.000%    2.27ms
 90.000%    3.64ms
 99.000%   16.98ms
 99.900%   26.14ms
 99.990%   33.53ms
 99.999%   34.78ms
100.000%   35.13ms

  Detailed Percentile spectrum:
       Value   Percentile   TotalCount 1/(1-Percentile)

       0.108     0.000000            1         1.00
       0.650     0.100000        10004         1.11
       0.875     0.200000        20001         1.25
       1.094     0.300000        30006         1.43
       1.303     0.400000        39981         1.67
       1.513     0.500000        49975         2.00
       1.629     0.550000        54935         2.22
       1.755     0.600000        59956         2.50
       1.899     0.650000        64929         2.86
       2.067     0.700000        69929         3.33
       2.267     0.750000        74929         4.00
       2.385     0.775000        77409         4.44
       2.531     0.800000        79916         5.00
       2.707     0.825000        82409         5.71
       2.925     0.850000        84915         6.67
       3.223     0.875000        87395         8.00
       3.413     0.887500        88650         8.89
       3.643     0.900000        89888        10.00
       3.917     0.912500        91139        11.43
       4.287     0.925000        92391        13.33
       4.883     0.937500        93634        16.00
       5.355     0.943750        94261        17.78
       5.927     0.950000        94885        20.00
       6.663     0.956250        95508        22.86
       7.663     0.962500        96130        26.67
       8.895     0.968750        96753        32.00
       9.639     0.971875        97067        35.56
      10.575     0.975000        97378        40.00
      11.647     0.978125        97692        45.71
      12.799     0.981250        98005        53.33
      14.231     0.984375        98315        64.00
      14.799     0.985938        98470        71.11
      15.615     0.987500        98626        80.00
      16.447     0.989062        98782        91.43
      17.359     0.990625        98940       106.67
      18.207     0.992188        99100       128.00
      18.591     0.992969        99173       142.22
      18.959     0.993750        99251       160.00
      19.439     0.994531        99328       182.86
      19.919     0.995313        99407       213.33
      20.639     0.996094        99485       256.00
      21.039     0.996484        99523       284.44
      21.567     0.996875        99563       320.00
      22.143     0.997266        99601       365.71
      22.815     0.997656        99641       426.67
      23.439     0.998047        99679       512.00
      24.031     0.998242        99699       568.89
      24.607     0.998437        99719       640.00
      25.135     0.998633        99739       731.43
      25.759     0.998828        99758       853.33
      26.239     0.999023        99777      1024.00
      26.511     0.999121        99787      1137.78
      26.783     0.999219        99796      1280.00
      27.087     0.999316        99806      1462.86
      27.839     0.999414        99816      1706.67
      28.767     0.999512        99826      2048.00
      29.311     0.999561        99831      2275.56
      30.127     0.999609        99835      2560.00
      30.943     0.999658        99840      2925.71
      31.263     0.999707        99845      3413.33
      31.631     0.999756        99850      4096.00
      31.919     0.999780        99853      4551.11
      32.207     0.999805        99855      5120.00
      32.303     0.999829        99857      5851.43
      32.991     0.999854        99861      6826.67
      33.055     0.999878        99862      8192.00
      33.535     0.999890        99864      9102.22
      33.599     0.999902        99865     10240.00
      33.663     0.999915        99867     11702.86
      33.663     0.999927        99867     13653.33
      33.919     0.999939        99868     16384.00
      34.079     0.999945        99869     18204.44
      34.303     0.999951        99870     20480.00
      34.303     0.999957        99870     23405.71
      34.463     0.999963        99871     27306.67
      34.463     0.999969        99871     32768.00
      34.687     0.999973        99872     36408.89
      34.687     0.999976        99872     40960.00
      34.687     0.999979        99872     46811.43
      34.783     0.999982        99873     54613.33
      34.783     0.999985        99873     65536.00
      34.783     0.999986        99873     72817.78
      34.783     0.999988        99873     81920.00
      34.783     0.999989        99873     93622.86
      35.135     0.999991        99874    109226.67
      35.135     1.000000        99874          inf
#[Mean    =        2.194, StdDeviation   =        2.764]
#[Max     =       35.104, Total count    =        99874]
#[Buckets =           27, SubBuckets     =         2048]
----------------------------------------------------------
  99880 requests in 10.00s, 16.67MB read
Requests/sec:   9987.27
Transfer/sec:      1.67MB
