Running 10s test @ http://localhost
  2 threads and 10 connections
  Thread Stats   Avg      Stdev     Max   +/- Stdev
    Latency     2.71ms    4.30ms  71.04ms   92.96%
    Req/Sec       -nan      -nan   0.00      0.00%
  Latency Distribution (HdrHistogram - Recorded Latency)
 50.000%    1.54ms
 75.000%    2.52ms
 90.000%    5.19ms
 99.000%   23.07ms
 99.900%   50.37ms
 99.990%   66.62ms
 99.999%   71.04ms
100.000%   71.10ms

  Detailed Percentile spectrum:
       Value   Percentile   TotalCount 1/(1-Percentile)

       0.106     0.000000            1         1.00
       0.666     0.100000        10017         1.11
       0.889     0.200000        20020         1.25
       1.099     0.300000        29968         1.43
       1.319     0.400000        39993         1.67
       1.542     0.500000        49962         2.00
       1.673     0.550000        54943         2.22
       1.820     0.600000        59941         2.50
       1.993     0.650000        64921         2.86
       2.213     0.700000        69922         3.33
       2.517     0.750000        74913         4.00
       2.715     0.775000        77418         4.44
       2.967     0.800000        79906         5.00
       3.299     0.825000        82393         5.71
       3.725     0.850000        84893         6.67
       4.303     0.875000        87389         8.00
       4.687     0.887500        88640         8.89
       5.191     0.900000        89891        10.00
       5.847     0.912500        91134        11.43
       6.675     0.925000        92384        13.33
       7.695     0.937500        93632        16.00
       8.303     0.943750        94256        17.78
       8.991     0.950000        94880        20.00
       9.839     0.956250        95500        22.86
      10.895     0.962500        96130        26.67
      12.271     0.968750        96749        32.00
      13.047     0.971875        97065        35.56
      13.871     0.975000        97373        40.00
      14.767     0.978125        97686        45.71
      16.191     0.981250        97998        53.33
      18.543     0.984375        98310        64.00
      19.679     0.985938        98468        71.11
      20.975     0.987500        98621        80.00
      22.127     0.989062        98778        91.43
      23.615     0.990625        98936       106.67
      25.071     0.992188        99091       128.00
      26.063     0.992969        99168       142.22
      27.199     0.993750        99246       160.00
      29.295     0.994531        99325       182.86
      30.879     0.995313        99403       213.33
      32.719     0.996094        99479       256.00
      33.599     0.996484        99518       284.44
      34.975     0.996875        99557       320.00
      36.479     0.997266        99597       365.71
      38.815     0.997656        99635       426.67
      41.087     0.998047        99674       512.00
      42.911     0.998242        99694       568.89
      45.023     0.998437        99713       640.00
      46.559     0.998633        99733       731.43
      47.679     0.998828        99752       853.33
      50.687     0.999023        99772      1024.00
      51.551     0.999121        99783      1137.78
      52.319     0.999219        99791      1280.00
      52.831     0.999316        99801      1462.86
      53.247     0.999414        99811      1706.67
      54.399     0.999512        99821      2048.00
      55.775     0.999561        99826      2275.56
      56.703     0.999609        99830      2560.00
      58.559     0.999658        99835      2925.71
      59.519     0.999707        99840      3413.33
      60.479     0.999756        99845      4096.00
      61.983     0.999780        99848      4551.11
      62.911     0.999805        99850      5120.00
      63.359     0.999829        99852      5851.43
      64.895     0.999854        99855      6826.67
      65.439     0.999878        99857      8192.00
      66.623     0.999890        99859      9102.22
      67.071     0.999902        99860     10240.00
      67.711     0.999915        99861     11702.86
      68.351     0.999927        99862     13653.33
      68.991     0.999939        99863     16384.00
      69.695     0.999945        99864     18204.44
      70.271     0.999951        99865     20480.00
      70.271     0.999957        99865     23405.71
      70.399     0.999963        99866     27306.67
      70.399     0.999969        99866     32768.00
      70.975     0.999973        99867     36408.89
      70.975     0.999976        99867     40960.00
      70.975     0.999979        99867     46811.43
      71.039     0.999982        99868     54613.33
      71.039     0.999985        99868     65536.00
      71.039     0.999986        99868     72817.78
      71.039     0.999988        99868     81920.00
      71.039     0.999989        99868     93622.86
      71.103     0.999991        99869    109226.67
      71.103     1.000000        99869          inf
#[Mean    =        2.713, StdDeviation   =        4.304]
#[Max     =       71.040, Total count    =        99869]
#[Buckets =           27, SubBuckets     =         2048]
----------------------------------------------------------
  99872 requests in 10.00s, 16.67MB read
Requests/sec:   9987.10
Transfer/sec:      1.67MB
