Running 10s test @ http://localhost
  2 threads and 10 connections
  Thread Stats   Avg      Stdev     Max   +/- Stdev
    Latency    35.03ms   66.24ms 371.71ms   86.54%
    Req/Sec       -nan      -nan   0.00      0.00%
  Latency Distribution (HdrHistogram - Recorded Latency)
 50.000%    2.40ms
 75.000%   33.31ms
 90.000%  137.73ms
 99.000%  289.79ms
 99.900%  366.33ms
 99.990%  371.20ms
 99.999%  371.71ms
100.000%  371.97ms

  Detailed Percentile spectrum:
       Value   Percentile   TotalCount 1/(1-Percentile)

       0.081     0.000000            1         1.00
       0.775     0.100000         9827         1.11
       1.084     0.200000        19616         1.25
       1.402     0.300000        29394         1.43
       1.777     0.400000        39205         1.67
       2.405     0.500000        48989         2.00
       3.067     0.550000        53889         2.22
       4.511     0.600000        58779         2.50
       9.231     0.650000        63678         2.86
      19.039     0.700000        68576         3.33
      33.311     0.750000        73470         4.00
      42.751     0.775000        75919         4.44
      54.111     0.800000        78369         5.00
      67.775     0.825000        80817         5.71
      88.191     0.850000        83267         6.67
     114.559     0.875000        85717         8.00
     129.023     0.887500        86940         8.89
     137.727     0.900000        88179        10.00
     144.511     0.912500        89390        11.43
     155.007     0.925000        90615        13.33
     166.655     0.937500        91840        16.00
     173.695     0.943750        92454        17.78
     184.959     0.950000        93073        20.00
     196.479     0.956250        93681        22.86
     207.743     0.962500        94294        26.67
     229.631     0.968750        94902        32.00
     245.375     0.971875        95214        35.56
     252.287     0.975000        95512        40.00
     257.791     0.978125        95817        45.71
     266.495     0.981250        96127        53.33
     277.247     0.984375        96435        64.00
     281.087     0.985938        96586        71.11
     284.415     0.987500        96738        80.00
     287.999     0.989062        96901        91.43
     291.583     0.990625        97049       106.67
     296.959     0.992188        97201       128.00
     303.871     0.992969        97271       142.22
     326.911     0.993750        97350       160.00
     330.239     0.994531        97424       182.86
     333.823     0.995313        97505       213.33
     336.895     0.996094        97577       256.00
     341.247     0.996484        97618       284.44
     345.087     0.996875        97654       320.00
     350.975     0.997266        97693       365.71
     356.607     0.997656        97731       426.67
     360.191     0.998047        97768       512.00
     361.471     0.998242        97789       568.89
     362.495     0.998437        97808       640.00
     363.519     0.998633        97827       731.43
     365.055     0.998828        97848       853.33
     366.591     0.999023        97864      1024.00
     367.359     0.999121        97873      1137.78
     367.871     0.999219        97889      1280.00
     368.127     0.999316        97894      1462.86
     368.639     0.999414        97903      1706.67
     369.407     0.999512        97915      2048.00
     369.663     0.999561        97924      2275.56
     369.663     0.999609        97924      2560.00
     369.919     0.999658        97926      2925.71
     370.175     0.999707        97932      3413.33
     370.431     0.999756        97936      4096.00
     370.687     0.999780        97943      4551.11
     370.687     0.999805        97943      5120.00
     370.687     0.999829        97943      5851.43
     370.943     0.999854        97947      6826.67
     371.199     0.999878        97952      8192.00
     371.199     0.999890        97952      9102.22
     371.199     0.999902        97952     10240.00
     371.199     0.999915        97952     11702.86
     371.199     0.999927        97952     13653.33
     371.455     0.999939        97955     16384.00
     371.455     0.999945        97955     18204.44
     371.455     0.999951        97955     20480.00
     371.455     0.999957        97955     23405.71
     371.711     0.999963        97958     27306.67
     371.711     0.999969        97958     32768.00
     371.711     0.999973        97958     36408.89
     371.711     0.999976        97958     40960.00
     371.711     0.999979        97958     46811.43
     371.711     0.999982        97958     54613.33
     371.711     0.999985        97958     65536.00
     371.711     0.999986        97958     72817.78
     371.711     0.999988        97958     81920.00
     371.711     0.999989        97958     93622.86
     371.967     0.999991        97959    109226.67
     371.967     1.000000        97959          inf
#[Mean    =       35.032, StdDeviation   =       66.235]
#[Max     =      371.712, Total count    =        97959]
#[Buckets =           27, SubBuckets     =         2048]
----------------------------------------------------------
  97966 requests in 10.00s, 16.35MB read
Requests/sec:   9796.70
Transfer/sec:      1.64MB
