Running 10s test @ http://localhost
  2 threads and 10 connections
  Thread Stats   Avg      Stdev     Max   +/- Stdev
    Latency     2.57ms    4.28ms  44.03ms   94.04%
    Req/Sec       -nan      -nan   0.00      0.00%
  Latency Distribution (HdrHistogram - Recorded Latency)
 50.000%    1.49ms
 75.000%    2.27ms
 90.000%    4.10ms
 99.000%   27.68ms
 99.900%   37.85ms
 99.990%   42.40ms
 99.999%   44.03ms
100.000%   44.06ms

  Detailed Percentile spectrum:
       Value   Percentile   TotalCount 1/(1-Percentile)

       0.108     0.000000            1         1.00
       0.651     0.100000        10024         1.11
       0.873     0.200000        20011         1.25
       1.076     0.300000        30009         1.43
       1.275     0.400000        39974         1.67
       1.485     0.500000        49966         2.00
       1.600     0.550000        54940         2.22
       1.730     0.600000        59928         2.50
       1.875     0.650000        64933         2.86
       2.043     0.700000        69929         3.33
       2.269     0.750000        74927         4.00
       2.407     0.775000        77432         4.44
       2.569     0.800000        79912         5.00
       2.781     0.825000        82408         5.71
       3.075     0.850000        84907         6.67
       3.479     0.875000        87403         8.00
       3.753     0.887500        88643         8.89
       4.103     0.900000        89892        10.00
       4.571     0.912500        91150        11.43
       5.299     0.925000        92389        13.33
       6.491     0.937500        93639        16.00
       7.303     0.943750        94261        17.78
       8.335     0.950000        94888        20.00
       9.511     0.956250        95511        22.86
      10.967     0.962500        96137        26.67
      12.815     0.968750        96760        32.00
      13.847     0.971875        97072        35.56
      15.199     0.975000        97383        40.00
      16.799     0.978125        97696        45.71
      18.639     0.981250        98007        53.33
      20.943     0.984375        98319        64.00
      22.495     0.985938        98475        71.11
      24.383     0.987500        98636        80.00
      26.479     0.989062        98787        91.43
      28.255     0.990625        98943       106.67
      30.063     0.992188        99099       128.00
      30.879     0.992969        99178       142.22
      31.903     0.993750        99256       160.00
      32.543     0.994531        99334       182.86
      33.151     0.995313        99412       213.33
      33.823     0.996094        99490       256.00
      34.239     0.996484        99528       284.44
      34.623     0.996875        99571       320.00
      35.007     0.997266        99606       365.71
      35.519     0.997656        99646       426.67
      35.999     0.998047        99685       512.00
      36.255     0.998242        99705       568.89
      36.575     0.998437        99724       640.00
      36.895     0.998633        99745       731.43
      37.407     0.998828        99764       853.33
      37.919     0.999023        99783      1024.00
      38.111     0.999121        99792      1137.78
      38.335     0.999219        99801      1280.00
      38.815     0.999316        99811      1462.86
      39.295     0.999414        99821      1706.67
      39.839     0.999512        99831      2048.00
      40.031     0.999561        99836      2275.56
      40.287     0.999609        99840      2560.00
      40.735     0.999658        99845      2925.71
      40.991     0.999707        99850      3413.33
      41.279     0.999756        99855      4096.00
      41.567     0.999780        99858      4551.11
      41.695     0.999805        99860      5120.00
      41.887     0.999829        99862      5851.43
      42.175     0.999854        99865      6826.67
      42.303     0.999878        99867      8192.00
      42.399     0.999890        99869      9102.22
      42.463     0.999902        99870     10240.00
      42.591     0.999915        99872     11702.86
      42.591     0.999927        99872     13653.33
      42.815     0.999939        99873     16384.00
      42.847     0.999945        99874     18204.44
      43.199     0.999951        99875     20480.00
      43.199     0.999957        99875     23405.71
      43.743     0.999963        99876     27306.67
      43.743     0.999969        99876     32768.00
      43.967     0.999973        99877     36408.89
      43.967     0.999976        99877     40960.00
      43.967     0.999979        99877     46811.43
      44.031     0.999982        99878     54613.33
      44.031     0.999985        99878     65536.00
      44.031     0.999986        99878     72817.78
      44.031     0.999988        99878     81920.00
      44.031     0.999989        99878     93622.86
      44.063     0.999991        99879    109226.67
      44.063     1.000000        99879          inf
#[Mean    =        2.565, StdDeviation   =        4.282]
#[Max     =       44.032, Total count    =        99879]
#[Buckets =           27, SubBuckets     =         2048]
----------------------------------------------------------
  99885 requests in 10.00s, 16.67MB read
Requests/sec:   9988.54
Transfer/sec:      1.67MB
