Running 10s test @ http://localhost
  2 threads and 10 connections
  Thread Stats   Avg      Stdev     Max   +/- Stdev
    Latency     1.84ms    1.71ms  23.26ms   91.91%
    Req/Sec       -nan      -nan   0.00      0.00%
  Latency Distribution (HdrHistogram - Recorded Latency)
 50.000%    1.41ms
 75.000%    2.10ms
 90.000%    3.20ms
 99.000%    9.79ms
 99.900%   16.74ms
 99.990%   21.30ms
 99.999%   23.07ms
100.000%   23.28ms

  Detailed Percentile spectrum:
       Value   Percentile   TotalCount 1/(1-Percentile)

       0.105     0.000000            1         1.00
       0.632     0.100000        10036         1.11
       0.832     0.200000        19991         1.25
       1.024     0.300000        29985         1.43
       1.216     0.400000        39966         1.67
       1.412     0.500000        49955         2.00
       1.519     0.550000        54974         2.22
       1.633     0.600000        59944         2.50
       1.764     0.650000        64961         2.86
       1.915     0.700000        69934         3.33
       2.095     0.750000        74930         4.00
       2.203     0.775000        77421         4.44
       2.329     0.800000        79913         5.00
       2.473     0.825000        82413         5.71
       2.651     0.850000        84914         6.67
       2.887     0.875000        87403         8.00
       3.033     0.887500        88658         8.89
       3.203     0.900000        89904        10.00
       3.411     0.912500        91151        11.43
       3.677     0.925000        92398        13.33
       4.017     0.937500        93646        16.00
       4.235     0.943750        94271        17.78
       4.507     0.950000        94894        20.00
       4.847     0.956250        95518        22.86
       5.295     0.962500        96142        26.67
       5.871     0.968750        96768        32.00
       6.239     0.971875        97078        35.56
       6.659     0.975000        97388        40.00
       7.119     0.978125        97703        45.71
       7.691     0.981250        98015        53.33
       8.311     0.984375        98325        64.00
       8.695     0.985938        98484        71.11
       9.047     0.987500        98639        80.00
       9.463     0.989062        98795        91.43
      10.023     0.990625        98951       106.67
      10.631     0.992188        99107       128.00
      10.919     0.992969        99183       142.22
      11.263     0.993750        99261       160.00
      11.639     0.994531        99340       182.86
      11.999     0.995313        99417       213.33
      12.583     0.996094        99495       256.00
      12.919     0.996484        99534       284.44
      13.271     0.996875        99573       320.00
      13.599     0.997266        99612       365.71
      14.103     0.997656        99651       426.67
      14.751     0.998047        99690       512.00
      15.087     0.998242        99710       568.89
      15.407     0.998437        99729       640.00
      15.951     0.998633        99749       731.43
      16.375     0.998828        99768       853.33
      16.767     0.999023        99788      1024.00
      17.023     0.999121        99798      1137.78
      17.311     0.999219        99807      1280.00
      17.631     0.999316        99817      1462.86
      17.967     0.999414        99827      1706.67
      18.303     0.999512        99837      2048.00
      18.591     0.999561        99842      2275.56
      18.863     0.999609        99846      2560.00
      19.071     0.999658        99851      2925.71
      19.311     0.999707        99856      3413.33
      19.839     0.999756        99861      4096.00
      20.191     0.999780        99864      4551.11
      20.415     0.999805        99866      5120.00
      20.591     0.999829        99868      5851.43
      20.863     0.999854        99871      6826.67
      21.071     0.999878        99873      8192.00
      21.295     0.999890        99875      9102.22
      21.359     0.999902        99876     10240.00
      21.583     0.999915        99877     11702.86
      21.759     0.999927        99878     13653.33
      21.791     0.999939        99879     16384.00
      21.855     0.999945        99880     18204.44
      21.903     0.999951        99881     20480.00
      21.903     0.999957        99881     23405.71
      22.127     0.999963        99882     27306.67
      22.127     0.999969        99882     32768.00
      22.415     0.999973        99883     36408.89
      22.415     0.999976        99883     40960.00
      22.415     0.999979        99883     46811.43
      23.071     0.999982        99884     54613.33
      23.071     0.999985        99884     65536.00
      23.071     0.999986        99884     72817.78
      23.071     0.999988        99884     81920.00
      23.071     0.999989        99884     93622.86
      23.279     0.999991        99885    109226.67
      23.279     1.000000        99885          inf
#[Mean    =        1.835, StdDeviation   =        1.708]
#[Max     =       23.264, Total count    =        99885]
#[Buckets =           27, SubBuckets     =         2048]
----------------------------------------------------------
  99887 requests in 10.00s, 16.67MB read
Requests/sec:   9988.63
Transfer/sec:      1.67MB
