Running 10s test @ http://localhost
  2 threads and 10 connections
  Thread Stats   Avg      Stdev     Max   +/- Stdev
    Latency     2.09ms    2.80ms  46.08ms   94.11%
    Req/Sec       -nan      -nan   0.00      0.00%
  Latency Distribution (HdrHistogram - Recorded Latency)
 50.000%    1.42ms
 75.000%    2.12ms
 90.000%    3.41ms
 99.000%   15.51ms
 99.900%   30.48ms
 99.990%   43.01ms
 99.999%   45.79ms
100.000%   46.11ms

  Detailed Percentile spectrum:
       Value   Percentile   TotalCount 1/(1-Percentile)

       0.099     0.000000            1         1.00
       0.635     0.100000        10021         1.11
       0.834     0.200000        20004         1.25
       1.029     0.300000        29968         1.43
       1.230     0.400000        40005         1.67
       1.425     0.500000        49979         2.00
       1.529     0.550000        54945         2.22
       1.647     0.600000        59945         2.50
       1.780     0.650000        64968         2.86
       1.927     0.700000        69931         3.33
       2.117     0.750000        74956         4.00
       2.229     0.775000        77440         4.44
       2.365     0.800000        79941         5.00
       2.527     0.825000        82423         5.71
       2.737     0.850000        84922         6.67
       3.017     0.875000        87401         8.00
       3.195     0.887500        88661         8.89
       3.413     0.900000        89899        10.00
       3.681     0.912500        91152        11.43
       4.053     0.925000        92395        13.33
       4.651     0.937500        93645        16.00
       5.103     0.943750        94266        17.78
       5.715     0.950000        94891        20.00
       6.487     0.956250        95517        22.86
       7.307     0.962500        96139        26.67
       8.455     0.968750        96765        32.00
       9.079     0.971875        97076        35.56
       9.791     0.975000        97387        40.00
      10.679     0.978125        97702        45.71
      11.607     0.981250        98012        53.33
      12.671     0.984375        98324        64.00
      13.247     0.985938        98480        71.11
      14.023     0.987500        98637        80.00
      14.975     0.989062        98793        91.43
      15.847     0.990625        98948       106.67
      16.975     0.992188        99105       128.00
      17.711     0.992969        99183       142.22
      18.527     0.993750        99261       160.00
      19.615     0.994531        99339       182.86
      20.975     0.995313        99416       213.33
      22.623     0.996094        99494       256.00
      23.663     0.996484        99533       284.44
      24.799     0.996875        99572       320.00
      25.663     0.997266        99611       365.71
      26.559     0.997656        99650       426.67
      27.471     0.998047        99689       512.00
      27.903     0.998242        99710       568.89
      28.287     0.998437        99728       640.00
      29.071     0.998633        99748       731.43
      29.615     0.998828        99767       853.33
      30.591     0.999023        99787      1024.00
      30.927     0.999121        99797      1137.78
      31.519     0.999219        99806      1280.00
      31.951     0.999316        99816      1462.86
      33.023     0.999414        99827      1706.67
      33.407     0.999512        99837      2048.00
      33.695     0.999561        99841      2275.56
      33.919     0.999609        99845      2560.00
      34.655     0.999658        99850      2925.71
      36.959     0.999707        99855      3413.33
      39.487     0.999756        99860      4096.00
      40.767     0.999780        99863      4551.11
      41.535     0.999805        99865      5120.00
      41.919     0.999829        99867      5851.43
      42.431     0.999854        99870      6826.67
      42.623     0.999878        99872      8192.00
      43.007     0.999890        99874      9102.22
      43.103     0.999902        99875     10240.00
      43.135     0.999915        99876     11702.86
      43.487     0.999927        99877     13653.33
      43.999     0.999939        99879     16384.00
      43.999     0.999945        99879     18204.44
      44.863     0.999951        99880     20480.00
      44.863     0.999957        99880     23405.71
      45.631     0.999963        99882     27306.67
      45.631     0.999969        99882     32768.00
      45.631     0.999973        99882     36408.89
      45.631     0.999976        99882     40960.00
      45.631     0.999979        99882     46811.43
      45.791     0.999982        99883     54613.33
      45.791     0.999985        99883     65536.00
      45.791     0.999986        99883     72817.78
      45.791     0.999988        99883     81920.00
      45.791     0.999989        99883     93622.86
      46.111     0.999991        99884    109226.67
      46.111     1.000000        99884          inf
#[Mean    =        2.088, StdDeviation   =        2.802]
#[Max     =       46.080, Total count    =        99884]
#[Buckets =           27, SubBuckets     =         2048]
----------------------------------------------------------
  99886 requests in 10.00s, 16.67MB read
Requests/sec:   9988.66
Transfer/sec:      1.67MB
