Running 10s test @ http://localhost
  2 threads and 10 connections
  Thread Stats   Avg      Stdev     Max   +/- Stdev
    Latency    23.91ms   44.58ms 223.10ms   88.89%
    Req/Sec       -nan      -nan   0.00      0.00%
  Latency Distribution (HdrHistogram - Recorded Latency)
 50.000%    3.22ms
 75.000%   23.66ms
 90.000%   83.78ms
 99.000%  193.15ms
 99.900%  215.81ms
 99.990%  220.41ms
 99.999%  222.98ms
100.000%  223.23ms

  Detailed Percentile spectrum:
       Value   Percentile   TotalCount 1/(1-Percentile)

       0.111     0.000000            1         1.00
       0.865     0.100000         9913         1.11
       1.263     0.200000        19829         1.25
       1.631     0.300000        29734         1.43
       2.155     0.400000        39639         1.67
       3.221     0.500000        49546         2.00
       4.251     0.550000        54498         2.22
       5.991     0.600000        59455         2.50
       9.119     0.650000        64410         2.86
      14.799     0.700000        69365         3.33
      23.663     0.750000        74315         4.00
      28.335     0.775000        76798         4.44
      31.679     0.800000        79272         5.00
      36.735     0.825000        81752         5.71
      45.119     0.850000        84228         6.67
      57.055     0.875000        86701         8.00
      66.815     0.887500        87942         8.89
      83.775     0.900000        89188        10.00
     103.615     0.912500        90420        11.43
     119.615     0.925000        91656        13.33
     132.991     0.937500        92898        16.00
     138.495     0.943750        93535        17.78
     144.255     0.950000        94144        20.00
     151.935     0.956250        94754        22.86
     158.847     0.962500        95379        26.67
     163.071     0.968750        96011        32.00
     166.143     0.971875        96300        35.56
     169.215     0.975000        96615        40.00
     172.415     0.978125        96931        45.71
     178.815     0.981250        97229        53.33
     184.575     0.984375        97546        64.00
     185.983     0.985938        97705        71.11
     188.031     0.987500        97853        80.00
     191.103     0.989062        98004        91.43
     194.175     0.990625        98160       106.67
     196.991     0.992188        98317       128.00
     198.399     0.992969        98395       142.22
     199.935     0.993750        98468       160.00
     201.599     0.994531        98546       182.86
     204.287     0.995313        98624       213.33
     206.591     0.996094        98703       256.00
     207.359     0.996484        98740       284.44
     208.383     0.996875        98780       320.00
     209.919     0.997266        98817       365.71
     211.839     0.997656        98860       426.67
     212.607     0.998047        98901       512.00
     212.863     0.998242        98913       568.89
     213.375     0.998437        98933       640.00
     214.015     0.998633        98951       731.43
     215.039     0.998828        98970       853.33
     216.191     0.999023        98993      1024.00
     216.575     0.999121        99000      1137.78
     216.959     0.999219        99012      1280.00
     217.215     0.999316        99019      1462.86
     217.471     0.999414        99030      1706.67
     217.855     0.999512        99041      2048.00
     217.983     0.999561        99044      2275.56
     218.111     0.999609        99048      2560.00
     218.367     0.999658        99054      2925.71
     218.495     0.999707        99058      3413.33
     218.751     0.999756        99062      4096.00
     219.135     0.999780        99065      4551.11
     219.391     0.999805        99068      5120.00
     219.519     0.999829        99070      5851.43
     219.903     0.999854        99072      6826.67
     220.159     0.999878        99075      8192.00
     220.415     0.999890        99076      9102.22
     221.055     0.999902        99078     10240.00
     221.055     0.999915        99078     11702.86
     221.567     0.999927        99079     13653.33
     221.951     0.999939        99081     16384.00
     221.951     0.999945        99081     18204.44
     222.335     0.999951        99082     20480.00
     222.335     0.999957        99082     23405.71
     222.463     0.999963        99083     27306.67
     222.463     0.999969        99083     32768.00
     222.591     0.999973        99084     36408.89
     222.591     0.999976        99084     40960.00
     222.591     0.999979        99084     46811.43
     222.975     0.999982        99085     54613.33
     222.975     0.999985        99085     65536.00
     222.975     0.999986        99085     72817.78
     222.975     0.999988        99085     81920.00
     222.975     0.999989        99085     93622.86
     223.231     0.999991        99086    109226.67
     223.231     1.000000        99086          inf
#[Mean    =       23.914, StdDeviation   =       44.578]
#[Max     =      223.104, Total count    =        99086]
#[Buckets =           27, SubBuckets     =         2048]
----------------------------------------------------------
  99092 requests in 10.00s, 16.54MB read
Requests/sec:   9908.96
Transfer/sec:      1.65MB
