Running 10s test @ http://localhost
  2 threads and 10 connections
  Thread Stats   Avg      Stdev     Max   +/- Stdev
    Latency     2.27ms    3.42ms  44.58ms   94.45%
    Req/Sec       -nan      -nan   0.00      0.00%
  Latency Distribution (HdrHistogram - Recorded Latency)
 50.000%    1.47ms
 75.000%    2.19ms
 90.000%    3.56ms
 99.000%   20.21ms
 99.900%   37.09ms
 99.990%   43.42ms
 99.999%   44.58ms
100.000%   44.61ms

  Detailed Percentile spectrum:
       Value   Percentile   TotalCount 1/(1-Percentile)

       0.135     0.000000            1         1.00
       0.651     0.100000        10010         1.11
       0.871     0.200000        19983         1.25
       1.073     0.300000        30008         1.43
       1.273     0.400000        39951         1.67
       1.470     0.500000        49945         2.00
       1.578     0.550000        54970         2.22
       1.699     0.600000        59946         2.50
       1.835     0.650000        64941         2.86
       1.993     0.700000        69935         3.33
       2.191     0.750000        74928         4.00
       2.309     0.775000        77416         4.44
       2.447     0.800000        79916         5.00
       2.615     0.825000        82424         5.71
       2.839     0.850000        84904         6.67
       3.137     0.875000        87398         8.00
       3.327     0.887500        88643         8.89
       3.555     0.900000        89897        10.00
       3.861     0.912500        91138        11.43
       4.331     0.925000        92392        13.33
       5.063     0.937500        93637        16.00
       5.619     0.943750        94259        17.78
       6.271     0.950000        94886        20.00
       7.063     0.956250        95508        22.86
       8.019     0.962500        96132        26.67
       9.239     0.968750        96758        32.00
      10.055     0.971875        97069        35.56
      11.367     0.975000        97381        40.00
      13.031     0.978125        97692        45.71
      14.887     0.981250        98005        53.33
      16.559     0.984375        98317        64.00
      17.423     0.985938        98473        71.11
      18.367     0.987500        98628        80.00
      19.343     0.989062        98784        91.43
      20.687     0.990625        98942       106.67
      22.047     0.992188        99097       128.00
      22.959     0.992969        99175       142.22
      24.079     0.993750        99252       160.00
      24.975     0.994531        99330       182.86
      26.143     0.995313        99408       213.33
      27.599     0.996094        99486       256.00
      28.255     0.996484        99526       284.44
      29.119     0.996875        99565       320.00
      30.271     0.997266        99603       365.71
      31.647     0.997656        99642       426.67
      32.799     0.998047        99681       512.00
      33.599     0.998242        99702       568.89
      34.175     0.998437        99721       640.00
      35.423     0.998633        99740       731.43
      36.383     0.998828        99759       853.33
      37.183     0.999023        99780      1024.00
      38.143     0.999121        99789      1137.78
      38.751     0.999219        99798      1280.00
      39.519     0.999316        99809      1462.86
      40.223     0.999414        99818      1706.67
      40.575     0.999512        99828      2048.00
      40.863     0.999561        99834      2275.56
      41.023     0.999609        99837      2560.00
      41.119     0.999658        99842      2925.71
      41.695     0.999707        99847      3413.33
      42.207     0.999756        99852      4096.00
      42.495     0.999780        99855      4551.11
      42.655     0.999805        99857      5120.00
      42.879     0.999829        99859      5851.43
      43.071     0.999854        99862      6826.67
      43.327     0.999878        99864      8192.00
      43.423     0.999890        99866      9102.22
      43.583     0.999902        99867     10240.00
      43.711     0.999915        99868     11702.86
      43.839     0.999927        99869     13653.33
      43.999     0.999939        99870     16384.00
      44.095     0.999945        99871     18204.44
      44.127     0.999951        99872     20480.00
      44.127     0.999957        99872     23405.71
      44.383     0.999963        99873     27306.67
      44.383     0.999969        99873     32768.00
      44.511     0.999973        99874     36408.89
      44.511     0.999976        99874     40960.00
      44.511     0.999979        99874     46811.43
      44.575     0.999982        99875     54613.33
      44.575     0.999985        99875     65536.00
      44.575     0.999986        99875     72817.78
      44.575     0.999988        99875     81920.00
      44.575     0.999989        99875     93622.86
      44.607     0.999991        99876    109226.67
      44.607     1.000000        99876          inf
#[Mean    =        2.268, StdDeviation   =        3.419]
#[Max     =       44.576, Total count    =        99876]
#[Buckets =           27, SubBuckets     =         2048]
----------------------------------------------------------
  99879 requests in 10.00s, 16.67MB read
Requests/sec:   9988.21
Transfer/sec:      1.67MB
