Running 10s test @ http://localhost
  2 threads and 10 connections
  Thread Stats   Avg      Stdev     Max   +/- Stdev
    Latency     2.55ms    3.78ms  66.62ms   93.20%
    Req/Sec       -nan      -nan   0.00      0.00%
  Latency Distribution (HdrHistogram - Recorded Latency)
 50.000%    1.59ms
 75.000%    2.56ms
 90.000%    4.82ms
 99.000%   17.68ms
 99.900%   48.61ms
 99.990%   64.74ms
 99.999%   66.69ms
100.000%   66.69ms

  Detailed Percentile spectrum:
       Value   Percentile   TotalCount 1/(1-Percentile)

       0.120     0.000000            1         1.00
       0.663     0.100000         9985         1.11
       0.886     0.200000        19992         1.25
       1.113     0.300000        29969         1.43
       1.354     0.400000        39942         1.67
       1.590     0.500000        49937         2.00
       1.724     0.550000        54920         2.22
       1.869     0.600000        59921         2.50
       2.053     0.650000        64912         2.86
       2.277     0.700000        69893         3.33
       2.559     0.750000        74904         4.00
       2.747     0.775000        77379         4.44
       2.975     0.800000        79870         5.00
       3.269     0.825000        82363         5.71
       3.639     0.850000        84860         6.67
       4.099     0.875000        87352         8.00
       4.423     0.887500        88619         8.89
       4.815     0.900000        89860        10.00
       5.283     0.912500        91097        11.43
       5.911     0.925000        92345        13.33
       6.731     0.937500        93596        16.00
       7.251     0.943750        94216        17.78
       7.835     0.950000        94841        20.00
       8.495     0.956250        95465        22.86
       9.239     0.962500        96088        26.67
      10.151     0.968750        96713        32.00
      10.687     0.971875        97023        35.56
      11.295     0.975000        97335        40.00
      12.015     0.978125        97651        45.71
      12.903     0.981250        97961        53.33
      14.047     0.984375        98274        64.00
      14.799     0.985938        98427        71.11
      15.735     0.987500        98584        80.00
      16.847     0.989062        98741        91.43
      18.159     0.990625        98897       106.67
      20.527     0.992188        99051       128.00
      21.791     0.992969        99129       142.22
      23.119     0.993750        99207       160.00
      24.799     0.994531        99285       182.86
      26.607     0.995313        99363       213.33
      30.447     0.996094        99441       256.00
      31.839     0.996484        99480       284.44
      33.567     0.996875        99519       320.00
      34.879     0.997266        99558       365.71
      37.215     0.997656        99597       426.67
      40.479     0.998047        99636       512.00
      41.855     0.998242        99655       568.89
      43.647     0.998437        99675       640.00
      44.479     0.998633        99694       731.43
      46.079     0.998828        99714       853.33
      49.215     0.999023        99733      1024.00
      50.079     0.999121        99743      1137.78
      51.647     0.999219        99753      1280.00
      52.511     0.999316        99762      1462.86
      52.959     0.999414        99772      1706.67
      54.047     0.999512        99782      2048.00
      55.039     0.999561        99787      2275.56
      56.703     0.999609        99792      2560.00
      57.439     0.999658        99796      2925.71
      60.063     0.999707        99801      3413.33
      62.847     0.999756        99806      4096.00
      63.807     0.999780        99809      4551.11
      63.967     0.999805        99811      5120.00
      64.031     0.999829        99813      5851.43
      64.159     0.999854        99816      6826.67
      64.671     0.999878        99818      8192.00
      64.735     0.999890        99820      9102.22
      64.863     0.999902        99821     10240.00
      64.927     0.999915        99822     11702.86
      65.311     0.999927        99823     13653.33
      65.407     0.999939        99824     16384.00
      65.663     0.999945        99825     18204.44
      66.175     0.999951        99826     20480.00
      66.175     0.999957        99826     23405.71
      66.239     0.999963        99827     27306.67
      66.239     0.999969        99827     32768.00
      66.367     0.999973        99828     36408.89
      66.367     0.999976        99828     40960.00
      66.367     0.999979        99828     46811.43
      66.687     0.999982        99830     54613.33
      66.687     1.000000        99830          inf
#[Mean    =        2.550, StdDeviation   =        3.780]
#[Max     =       66.624, Total count    =        99830]
#[Buckets =           27, SubBuckets     =         2048]
----------------------------------------------------------
  99835 requests in 10.00s, 16.66MB read
Requests/sec:   9983.89
Transfer/sec:      1.67MB
