Running 10s test @ http://localhost
  2 threads and 10 connections
  Thread Stats   Avg      Stdev     Max   +/- Stdev
    Latency    43.02ms   49.95ms 254.59ms   86.91%
    Req/Sec       -nan      -nan   0.00      0.00%
  Latency Distribution (HdrHistogram - Recorded Latency)
 50.000%   27.14ms
 75.000%   68.42ms
 90.000%  110.01ms
 99.000%  211.97ms
 99.900%  246.53ms
 99.990%  253.31ms
 99.999%  254.59ms
100.000%  254.72ms

  Detailed Percentile spectrum:
       Value   Percentile   TotalCount 1/(1-Percentile)

       0.148     0.000000            1         1.00
       0.976     0.100000         9858         1.11
       1.476     0.200000        19710         1.25
       2.273     0.300000        29565         1.43
       8.279     0.400000        39421         1.67
      27.135     0.500000        49278         2.00
      37.311     0.550000        54213         2.22
      45.919     0.600000        59143         2.50
      53.311     0.650000        64070         2.86
      61.183     0.700000        68992         3.33
      68.415     0.750000        73964         4.00
      71.679     0.775000        76399         4.44
      75.519     0.800000        78853         5.00
      80.831     0.825000        81308         5.71
      87.423     0.850000        83783         6.67
      94.847     0.875000        86246         8.00
     101.439     0.887500        87464         8.89
     110.015     0.900000        88695        10.00
     118.271     0.912500        89934        11.43
     126.335     0.925000        91168        13.33
     137.855     0.937500        92400        16.00
     143.231     0.943750        93011        17.78
     149.247     0.950000        93639        20.00
     157.055     0.956250        94244        22.86
     165.119     0.962500        94855        26.67
     171.007     0.968750        95472        32.00
     175.359     0.971875        95781        35.56
     181.119     0.975000        96093        40.00
     187.391     0.978125        96397        45.71
     195.711     0.981250        96707        53.33
     201.727     0.984375        97011        64.00
     204.159     0.985938        97166        71.11
     206.719     0.987500        97322        80.00
     210.303     0.989062        97476        91.43
     213.503     0.990625        97627       106.67
     219.775     0.992188        97782       128.00
     223.103     0.992969        97864       142.22
     224.895     0.993750        97938       160.00
     228.735     0.994531        98014       182.86
     231.935     0.995313        98097       213.33
     234.111     0.996094        98168       256.00
     235.135     0.996484        98204       284.44
     236.927     0.996875        98246       320.00
     238.207     0.997266        98281       365.71
     240.383     0.997656        98320       426.67
     241.791     0.998047        98360       512.00
     242.431     0.998242        98382       568.89
     242.687     0.998437        98399       640.00
     243.967     0.998633        98416       731.43
     244.991     0.998828        98435       853.33
     246.655     0.999023        98455      1024.00
     247.167     0.999121        98465      1137.78
     247.551     0.999219        98476      1280.00
     247.807     0.999316        98483      1462.86
     248.703     0.999414        98494      1706.67
     249.343     0.999512        98504      2048.00
     249.599     0.999561        98507      2275.56
     250.623     0.999609        98512      2560.00
     250.879     0.999658        98518      2925.71
     251.007     0.999707        98522      3413.33
     251.263     0.999756        98526      4096.00
     251.647     0.999780        98530      4551.11
     251.903     0.999805        98532      5120.00
     252.159     0.999829        98535      5851.43
     252.287     0.999854        98536      6826.67
     252.927     0.999878        98538      8192.00
     253.311     0.999890        98540      9102.22
     253.823     0.999902        98541     10240.00
     254.207     0.999915        98542     11702.86
     254.335     0.999927        98543     13653.33
     254.463     0.999939        98547     16384.00
     254.463     0.999945        98547     18204.44
     254.463     0.999951        98547     20480.00
     254.463     0.999957        98547     23405.71
     254.463     0.999963        98547     27306.67
     254.463     0.999969        98547     32768.00
     254.591     0.999973        98549     36408.89
     254.591     0.999976        98549     40960.00
     254.591     0.999979        98549     46811.43
     254.591     0.999982        98549     54613.33
     254.591     0.999985        98549     65536.00
     254.591     0.999986        98549     72817.78
     254.591     0.999988        98549     81920.00
     254.591     0.999989        98549     93622.86
     254.719     0.999991        98550    109226.67
     254.719     1.000000        98550          inf
#[Mean    =       43.018, StdDeviation   =       49.949]
#[Max     =      254.592, Total count    =        98550]
#[Buckets =           27, SubBuckets     =         2048]
----------------------------------------------------------
  98556 requests in 10.00s, 16.45MB read
Requests/sec:   9855.58
Transfer/sec:      1.64MB
