Running 10s test @ http://172.16.135.130
  10 threads and 100 connections
  Thread Stats   Avg      Stdev     Max   +/- Stdev
    Latency     3.83s     2.57s    8.67s    55.15%
    Req/Sec       -nan      -nan   0.00      0.00%
  Latency Distribution (HdrHistogram - Recorded Latency)
 50.000%    3.62s 
 75.000%    5.97s 
 90.000%    7.62s 
 99.000%    8.51s 
 99.900%    8.60s 
 99.990%    8.64s 
 99.999%    8.67s 
100.000%    8.68s 

  Detailed Percentile spectrum:
       Value   Percentile   TotalCount 1/(1-Percentile)

       0.981     0.000000            1         1.00
     563.711     0.100000        13778         1.11
    1057.791     0.200000        27555         1.25
    1852.415     0.300000        41306         1.43
    2795.519     0.400000        55090         1.67
    3616.767     0.500000        68859         2.00
    4026.367     0.550000        75731         2.22
    4607.999     0.600000        82642         2.50
    5042.175     0.650000        89536         2.86
    5488.639     0.700000        96444         3.33
    5971.967     0.750000       103264         4.00
    6254.591     0.775000       106714         4.44
    6508.543     0.800000       110190         5.00
    6766.591     0.825000       113627         5.71
    7049.215     0.850000       117038         6.67
    7319.551     0.875000       120520         8.00
    7458.815     0.887500       122226         8.89
    7618.559     0.900000       123931        10.00
    7745.535     0.912500       125688        11.43
    7880.703     0.925000       127368        13.33
    8024.063     0.937500       129088        16.00
    8089.599     0.943750       129968        17.78
    8151.039     0.950000       130847        20.00
    8208.383     0.956250       131673        22.86
    8269.823     0.962500       132571        26.67
    8327.167     0.968750       133425        32.00
    8355.839     0.971875       133843        35.56
    8384.511     0.975000       134279        40.00
    8413.183     0.978125       134689        45.71
    8445.951     0.981250       135223        53.33
    8470.527     0.984375       135679        64.00
    8478.719     0.985938       135800        71.11
    8495.103     0.987500       136101        80.00
    8503.295     0.989062       136238        91.43
    8519.679     0.990625       136527       106.67
    8527.871     0.992188       136658       128.00
    8536.063     0.992969       136798       142.22
    8544.255     0.993750       136946       160.00
    8544.255     0.994531       136946       182.86
    8552.447     0.995313       137074       213.33
    8560.639     0.996094       137186       256.00
    8568.831     0.996484       137276       284.44
    8568.831     0.996875       137276       320.00
    8577.023     0.997266       137365       365.71
    8577.023     0.997656       137365       426.67
    8585.215     0.998047       137441       512.00
    8593.407     0.998242       137509       568.89
    8593.407     0.998437       137509       640.00
    8593.407     0.998633       137509       731.43
    8601.599     0.998828       137559       853.33
    8601.599     0.999023       137559      1024.00
    8609.791     0.999121       137590      1137.78
    8609.791     0.999219       137590      1280.00
    8617.983     0.999316       137625      1462.86
    8617.983     0.999414       137625      1706.67
    8617.983     0.999512       137625      2048.00
    8617.983     0.999561       137625      2275.56
    8626.175     0.999609       137643      2560.00
    8626.175     0.999658       137643      2925.71
    8634.367     0.999707       137658      3413.33
    8634.367     0.999756       137658      4096.00
    8634.367     0.999780       137658      4551.11
    8642.559     0.999805       137675      5120.00
    8642.559     0.999829       137675      5851.43
    8642.559     0.999854       137675      6826.67
    8642.559     0.999878       137675      8192.00
    8642.559     0.999890       137675      9102.22
    8642.559     0.999902       137675     10240.00
    8642.559     0.999915       137675     11702.86
    8642.559     0.999927       137675     13653.33
    8650.751     0.999939       137679     16384.00
    8650.751     0.999945       137679     18204.44
    8650.751     0.999951       137679     20480.00
    8658.943     0.999957       137683     23405.71
    8658.943     0.999963       137683     27306.67
    8658.943     0.999969       137683     32768.00
    8658.943     0.999973       137683     36408.89
    8658.943     0.999976       137683     40960.00
    8658.943     0.999979       137683     46811.43
    8658.943     0.999982       137683     54613.33
    8658.943     0.999985       137683     65536.00
    8667.135     0.999986       137684     72817.78
    8667.135     0.999988       137684     81920.00
    8667.135     0.999989       137684     93622.86
    8667.135     0.999991       137684    109226.67
    8667.135     0.999992       137684    131072.00
    8675.327     0.999993       137685    145635.56
    8675.327     1.000000       137685          inf
#[Mean    =     3827.611, StdDeviation   =     2569.815]
#[Max     =     8667.136, Total count    =       137685]
#[Buckets =           27, SubBuckets     =         2048]
----------------------------------------------------------
  137695 requests in 10.00s, 22.98MB read
Requests/sec:  13771.92
Transfer/sec:      2.30MB
