Running 10s test @ http://172.16.135.130
  10 threads and 100 connections
  Thread Stats   Avg      Stdev     Max   +/- Stdev
    Latency     4.21s     2.37s    8.29s    58.19%
    Req/Sec       -nan      -nan   0.00      0.00%
  Latency Distribution (HdrHistogram - Recorded Latency)
 50.000%    4.30s 
 75.000%    6.33s 
 90.000%    7.48s 
 99.000%    8.09s 
 99.900%    8.18s 
 99.990%    8.25s 
 99.999%    8.28s 
100.000%    8.29s 

  Detailed Percentile spectrum:
       Value   Percentile   TotalCount 1/(1-Percentile)

       0.737     0.000000            1         1.00
     743.935     0.100000        18064         1.11
    1767.423     0.200000        36119         1.25
    2648.063     0.300000        54192         1.43
    3512.319     0.400000        72238         1.67
    4304.895     0.500000        90388         2.00
    4657.151     0.550000        99346         2.22
    5095.423     0.600000       108340         2.50
    5468.159     0.650000       117457         2.86
    5922.815     0.700000       126470         3.33
    6332.415     0.750000       135449         4.00
    6492.159     0.775000       140050         4.44
    6651.903     0.800000       144540         5.00
    6815.743     0.825000       148991         5.71
    7024.639     0.850000       153494         6.67
    7249.919     0.875000       158081         8.00
    7372.799     0.887500       160286         8.89
    7483.391     0.900000       162598        10.00
    7557.119     0.912500       164931        11.43
    7606.271     0.925000       167052        13.33
    7671.807     0.937500       169333        16.00
    7708.671     0.943750       170456        17.78
    7749.631     0.950000       171618        20.00
    7790.591     0.956250       172787        22.86
    7835.647     0.962500       173818        26.67
    7880.703     0.968750       174983        32.00
    7905.279     0.971875       175537        35.56
    7929.855     0.975000       176107        40.00
    7958.527     0.978125       176634        45.71
    7991.295     0.981250       177190        53.33
    8028.159     0.984375       177760        64.00
    8048.639     0.985938       178094        71.11
    8060.927     0.987500       178355        80.00
    8073.215     0.989062       178603        91.43
    8089.599     0.990625       178913       106.67
    8101.887     0.992188       179161       128.00
    8110.079     0.992969       179305       142.22
    8118.271     0.993750       179466       160.00
    8126.463     0.994531       179610       182.86
    8134.655     0.995313       179763       213.33
    8142.847     0.996094       179903       256.00
    8146.943     0.996484       179967       284.44
    8151.039     0.996875       180047       320.00
    8155.135     0.997266       180114       365.71
    8159.231     0.997656       180172       426.67
    8163.327     0.998047       180215       512.00
    8167.423     0.998242       180262       568.89
    8171.519     0.998437       180309       640.00
    8175.615     0.998633       180338       731.43
    8179.711     0.998828       180365       853.33
    8187.903     0.999023       180409      1024.00
    8187.903     0.999121       180409      1137.78
    8191.999     0.999219       180432      1280.00
    8196.095     0.999316       180449      1462.86
    8204.287     0.999414       180473      1706.67
    8208.383     0.999512       180495      2048.00
    8208.383     0.999561       180495      2275.56
    8212.479     0.999609       180506      2560.00
    8212.479     0.999658       180506      2925.71
    8216.575     0.999707       180525      3413.33
    8216.575     0.999756       180525      4096.00
    8220.671     0.999780       180532      4551.11
    8220.671     0.999805       180532      5120.00
    8224.767     0.999829       180537      5851.43
    8232.959     0.999854       180540      6826.67
    8237.055     0.999878       180544      8192.00
    8245.247     0.999890       180550      9102.22
    8245.247     0.999902       180550     10240.00
    8249.343     0.999915       180553     11702.86
    8249.343     0.999927       180553     13653.33
    8257.535     0.999939       180558     16384.00
    8257.535     0.999945       180558     18204.44
    8257.535     0.999951       180558     20480.00
    8265.727     0.999957       180560     23405.71
    8265.727     0.999963       180560     27306.67
    8269.823     0.999969       180562     32768.00
    8269.823     0.999973       180562     36408.89
    8269.823     0.999976       180562     40960.00
    8278.015     0.999979       180563     46811.43
    8278.015     0.999982       180563     54613.33
    8282.111     0.999985       180565     65536.00
    8282.111     0.999986       180565     72817.78
    8282.111     0.999988       180565     81920.00
    8282.111     0.999989       180565     93622.86
    8282.111     0.999991       180565    109226.67
    8282.111     0.999992       180565    131072.00
    8282.111     0.999993       180565    145635.56
    8282.111     0.999994       180565    163840.00
    8290.303     0.999995       180566    187245.71
    8290.303     1.000000       180566          inf
#[Mean    =     4208.897, StdDeviation   =     2373.324]
#[Max     =     8286.208, Total count    =       180566]
#[Buckets =           27, SubBuckets     =         2048]
----------------------------------------------------------
  180576 requests in 10.00s, 30.14MB read
Requests/sec:  18058.25
Transfer/sec:      3.01MB
