Running 10s test @ http://172.16.135.130
  10 threads and 100 connections
  Thread Stats   Avg      Stdev     Max   +/- Stdev
    Latency     3.53s     2.30s    8.50s    60.14%
    Req/Sec       -nan      -nan   0.00      0.00%
  Latency Distribution (HdrHistogram - Recorded Latency)
 50.000%    3.31s 
 75.000%    5.25s 
 90.000%    6.97s 
 99.000%    8.25s 
 99.900%    8.40s 
 99.990%    8.45s 
 99.999%    8.51s 
100.000%    8.51s 

  Detailed Percentile spectrum:
       Value   Percentile   TotalCount 1/(1-Percentile)

       0.893     0.000000            1         1.00
     665.599     0.100000        15832         1.11
    1167.359     0.200000        31660         1.25
    1796.095     0.300000        47478         1.43
    2525.183     0.400000        63319         1.67
    3309.567     0.500000        79128         2.00
    3737.599     0.550000        87032         2.22
    4130.815     0.600000        94975         2.50
    4501.503     0.650000       102854         2.86
    4882.431     0.700000       110796         3.33
    5246.975     0.750000       118756         4.00
    5410.815     0.775000       122649         4.44
    5668.863     0.800000       126612         5.00
    5947.391     0.825000       130548         5.71
    6258.687     0.850000       134507         6.67
    6635.519     0.875000       138476         8.00
    6807.551     0.887500       140490         8.89
    6967.295     0.900000       142457        10.00
    7159.807     0.912500       144406        11.43
    7352.319     0.925000       146404        13.33
    7524.351     0.937500       148367        16.00
    7610.367     0.943750       149359        17.78
    7692.287     0.950000       150341        20.00
    7782.399     0.956250       151335        22.86
    7868.415     0.962500       152320        26.67
    7958.527     0.968750       153310        32.00
    8003.583     0.971875       153819        35.56
    8044.543     0.975000       154309        40.00
    8085.503     0.978125       154800        45.71
    8130.559     0.981250       155307        53.33
    8171.519     0.984375       155807        64.00
    8191.999     0.985938       156045        71.11
    8208.383     0.987500       156266        80.00
    8232.959     0.989062       156528        91.43
    8253.439     0.990625       156775       106.67
    8278.015     0.992188       157031       128.00
    8286.207     0.992969       157123       142.22
    8298.495     0.993750       157258       160.00
    8310.783     0.994531       157386       182.86
    8323.071     0.995313       157517       213.33
    8335.359     0.996094       157645       256.00
    8339.455     0.996484       157682       284.44
    8347.647     0.996875       157762       320.00
    8355.839     0.997266       157831       365.71
    8364.031     0.997656       157897       426.67
    8368.127     0.998047       157927       512.00
    8372.223     0.998242       157972       568.89
    8376.319     0.998437       157998       640.00
    8380.415     0.998633       158022       731.43
    8388.607     0.998828       158062       853.33
    8396.799     0.999023       158110      1024.00
    8396.799     0.999121       158110      1137.78
    8404.991     0.999219       158147      1280.00
    8404.991     0.999316       158147      1462.86
    8404.991     0.999414       158147      1706.67
    8413.183     0.999512       158164      2048.00
    8421.375     0.999561       158183      2275.56
    8421.375     0.999609       158183      2560.00
    8421.375     0.999658       158183      2925.71
    8429.567     0.999707       158196      3413.33
    8437.759     0.999756       158210      4096.00
    8437.759     0.999780       158210      4551.11
    8437.759     0.999805       158210      5120.00
    8437.759     0.999829       158210      5851.43
    8445.951     0.999854       158216      6826.67
    8445.951     0.999878       158216      8192.00
    8454.143     0.999890       158224      9102.22
    8454.143     0.999902       158224     10240.00
    8454.143     0.999915       158224     11702.86
    8454.143     0.999927       158224     13653.33
    8462.335     0.999939       158227     16384.00
    8462.335     0.999945       158227     18204.44
    8470.527     0.999951       158229     20480.00
    8470.527     0.999957       158229     23405.71
    8478.719     0.999963       158230     27306.67
    8486.911     0.999969       158232     32768.00
    8486.911     0.999973       158232     36408.89
    8486.911     0.999976       158232     40960.00
    8486.911     0.999979       158232     46811.43
    8511.487     0.999982       158235     54613.33
    8511.487     1.000000       158235          inf
#[Mean    =     3530.487, StdDeviation   =     2298.223]
#[Max     =     8503.296, Total count    =       158235]
#[Buckets =           27, SubBuckets     =         2048]
----------------------------------------------------------
  158245 requests in 10.00s, 26.41MB read
Requests/sec:  15827.22
Transfer/sec:      2.64MB
