Running 10s test @ http://172.16.135.130
  10 threads and 100 connections
  Thread Stats   Avg      Stdev     Max   +/- Stdev
    Latency     4.45s     2.59s    8.89s    57.38%
    Req/Sec       -nan      -nan   0.00      0.00%
  Latency Distribution (HdrHistogram - Recorded Latency)
 50.000%    4.64s 
 75.000%    6.63s 
 90.000%    7.91s 
 99.000%    8.72s 
 99.900%    8.81s 
 99.990%    8.86s 
 99.999%    8.89s 
100.000%    8.90s 

  Detailed Percentile spectrum:
       Value   Percentile   TotalCount 1/(1-Percentile)

       0.392     0.000000            1         1.00
     807.423     0.100000        11814         1.11
    1649.663     0.200000        23631         1.25
    2490.367     0.300000        35444         1.43
    3704.831     0.400000        47266         1.67
    4640.767     0.500000        59096         2.00
    5066.751     0.550000        64995         2.22
    5533.695     0.600000        70910         2.50
    5935.103     0.650000        76786         2.86
    6270.975     0.700000        82709         3.33
    6631.423     0.750000        88635         4.00
    6844.415     0.775000        91571         4.44
    7061.503     0.800000        94504         5.00
    7290.879     0.825000        97492         5.71
    7491.583     0.850000       100464         6.67
    7692.287     0.875000       103387         8.00
    7802.879     0.887500       104870         8.89
    7909.375     0.900000       106345        10.00
    8048.639     0.912500       107813        11.43
    8183.807     0.925000       109280        13.33
    8290.303     0.937500       110748        16.00
    8339.455     0.943750       111488        17.78
    8396.799     0.950000       112247        20.00
    8454.143     0.956250       113078        22.86
    8495.103     0.962500       113717        26.67
    8544.255     0.968750       114537        32.00
    8568.831     0.971875       114849        35.56
    8601.599     0.975000       115283        40.00
    8626.175     0.978125       115573        45.71
    8658.943     0.981250       115995        53.33
    8683.519     0.984375       116347        64.00
    8691.711     0.985938       116471        71.11
    8708.095     0.987500       116749        80.00
    8716.287     0.989062       116886        91.43
    8724.479     0.990625       117035       106.67
    8740.863     0.992188       117258       128.00
    8749.055     0.992969       117380       142.22
    8757.247     0.993750       117509       160.00
    8757.247     0.994531       117509       182.86
    8765.439     0.995313       117606       213.33
    8773.631     0.996094       117712       256.00
    8781.823     0.996484       117812       284.44
    8781.823     0.996875       117812       320.00
    8781.823     0.997266       117812       365.71
    8790.015     0.997656       117891       426.67
    8798.207     0.998047       117952       512.00
    8798.207     0.998242       117952       568.89
    8798.207     0.998437       117952       640.00
    8806.399     0.998633       118016       731.43
    8806.399     0.998828       118016       853.33
    8806.399     0.999023       118016      1024.00
    8814.591     0.999121       118049      1137.78
    8814.591     0.999219       118049      1280.00
    8814.591     0.999316       118049      1462.86
    8822.783     0.999414       118078      1706.67
    8822.783     0.999512       118078      2048.00
    8822.783     0.999561       118078      2275.56
    8830.975     0.999609       118091      2560.00
    8830.975     0.999658       118091      2925.71
    8839.167     0.999707       118106      3413.33
    8839.167     0.999756       118106      4096.00
    8839.167     0.999780       118106      4551.11
    8839.167     0.999805       118106      5120.00
    8847.359     0.999829       118114      5851.43
    8847.359     0.999854       118114      6826.67
    8855.551     0.999878       118124      8192.00
    8855.551     0.999890       118124      9102.22
    8855.551     0.999902       118124     10240.00
    8855.551     0.999915       118124     11702.86
    8855.551     0.999927       118124     13653.33
    8855.551     0.999939       118124     16384.00
    8855.551     0.999945       118124     18204.44
    8855.551     0.999951       118124     20480.00
    8855.551     0.999957       118124     23405.71
    8871.935     0.999963       118125     27306.67
    8880.127     0.999969       118127     32768.00
    8880.127     0.999973       118127     36408.89
    8880.127     0.999976       118127     40960.00
    8880.127     0.999979       118127     46811.43
    8880.127     0.999982       118127     54613.33
    8888.319     0.999985       118128     65536.00
    8888.319     0.999986       118128     72817.78
    8888.319     0.999988       118128     81920.00
    8888.319     0.999989       118128     93622.86
    8888.319     0.999991       118128    109226.67
    8896.511     0.999992       118129    131072.00
    8896.511     1.000000       118129          inf
#[Mean    =     4448.464, StdDeviation   =     2590.460]
#[Max     =     8888.320, Total count    =       118129]
#[Buckets =           27, SubBuckets     =         2048]
----------------------------------------------------------
  118139 requests in 10.00s, 19.72MB read
Requests/sec:  11813.47
Transfer/sec:      1.97MB
