Running 10s test @ http://172.16.135.130
  10 threads and 100 connections
  Thread Stats   Avg      Stdev     Max   +/- Stdev
    Latency     4.04s     2.59s    8.95s    57.86%
    Req/Sec       -nan      -nan   0.00      0.00%
  Latency Distribution (HdrHistogram - Recorded Latency)
 50.000%    3.73s 
 75.000%    6.25s 
 90.000%    7.91s 
 99.000%    8.78s 
 99.900%    8.88s 
 99.990%    8.93s 
 99.999%    8.95s 
100.000%    8.95s 

  Detailed Percentile spectrum:
       Value   Percentile   TotalCount 1/(1-Percentile)

       0.186     0.000000            1         1.00
     809.471     0.100000        11172         1.11
    1415.167     0.200000        22352         1.25
    2234.367     0.300000        33513         1.43
    2707.455     0.400000        44688         1.67
    3731.455     0.500000        55852         2.00
    4155.391     0.550000        61442         2.22
    4661.247     0.600000        67065         2.50
    5255.167     0.650000        72621         2.86
    5722.111     0.700000        78220         3.33
    6254.591     0.750000        83795         4.00
    6524.927     0.775000        86565         4.44
    6803.455     0.800000        89398         5.00
    7061.503     0.825000        92153         5.71
    7340.031     0.850000        94953         6.67
    7651.327     0.875000        97736         8.00
    7790.591     0.887500        99130         8.89
    7909.375     0.900000       100537        10.00
    8036.351     0.912500       101928        11.43
    8155.135     0.925000       103318        13.33
    8265.727     0.937500       104723        16.00
    8335.359     0.943750       105438        17.78
    8396.799     0.950000       106171        20.00
    8454.143     0.956250       106876        22.86
    8511.487     0.962500       107532        26.67
    8577.023     0.968750       108262        32.00
    8601.599     0.971875       108559        35.56
    8634.367     0.975000       108915        40.00
    8667.135     0.978125       109277        45.71
    8699.903     0.981250       109620        53.33
    8732.671     0.984375       110014        64.00
    8749.055     0.985938       110227        71.11
    8757.247     0.987500       110331        80.00
    8773.631     0.989062       110549        91.43
    8790.015     0.990625       110742       106.67
    8798.207     0.992188       110843       128.00
    8806.399     0.992969       110964       142.22
    8814.591     0.993750       111056       160.00
    8822.783     0.994531       111146       182.86
    8830.975     0.995313       111218       213.33
    8839.167     0.996094       111302       256.00
    8839.167     0.996484       111302       284.44
    8847.359     0.996875       111386       320.00
    8847.359     0.997266       111386       365.71
    8855.551     0.997656       111451       426.67
    8863.743     0.998047       111515       512.00
    8863.743     0.998242       111515       568.89
    8863.743     0.998437       111515       640.00
    8871.935     0.998633       111567       731.43
    8871.935     0.998828       111567       853.33
    8880.127     0.999023       111612      1024.00
    8880.127     0.999121       111612      1137.78
    8880.127     0.999219       111612      1280.00
    8888.319     0.999316       111638      1462.86
    8888.319     0.999414       111638      1706.67
    8888.319     0.999512       111638      2048.00
    8896.511     0.999561       111657      2275.56
    8896.511     0.999609       111657      2560.00
    8896.511     0.999658       111657      2925.71
    8896.511     0.999707       111657      3413.33
    8904.703     0.999756       111664      4096.00
    8912.895     0.999780       111671      4551.11
    8912.895     0.999805       111671      5120.00
    8912.895     0.999829       111671      5851.43
    8921.087     0.999854       111676      6826.67
    8921.087     0.999878       111676      8192.00
    8929.279     0.999890       111679      9102.22
    8929.279     0.999902       111679     10240.00
    8937.471     0.999915       111684     11702.86
    8937.471     0.999927       111684     13653.33
    8937.471     0.999939       111684     16384.00
    8937.471     0.999945       111684     18204.44
    8937.471     0.999951       111684     20480.00
    8945.663     0.999957       111687     23405.71
    8945.663     0.999963       111687     27306.67
    8945.663     0.999969       111687     32768.00
    8945.663     0.999973       111687     36408.89
    8945.663     0.999976       111687     40960.00
    8945.663     0.999979       111687     46811.43
    8945.663     0.999982       111687     54613.33
    8953.855     0.999985       111689     65536.00
    8953.855     1.000000       111689          inf
#[Mean    =     4037.172, StdDeviation   =     2585.876]
#[Max     =     8945.664, Total count    =       111689]
#[Buckets =           27, SubBuckets     =         2048]
----------------------------------------------------------
  111699 requests in 10.00s, 18.64MB read
Requests/sec:  11167.36
Transfer/sec:      1.86MB
