Running 10s test @ http://172.16.135.130
  10 threads and 100 connections
  Thread Stats   Avg      Stdev     Max   +/- Stdev
    Latency     4.56s     2.58s    8.86s    57.97%
    Req/Sec       -nan      -nan   0.00      0.00%
  Latency Distribution (HdrHistogram - Recorded Latency)
 50.000%    4.56s 
 75.000%    6.75s 
 90.000%    8.04s 
 99.000%    8.72s 
 99.900%    8.81s 
 99.990%    8.86s 
 99.999%    8.86s 
100.000%    8.87s 

  Detailed Percentile spectrum:
       Value   Percentile   TotalCount 1/(1-Percentile)

       0.241     0.000000            1         1.00
     847.871     0.100000        11821         1.11
    1854.463     0.200000        23637         1.25
    2824.191     0.300000        35473         1.43
    3768.319     0.400000        47287         1.67
    4562.943     0.500000        59119         2.00
    5148.671     0.550000        64991         2.22
    5644.287     0.600000        70947         2.50
    6090.751     0.650000        76827         2.86
    6406.143     0.700000        82719         3.33
    6754.303     0.750000        88695         4.00
    7000.063     0.775000        91631         4.44
    7233.535     0.800000        94537         5.00
    7438.335     0.825000        97510         5.71
    7614.463     0.850000       100482         6.67
    7823.359     0.875000       103412         8.00
    7946.239     0.887500       104883         8.89
    8040.447     0.900000       106361        10.00
    8146.943     0.912500       107849        11.43
    8241.151     0.925000       109315        13.33
    8335.359     0.937500       110843        16.00
    8376.319     0.943750       111582        17.78
    8421.375     0.950000       112388        20.00
    8462.335     0.956250       113063        22.86
    8503.295     0.962500       113743        26.67
    8552.447     0.968750       114534        32.00
    8577.023     0.971875       114948        35.56
    8601.599     0.975000       115317        40.00
    8626.175     0.978125       115675        45.71
    8650.751     0.981250       116030        53.33
    8675.327     0.984375       116420        64.00
    8683.519     0.985938       116547        71.11
    8699.903     0.987500       116787        80.00
    8708.095     0.989062       116908        91.43
    8724.479     0.990625       117113       106.67
    8740.863     0.992188       117346       128.00
    8740.863     0.992969       117346       142.22
    8749.055     0.993750       117460       160.00
    8757.247     0.994531       117567       182.86
    8765.439     0.995313       117659       213.33
    8773.631     0.996094       117753       256.00
    8773.631     0.996484       117753       284.44
    8781.823     0.996875       117841       320.00
    8781.823     0.997266       117841       365.71
    8790.015     0.997656       117923       426.67
    8798.207     0.998047       117972       512.00
    8798.207     0.998242       117972       568.89
    8806.399     0.998437       118025       640.00
    8806.399     0.998633       118025       731.43
    8814.591     0.998828       118058       853.33
    8814.591     0.999023       118058      1024.00
    8822.783     0.999121       118091      1137.78
    8822.783     0.999219       118091      1280.00
    8822.783     0.999316       118091      1462.86
    8830.975     0.999414       118116      1706.67
    8830.975     0.999512       118116      2048.00
    8830.975     0.999561       118116      2275.56
    8839.167     0.999609       118130      2560.00
    8839.167     0.999658       118130      2925.71
    8839.167     0.999707       118130      3413.33
    8847.359     0.999756       118150      4096.00
    8847.359     0.999780       118150      4551.11
    8847.359     0.999805       118150      5120.00
    8847.359     0.999829       118150      5851.43
    8847.359     0.999854       118150      6826.67
    8847.359     0.999878       118150      8192.00
    8855.551     0.999890       118159      9102.22
    8855.551     0.999902       118159     10240.00
    8855.551     0.999915       118159     11702.86
    8855.551     0.999927       118159     13653.33
    8855.551     0.999939       118159     16384.00
    8855.551     0.999945       118159     18204.44
    8855.551     0.999951       118159     20480.00
    8855.551     0.999957       118159     23405.71
    8863.743     0.999963       118163     27306.67
    8863.743     0.999969       118163     32768.00
    8863.743     0.999973       118163     36408.89
    8863.743     0.999976       118163     40960.00
    8863.743     0.999979       118163     46811.43
    8863.743     0.999982       118163     54613.33
    8863.743     0.999985       118163     65536.00
    8863.743     0.999986       118163     72817.78
    8863.743     0.999988       118163     81920.00
    8863.743     0.999989       118163     93622.86
    8863.743     0.999991       118163    109226.67
    8871.935     0.999992       118164    131072.00
    8871.935     1.000000       118164          inf
#[Mean    =     4558.505, StdDeviation   =     2582.413]
#[Max     =     8863.744, Total count    =       118164]
#[Buckets =           27, SubBuckets     =         2048]
----------------------------------------------------------
  118175 requests in 10.00s, 19.72MB read
Requests/sec:  11816.46
Transfer/sec:      1.97MB
