Running 10s test @ http://localhost
  2 threads and 10 connections
  Thread Stats   Avg      Stdev     Max   +/- Stdev
    Latency     1.48ms  780.74us  12.58ms   76.20%
    Req/Sec       -nan      -nan   0.00      0.00%
  Latency Distribution (HdrHistogram - Recorded Latency)
 50.000%    1.37ms
 75.000%    1.86ms
 90.000%    2.36ms
 99.000%    3.78ms
 99.900%    8.57ms
 99.990%   11.06ms
 99.999%   12.28ms
100.000%   12.58ms

  Detailed Percentile spectrum:
       Value   Percentile   TotalCount 1/(1-Percentile)

       0.139     0.000000            1         1.00
       0.655     0.100000         8001         1.11
       0.861     0.200000        16012         1.25
       1.036     0.300000        23996         1.43
       1.204     0.400000        31962         1.67
       1.372     0.500000        39996         2.00
       1.459     0.550000        43969         2.22
       1.550     0.600000        47962         2.50
       1.645     0.650000        51972         2.86
       1.747     0.700000        55976         3.33
       1.858     0.750000        59929         4.00
       1.921     0.775000        61930         4.44
       1.989     0.800000        63923         5.00
       2.063     0.825000        65948         5.71
       2.149     0.850000        67961         6.67
       2.243     0.875000        69945         8.00
       2.297     0.887500        70922         8.89
       2.357     0.900000        71931        10.00
       2.421     0.912500        72947        11.43
       2.497     0.925000        73927        13.33
       2.591     0.937500        74920        16.00
       2.647     0.943750        75420        17.78
       2.709     0.950000        75918        20.00
       2.783     0.956250        76413        22.86
       2.859     0.962500        76917        26.67
       2.955     0.968750        77411        32.00
       3.015     0.971875        77666        35.56
       3.081     0.975000        77912        40.00
       3.179     0.978125        78160        45.71
       3.277     0.981250        78408        53.33
       3.415     0.984375        78658        64.00
       3.491     0.985938        78781        71.11
       3.593     0.987500        78908        80.00
       3.691     0.989062        79031        91.43
       3.825     0.990625        79154       106.67
       4.049     0.992188        79279       128.00
       4.175     0.992969        79342       142.22
       4.355     0.993750        79404       160.00
       4.535     0.994531        79468       182.86
       4.775     0.995313        79530       213.33
       5.119     0.996094        79591       256.00
       5.351     0.996484        79623       284.44
       5.687     0.996875        79654       320.00
       6.003     0.997266        79685       365.71
       6.455     0.997656        79718       426.67
       6.879     0.998047        79747       512.00
       7.299     0.998242        79763       568.89
       7.503     0.998437        79779       640.00
       7.927     0.998633        79794       731.43
       8.255     0.998828        79810       853.33
       8.631     0.999023        79825      1024.00
       8.815     0.999121        79833      1137.78
       8.983     0.999219        79841      1280.00
       9.159     0.999316        79850      1462.86
       9.359     0.999414        79857      1706.67
       9.559     0.999512        79864      2048.00
       9.783     0.999561        79869      2275.56
       9.863     0.999609        79872      2560.00
       9.959     0.999658        79876      2925.71
      10.087     0.999707        79880      3413.33
      10.383     0.999756        79884      4096.00
      10.559     0.999780        79887      4551.11
      10.671     0.999805        79888      5120.00
      10.695     0.999829        79890      5851.43
      10.927     0.999854        79892      6826.67
      11.031     0.999878        79894      8192.00
      11.055     0.999890        79895      9102.22
      11.263     0.999902        79896     10240.00
      11.343     0.999915        79897     11702.86
      11.487     0.999927        79898     13653.33
      11.615     0.999939        79899     16384.00
      11.615     0.999945        79899     18204.44
      11.975     0.999951        79900     20480.00
      11.975     0.999957        79900     23405.71
      12.095     0.999963        79901     27306.67
      12.095     0.999969        79901     32768.00
      12.095     0.999973        79901     36408.89
      12.279     0.999976        79902     40960.00
      12.279     0.999979        79902     46811.43
      12.279     0.999982        79902     54613.33
      12.279     0.999985        79902     65536.00
      12.279     0.999986        79902     72817.78
      12.583     0.999988        79903     81920.00
      12.583     1.000000        79903          inf
#[Mean    =        1.477, StdDeviation   =        0.781]
#[Max     =       12.576, Total count    =        79903]
#[Buckets =           27, SubBuckets     =         2048]
----------------------------------------------------------
  79905 requests in 10.00s, 13.34MB read
Requests/sec:   7990.05
Transfer/sec:      1.33MB
