Running 10s test @ http://localhost
  2 threads and 10 connections
  Thread Stats   Avg      Stdev     Max   +/- Stdev
    Latency     1.60ms    1.26ms  22.83ms   93.31%
    Req/Sec       -nan      -nan   0.00      0.00%
  Latency Distribution (HdrHistogram - Recorded Latency)
 50.000%    1.40ms
 75.000%    1.91ms
 90.000%    2.48ms
 99.000%    6.55ms
 99.900%   15.53ms
 99.990%   20.29ms
 99.999%   22.72ms
100.000%   22.85ms

  Detailed Percentile spectrum:
       Value   Percentile   TotalCount 1/(1-Percentile)

       0.110     0.000000            1         1.00
       0.653     0.100000         8004         1.11
       0.860     0.200000        15998         1.25
       1.042     0.300000        23971         1.43
       1.218     0.400000        31961         1.67
       1.396     0.500000        39951         2.00
       1.488     0.550000        43943         2.22
       1.587     0.600000        47956         2.50
       1.687     0.650000        51933         2.86
       1.794     0.700000        55950         3.33
       1.915     0.750000        59918         4.00
       1.982     0.775000        61927         4.44
       2.055     0.800000        63920         5.00
       2.139     0.825000        65933         5.71
       2.229     0.850000        67924         6.67
       2.343     0.875000        69916         8.00
       2.407     0.887500        70899         8.89
       2.483     0.900000        71907        10.00
       2.571     0.912500        72905        11.43
       2.677     0.925000        73900        13.33
       2.813     0.937500        74903        16.00
       2.897     0.943750        75403        17.78
       2.997     0.950000        75893        20.00
       3.113     0.956250        76395        22.86
       3.261     0.962500        76890        26.67
       3.457     0.968750        77387        32.00
       3.589     0.971875        77639        35.56
       3.749     0.975000        77888        40.00
       3.935     0.978125        78135        45.71
       4.183     0.981250        78387        53.33
       4.615     0.984375        78636        64.00
       4.955     0.985938        78759        71.11
       5.467     0.987500        78884        80.00
       6.147     0.989062        79010        91.43
       6.887     0.990625        79135       106.67
       8.059     0.992188        79259       128.00
       8.687     0.992969        79321       142.22
       9.367     0.993750        79383       160.00
      10.183     0.994531        79446       182.86
      10.735     0.995313        79509       213.33
      11.383     0.996094        79570       256.00
      11.743     0.996484        79602       284.44
      12.263     0.996875        79633       320.00
      12.623     0.997266        79664       365.71
      13.215     0.997656        79695       426.67
      13.815     0.998047        79727       512.00
      14.111     0.998242        79742       568.89
      14.407     0.998437        79758       640.00
      14.671     0.998633        79773       731.43
      15.167     0.998828        79789       853.33
      15.671     0.999023        79804      1024.00
      16.031     0.999121        79812      1137.78
      16.463     0.999219        79821      1280.00
      16.863     0.999316        79828      1462.86
      17.359     0.999414        79836      1706.67
      17.807     0.999512        79843      2048.00
      17.935     0.999561        79847      2275.56
      18.127     0.999609        79851      2560.00
      18.751     0.999658        79855      2925.71
      18.959     0.999707        79859      3413.33
      19.535     0.999756        79863      4096.00
      19.583     0.999780        79865      4551.11
      19.679     0.999805        79867      5120.00
      19.935     0.999829        79869      5851.43
      20.127     0.999854        79871      6826.67
      20.207     0.999878        79873      8192.00
      20.287     0.999890        79874      9102.22
      20.527     0.999902        79875     10240.00
      20.975     0.999915        79876     11702.86
      21.055     0.999927        79877     13653.33
      21.103     0.999939        79878     16384.00
      21.103     0.999945        79878     18204.44
      21.743     0.999951        79879     20480.00
      21.743     0.999957        79879     23405.71
      21.871     0.999963        79880     27306.67
      21.871     0.999969        79880     32768.00
      21.871     0.999973        79880     36408.89
      22.719     0.999976        79881     40960.00
      22.719     0.999979        79881     46811.43
      22.719     0.999982        79881     54613.33
      22.719     0.999985        79881     65536.00
      22.719     0.999986        79881     72817.78
      22.847     0.999988        79882     81920.00
      22.847     1.000000        79882          inf
#[Mean    =        1.595, StdDeviation   =        1.265]
#[Max     =       22.832, Total count    =        79882]
#[Buckets =           27, SubBuckets     =         2048]
----------------------------------------------------------
  79884 requests in 10.00s, 13.33MB read
Requests/sec:   7988.21
Transfer/sec:      1.33MB
