Running 10s test @ http://localhost
  2 threads and 10 connections
  Thread Stats   Avg      Stdev     Max   +/- Stdev
    Latency     1.48ms  833.40us  17.31ms   80.51%
    Req/Sec       -nan      -nan   0.00      0.00%
  Latency Distribution (HdrHistogram - Recorded Latency)
 50.000%    1.36ms
 75.000%    1.85ms
 90.000%    2.32ms
 99.000%    3.96ms
 99.900%    9.81ms
 99.990%   13.85ms
 99.999%   16.53ms
100.000%   17.33ms

  Detailed Percentile spectrum:
       Value   Percentile   TotalCount 1/(1-Percentile)

       0.104     0.000000            1         1.00
       0.659     0.100000         7993         1.11
       0.863     0.200000        16024         1.25
       1.037     0.300000        23978         1.43
       1.198     0.400000        31995         1.67
       1.362     0.500000        39965         2.00
       1.450     0.550000        43959         2.22
       1.539     0.600000        47951         2.50
       1.636     0.650000        51941         2.86
       1.737     0.700000        55954         3.33
       1.845     0.750000        59938         4.00
       1.905     0.775000        61928         4.44
       1.970     0.800000        63943         5.00
       2.041     0.825000        65928         5.71
       2.121     0.850000        67953         6.67
       2.211     0.875000        69919         8.00
       2.265     0.887500        70914         8.89
       2.321     0.900000        71914        10.00
       2.389     0.912500        72917        11.43
       2.465     0.925000        73916        13.33
       2.555     0.937500        74912        16.00
       2.609     0.943750        75417        17.78
       2.675     0.950000        75917        20.00
       2.751     0.956250        76418        22.86
       2.831     0.962500        76908        26.67
       2.935     0.968750        77408        32.00
       2.999     0.971875        77654        35.56
       3.071     0.975000        77902        40.00
       3.173     0.978125        78156        45.71
       3.309     0.981250        78400        53.33
       3.471     0.984375        78651        64.00
       3.579     0.985938        78776        71.11
       3.717     0.987500        78900        80.00
       3.867     0.989062        79025        91.43
       4.049     0.990625        79149       106.67
       4.335     0.992188        79275       128.00
       4.575     0.992969        79337       142.22
       4.807     0.993750        79399       160.00
       5.111     0.994531        79462       182.86
       5.483     0.995313        79524       213.33
       6.059     0.996094        79587       256.00
       6.431     0.996484        79619       284.44
       6.743     0.996875        79649       320.00
       7.179     0.997266        79680       365.71
       7.595     0.997656        79711       426.67
       8.155     0.998047        79742       512.00
       8.431     0.998242        79758       568.89
       8.791     0.998437        79774       640.00
       9.087     0.998633        79789       731.43
       9.511     0.998828        79806       853.33
       9.847     0.999023        79820      1024.00
      10.071     0.999121        79828      1137.78
      10.335     0.999219        79836      1280.00
      10.575     0.999316        79844      1462.86
      10.951     0.999414        79852      1706.67
      11.359     0.999512        79859      2048.00
      11.599     0.999561        79863      2275.56
      11.903     0.999609        79867      2560.00
      12.095     0.999658        79871      2925.71
      12.423     0.999707        79875      3413.33
      12.551     0.999756        79879      4096.00
      12.671     0.999780        79881      4551.11
      12.935     0.999805        79883      5120.00
      13.063     0.999829        79885      5851.43
      13.351     0.999854        79887      6826.67
      13.655     0.999878        79889      8192.00
      13.855     0.999890        79890      9102.22
      14.023     0.999902        79891     10240.00
      14.359     0.999915        79892     11702.86
      14.519     0.999927        79893     13653.33
      14.863     0.999939        79894     16384.00
      14.863     0.999945        79894     18204.44
      15.671     0.999951        79895     20480.00
      15.671     0.999957        79895     23405.71
      15.687     0.999963        79896     27306.67
      15.687     0.999969        79896     32768.00
      15.687     0.999973        79896     36408.89
      16.527     0.999976        79897     40960.00
      16.527     0.999979        79897     46811.43
      16.527     0.999982        79897     54613.33
      16.527     0.999985        79897     65536.00
      16.527     0.999986        79897     72817.78
      17.327     0.999988        79898     81920.00
      17.327     1.000000        79898          inf
#[Mean    =        1.477, StdDeviation   =        0.833]
#[Max     =       17.312, Total count    =        79898]
#[Buckets =           27, SubBuckets     =         2048]
----------------------------------------------------------
  79902 requests in 10.00s, 13.34MB read
Requests/sec:   7990.40
Transfer/sec:      1.33MB
