Running 10s test @ http://localhost
  2 threads and 10 connections
  Thread Stats   Avg      Stdev     Max   +/- Stdev
    Latency     1.69ms    1.77ms  41.70ms   95.74%
    Req/Sec       -nan      -nan   0.00      0.00%
  Latency Distribution (HdrHistogram - Recorded Latency)
 50.000%    1.42ms
 75.000%    1.95ms
 90.000%    2.59ms
 99.000%    7.31ms
 99.900%   24.80ms
 99.990%   39.68ms
 99.999%   41.63ms
100.000%   41.73ms

  Detailed Percentile spectrum:
       Value   Percentile   TotalCount 1/(1-Percentile)

       0.130     0.000000            1         1.00
       0.672     0.100000         8021         1.11
       0.883     0.200000        15997         1.25
       1.065     0.300000        23989         1.43
       1.241     0.400000        32001         1.67
       1.418     0.500000        39964         2.00
       1.511     0.550000        43974         2.22
       1.613     0.600000        47983         2.50
       1.718     0.650000        51976         2.86
       1.832     0.700000        55958         3.33
       1.954     0.750000        59943         4.00
       2.024     0.775000        61942         4.44
       2.105     0.800000        63971         5.00
       2.193     0.825000        65964         5.71
       2.293     0.850000        67949         6.67
       2.419     0.875000        69935         8.00
       2.495     0.887500        70935         8.89
       2.587     0.900000        71929        10.00
       2.691     0.912500        72936        11.43
       2.829     0.925000        73929        13.33
       2.995     0.937500        74930        16.00
       3.101     0.943750        75425        17.78
       3.243     0.950000        75920        20.00
       3.419     0.956250        76419        22.86
       3.651     0.962500        76918        26.67
       3.969     0.968750        77418        32.00
       4.175     0.971875        77668        35.56
       4.435     0.975000        77921        40.00
       4.719     0.978125        78167        45.71
       5.135     0.981250        78417        53.33
       5.667     0.984375        78666        64.00
       5.991     0.985938        78791        71.11
       6.431     0.987500        78916        80.00
       6.895     0.989062        79041        91.43
       7.591     0.990625        79165       106.67
       8.463     0.992188        79290       128.00
       9.007     0.992969        79353       142.22
       9.895     0.993750        79415       160.00
      11.159     0.994531        79477       182.86
      12.567     0.995313        79540       213.33
      14.191     0.996094        79602       256.00
      15.503     0.996484        79634       284.44
      16.719     0.996875        79667       320.00
      17.919     0.997266        79696       365.71
      19.087     0.997656        79727       426.67
      20.591     0.998047        79758       512.00
      21.439     0.998242        79774       568.89
      22.111     0.998437        79790       640.00
      23.039     0.998633        79805       731.43
      23.727     0.998828        79821       853.33
      25.119     0.999023        79836      1024.00
      25.727     0.999121        79844      1137.78
      27.343     0.999219        79852      1280.00
      30.495     0.999316        79860      1462.86
      33.247     0.999414        79868      1706.67
      34.399     0.999512        79875      2048.00
      35.455     0.999561        79879      2275.56
      35.647     0.999609        79883      2560.00
      36.447     0.999658        79887      2925.71
      37.407     0.999707        79891      3413.33
      38.495     0.999756        79895      4096.00
      38.815     0.999780        79897      4551.11
      38.943     0.999805        79899      5120.00
      39.423     0.999829        79901      5851.43
      39.551     0.999854        79904      6826.67
      39.615     0.999878        79905      8192.00
      39.679     0.999890        79906      9102.22
      39.807     0.999902        79907     10240.00
      39.999     0.999915        79908     11702.86
      40.127     0.999927        79910     13653.33
      40.127     0.999939        79910     16384.00
      40.127     0.999945        79910     18204.44
      40.223     0.999951        79911     20480.00
      40.223     0.999957        79911     23405.71
      40.831     0.999963        79912     27306.67
      40.831     0.999969        79912     32768.00
      40.831     0.999973        79912     36408.89
      41.631     0.999976        79913     40960.00
      41.631     0.999979        79913     46811.43
      41.631     0.999982        79913     54613.33
      41.631     0.999985        79913     65536.00
      41.631     0.999986        79913     72817.78
      41.727     0.999988        79914     81920.00
      41.727     1.000000        79914          inf
#[Mean    =        1.691, StdDeviation   =        1.766]
#[Max     =       41.696, Total count    =        79914]
#[Buckets =           27, SubBuckets     =         2048]
----------------------------------------------------------
  79917 requests in 10.00s, 13.34MB read
Requests/sec:   7991.53
Transfer/sec:      1.33MB
