Running 10s test @ http://localhost
  2 threads and 10 connections
  Thread Stats   Avg      Stdev     Max   +/- Stdev
    Latency     1.68ms    1.53ms  22.78ms   94.97%
    Req/Sec       -nan      -nan   0.00      0.00%
  Latency Distribution (HdrHistogram - Recorded Latency)
 50.000%    1.40ms
 75.000%    1.92ms
 90.000%    2.54ms
 99.000%    9.34ms
 99.900%   16.70ms
 99.990%   20.99ms
 99.999%   22.66ms
100.000%   22.80ms

  Detailed Percentile spectrum:
       Value   Percentile   TotalCount 1/(1-Percentile)

       0.120     0.000000            1         1.00
       0.670     0.100000         7997         1.11
       0.877     0.200000        15994         1.25
       1.056     0.300000        24019         1.43
       1.227     0.400000        31996         1.67
       1.403     0.500000        39984         2.00
       1.494     0.550000        43956         2.22
       1.592     0.600000        47984         2.50
       1.692     0.650000        51956         2.86
       1.803     0.700000        55975         3.33
       1.924     0.750000        59962         4.00
       1.993     0.775000        61933         4.44
       2.073     0.800000        63952         5.00
       2.159     0.825000        65942         5.71
       2.257     0.850000        67929         6.67
       2.377     0.875000        69938         8.00
       2.447     0.887500        70930         8.89
       2.535     0.900000        71922        10.00
       2.641     0.912500        72936        11.43
       2.775     0.925000        73926        13.33
       2.951     0.937500        74931        16.00
       3.063     0.943750        75417        17.78
       3.219     0.950000        75919        20.00
       3.439     0.956250        76416        22.86
       3.749     0.962500        76916        26.67
       4.283     0.968750        77416        32.00
       4.687     0.971875        77665        35.56
       5.171     0.975000        77916        40.00
       5.771     0.978125        78166        45.71
       6.491     0.981250        78414        53.33
       7.335     0.984375        78664        64.00
       7.815     0.985938        78791        71.11
       8.319     0.987500        78914        80.00
       8.895     0.989062        79038        91.43
       9.647     0.990625        79164       106.67
      10.543     0.992188        79288       128.00
      11.071     0.992969        79353       142.22
      11.447     0.993750        79414       160.00
      11.927     0.994531        79475       182.86
      12.511     0.995313        79538       213.33
      13.143     0.996094        79602       256.00
      13.503     0.996484        79632       284.44
      13.839     0.996875        79664       320.00
      14.215     0.997266        79694       365.71
      14.751     0.997656        79725       426.67
      15.215     0.998047        79756       512.00
      15.527     0.998242        79772       568.89
      15.735     0.998437        79788       640.00
      16.063     0.998633        79803       731.43
      16.463     0.998828        79821       853.33
      16.703     0.999023        79835      1024.00
      17.007     0.999121        79842      1137.78
      17.247     0.999219        79850      1280.00
      17.663     0.999316        79858      1462.86
      18.607     0.999414        79866      1706.67
      19.151     0.999512        79873      2048.00
      19.327     0.999561        79877      2275.56
      19.551     0.999609        79881      2560.00
      19.759     0.999658        79885      2925.71
      20.031     0.999707        79889      3413.33
      20.143     0.999756        79893      4096.00
      20.207     0.999780        79895      4551.11
      20.399     0.999805        79897      5120.00
      20.623     0.999829        79899      5851.43
      20.671     0.999854        79901      6826.67
      20.911     0.999878        79903      8192.00
      20.991     0.999890        79904      9102.22
      21.375     0.999902        79905     10240.00
      21.471     0.999915        79906     11702.86
      21.535     0.999927        79907     13653.33
      22.015     0.999939        79908     16384.00
      22.015     0.999945        79908     18204.44
      22.175     0.999951        79909     20480.00
      22.175     0.999957        79909     23405.71
      22.367     0.999963        79910     27306.67
      22.367     0.999969        79910     32768.00
      22.367     0.999973        79910     36408.89
      22.655     0.999976        79911     40960.00
      22.655     0.999979        79911     46811.43
      22.655     0.999982        79911     54613.33
      22.655     0.999985        79911     65536.00
      22.655     0.999986        79911     72817.78
      22.799     0.999988        79912     81920.00
      22.799     1.000000        79912          inf
#[Mean    =        1.682, StdDeviation   =        1.528]
#[Max     =       22.784, Total count    =        79912]
#[Buckets =           27, SubBuckets     =         2048]
----------------------------------------------------------
  79914 requests in 10.00s, 13.34MB read
Requests/sec:   7991.28
Transfer/sec:      1.33MB
