Running 10s test @ http://localhost
  2 threads and 10 connections
  Thread Stats   Avg      Stdev     Max   +/- Stdev
    Latency     1.59ms    1.33ms  30.21ms   94.98%
    Req/Sec       -nan      -nan   0.00      0.00%
  Latency Distribution (HdrHistogram - Recorded Latency)
 50.000%    1.38ms
 75.000%    1.88ms
 90.000%    2.40ms
 99.000%    7.79ms
 99.900%   15.70ms
 99.990%   23.76ms
 99.999%   29.87ms
100.000%   30.22ms

  Detailed Percentile spectrum:
       Value   Percentile   TotalCount 1/(1-Percentile)

       0.099     0.000000            1         1.00
       0.651     0.100000         8000         1.11
       0.860     0.200000        16006         1.25
       1.041     0.300000        24007         1.43
       1.210     0.400000        31978         1.67
       1.379     0.500000        39966         2.00
       1.469     0.550000        43959         2.22
       1.562     0.600000        47949         2.50
       1.659     0.650000        51990         2.86
       1.764     0.700000        55945         3.33
       1.880     0.750000        59954         4.00
       1.943     0.775000        61950         4.44
       2.009     0.800000        63945         5.00
       2.089     0.825000        65977         5.71
       2.171     0.850000        67921         6.67
       2.269     0.875000        69934         8.00
       2.331     0.887500        70924         8.89
       2.401     0.900000        71935        10.00
       2.479     0.912500        72933        11.43
       2.583     0.925000        73925        13.33
       2.709     0.937500        74920        16.00
       2.789     0.943750        75431        17.78
       2.879     0.950000        75925        20.00
       2.997     0.956250        76412        22.86
       3.157     0.962500        76913        26.67
       3.373     0.968750        77410        32.00
       3.537     0.971875        77660        35.56
       3.761     0.975000        77912        40.00
       4.077     0.978125        78160        45.71
       4.531     0.981250        78410        53.33
       5.239     0.984375        78659        64.00
       5.807     0.985938        78785        71.11
       6.467     0.987500        78909        80.00
       7.235     0.989062        79034        91.43
       8.115     0.990625        79159       106.67
       9.079     0.992188        79283       128.00
       9.567     0.992969        79347       142.22
      10.015     0.993750        79409       160.00
      10.511     0.994531        79472       182.86
      11.119     0.995313        79533       213.33
      11.807     0.996094        79595       256.00
      12.095     0.996484        79627       284.44
      12.511     0.996875        79658       320.00
      12.815     0.997266        79689       365.71
      13.151     0.997656        79721       426.67
      13.567     0.998047        79751       512.00
      13.839     0.998242        79767       568.89
      14.247     0.998437        79783       640.00
      14.655     0.998633        79798       731.43
      15.247     0.998828        79814       853.33
      15.775     0.999023        79830      1024.00
      16.295     0.999121        79837      1137.78
      16.687     0.999219        79845      1280.00
      17.391     0.999316        79853      1462.86
      17.775     0.999414        79861      1706.67
      18.111     0.999512        79868      2048.00
      18.287     0.999561        79872      2275.56
      18.431     0.999609        79876      2560.00
      19.327     0.999658        79880      2925.71
      20.095     0.999707        79884      3413.33
      20.687     0.999756        79888      4096.00
      21.055     0.999780        79890      4551.11
      21.631     0.999805        79892      5120.00
      22.127     0.999829        79894      5851.43
      23.007     0.999854        79896      6826.67
      23.423     0.999878        79898      8192.00
      23.759     0.999890        79899      9102.22
      24.767     0.999902        79900     10240.00
      25.775     0.999915        79901     11702.86
      26.831     0.999927        79902     13653.33
      27.887     0.999939        79903     16384.00
      27.887     0.999945        79903     18204.44
      28.895     0.999951        79904     20480.00
      28.895     0.999957        79904     23405.71
      29.647     0.999963        79905     27306.67
      29.647     0.999969        79905     32768.00
      29.647     0.999973        79905     36408.89
      29.871     0.999976        79906     40960.00
      29.871     0.999979        79906     46811.43
      29.871     0.999982        79906     54613.33
      29.871     0.999985        79906     65536.00
      29.871     0.999986        79906     72817.78
      30.223     0.999988        79907     81920.00
      30.223     1.000000        79907          inf
#[Mean    =        1.586, StdDeviation   =        1.328]
#[Max     =       30.208, Total count    =        79907]
#[Buckets =           27, SubBuckets     =         2048]
----------------------------------------------------------
  79912 requests in 10.00s, 13.34MB read
Requests/sec:   7991.50
Transfer/sec:      1.33MB
