Running 10s test @ http://localhost
  2 threads and 10 connections
  Thread Stats   Avg      Stdev     Max   +/- Stdev
    Latency     1.52ms    1.22ms  21.50ms   95.16%
    Req/Sec       -nan      -nan   0.00      0.00%
  Latency Distribution (HdrHistogram - Recorded Latency)
 50.000%    1.35ms
 75.000%    1.83ms
 90.000%    2.30ms
 99.000%    6.63ms
 99.900%   15.37ms
 99.990%   18.09ms
 99.999%   20.80ms
100.000%   21.52ms

  Detailed Percentile spectrum:
       Value   Percentile   TotalCount 1/(1-Percentile)

       0.115     0.000000            1         1.00
       0.635     0.100000         8009         1.11
       0.842     0.200000        16020         1.25
       1.016     0.300000        24011         1.43
       1.184     0.400000        31990         1.67
       1.351     0.500000        39956         2.00
       1.439     0.550000        43970         2.22
       1.530     0.600000        47985         2.50
       1.626     0.650000        51964         2.86
       1.726     0.700000        55957         3.33
       1.833     0.750000        59956         4.00
       1.892     0.775000        61954         4.44
       1.954     0.800000        63928         5.00
       2.024     0.825000        65949         5.71
       2.101     0.850000        67930         6.67
       2.191     0.875000        69933         8.00
       2.243     0.887500        70952         8.89
       2.297     0.900000        71927        10.00
       2.363     0.912500        72919        11.43
       2.437     0.925000        73920        13.33
       2.529     0.937500        74915        16.00
       2.585     0.943750        75426        17.78
       2.649     0.950000        75916        20.00
       2.721     0.956250        76427        22.86
       2.815     0.962500        76919        26.67
       2.929     0.968750        77418        32.00
       3.011     0.971875        77663        35.56
       3.113     0.975000        77915        40.00
       3.257     0.978125        78162        45.71
       3.519     0.981250        78413        53.33
       3.981     0.984375        78661        64.00
       4.403     0.985938        78787        71.11
       5.187     0.987500        78911        80.00
       6.071     0.989062        79035        91.43
       6.959     0.990625        79161       106.67
       8.155     0.992188        79285       128.00
       8.927     0.992969        79348       142.22
       9.775     0.993750        79410       160.00
      10.535     0.994531        79472       182.86
      11.271     0.995313        79535       213.33
      12.063     0.996094        79597       256.00
      12.407     0.996484        79630       284.44
      12.807     0.996875        79660       320.00
      13.223     0.997266        79691       365.71
      13.511     0.997656        79722       426.67
      14.007     0.998047        79754       512.00
      14.095     0.998242        79769       568.89
      14.383     0.998437        79786       640.00
      14.775     0.998633        79800       731.43
      15.079     0.998828        79816       853.33
      15.383     0.999023        79833      1024.00
      15.575     0.999121        79839      1137.78
      15.839     0.999219        79848      1280.00
      15.951     0.999316        79855      1462.86
      16.159     0.999414        79863      1706.67
      16.479     0.999512        79870      2048.00
      16.559     0.999561        79874      2275.56
      16.639     0.999609        79878      2560.00
      16.895     0.999658        79883      2925.71
      17.103     0.999707        79887      3413.33
      17.279     0.999756        79890      4096.00
      17.423     0.999780        79893      4551.11
      17.455     0.999805        79894      5120.00
      17.679     0.999829        79896      5851.43
      17.871     0.999854        79898      6826.67
      18.031     0.999878        79900      8192.00
      18.095     0.999890        79901      9102.22
      18.703     0.999902        79902     10240.00
      18.959     0.999915        79903     11702.86
      19.407     0.999927        79904     13653.33
      19.471     0.999939        79905     16384.00
      19.471     0.999945        79905     18204.44
      19.935     0.999951        79906     20480.00
      19.935     0.999957        79906     23405.71
      20.031     0.999963        79907     27306.67
      20.031     0.999969        79907     32768.00
      20.031     0.999973        79907     36408.89
      20.799     0.999976        79908     40960.00
      20.799     0.999979        79908     46811.43
      20.799     0.999982        79908     54613.33
      20.799     0.999985        79908     65536.00
      20.799     0.999986        79908     72817.78
      21.519     0.999988        79909     81920.00
      21.519     1.000000        79909          inf
#[Mean    =        1.519, StdDeviation   =        1.223]
#[Max     =       21.504, Total count    =        79909]
#[Buckets =           27, SubBuckets     =         2048]
----------------------------------------------------------
  79911 requests in 10.00s, 13.34MB read
Requests/sec:   7990.24
Transfer/sec:      1.33MB
