Running 10s test @ http://localhost
  2 threads and 10 connections
  Thread Stats   Avg      Stdev     Max   +/- Stdev
    Latency     1.49ms    0.89ms  17.70ms   83.36%
    Req/Sec       -nan      -nan   0.00      0.00%
  Latency Distribution (HdrHistogram - Recorded Latency)
 50.000%    1.36ms
 75.000%    1.85ms
 90.000%    2.33ms
 99.000%    4.49ms
 99.900%   10.64ms
 99.990%   14.36ms
 99.999%   16.88ms
100.000%   17.71ms

  Detailed Percentile spectrum:
       Value   Percentile   TotalCount 1/(1-Percentile)

       0.082     0.000000            1         1.00
       0.657     0.100000         7992         1.11
       0.859     0.200000        16022         1.25
       1.031     0.300000        24014         1.43
       1.197     0.400000        31981         1.67
       1.364     0.500000        39961         2.00
       1.450     0.550000        43960         2.22
       1.542     0.600000        47951         2.50
       1.636     0.650000        51961         2.86
       1.735     0.700000        55939         3.33
       1.845     0.750000        59947         4.00
       1.905     0.775000        61962         4.44
       1.968     0.800000        63930         5.00
       2.040     0.825000        65947         5.71
       2.119     0.850000        67931         6.67
       2.213     0.875000        69944         8.00
       2.269     0.887500        70953         8.89
       2.329     0.900000        71942        10.00
       2.397     0.912500        72948        11.43
       2.475     0.925000        73930        13.33
       2.573     0.937500        74931        16.00
       2.627     0.943750        75417        17.78
       2.691     0.950000        75916        20.00
       2.771     0.956250        76418        22.86
       2.865     0.962500        76923        26.67
       2.981     0.968750        77418        32.00
       3.059     0.971875        77664        35.56
       3.147     0.975000        77919        40.00
       3.253     0.978125        78167        45.71
       3.431     0.981250        78414        53.33
       3.655     0.984375        78663        64.00
       3.815     0.985938        78790        71.11
       4.015     0.987500        78913        80.00
       4.303     0.989062        79038        91.43
       4.635     0.990625        79162       106.67
       5.055     0.992188        79288       128.00
       5.351     0.992969        79351       142.22
       5.711     0.993750        79412       160.00
       6.059     0.994531        79474       182.86
       6.491     0.995313        79537       213.33
       7.003     0.996094        79599       256.00
       7.271     0.996484        79632       284.44
       7.587     0.996875        79662       320.00
       7.967     0.997266        79693       365.71
       8.431     0.997656        79725       426.67
       8.855     0.998047        79755       512.00
       9.231     0.998242        79771       568.89
       9.591     0.998437        79787       640.00
       9.887     0.998633        79802       731.43
      10.407     0.998828        79818       853.33
      10.695     0.999023        79833      1024.00
      10.983     0.999121        79842      1137.78
      11.151     0.999219        79849      1280.00
      11.391     0.999316        79857      1462.86
      11.751     0.999414        79865      1706.67
      11.951     0.999512        79872      2048.00
      12.159     0.999561        79877      2275.56
      12.311     0.999609        79880      2560.00
      12.479     0.999658        79884      2925.71
      12.647     0.999707        79888      3413.33
      12.983     0.999756        79892      4096.00
      13.159     0.999780        79894      4551.11
      13.391     0.999805        79896      5120.00
      13.647     0.999829        79898      5851.43
      13.775     0.999854        79900      6826.67
      14.263     0.999878        79902      8192.00
      14.359     0.999890        79903      9102.22
      14.751     0.999902        79904     10240.00
      14.775     0.999915        79905     11702.86
      15.159     0.999927        79906     13653.33
      15.647     0.999939        79907     16384.00
      15.647     0.999945        79907     18204.44
      15.799     0.999951        79908     20480.00
      15.799     0.999957        79908     23405.71
      15.999     0.999963        79909     27306.67
      15.999     0.999969        79909     32768.00
      15.999     0.999973        79909     36408.89
      16.879     0.999976        79910     40960.00
      16.879     0.999979        79910     46811.43
      16.879     0.999982        79910     54613.33
      16.879     0.999985        79910     65536.00
      16.879     0.999986        79910     72817.78
      17.711     0.999988        79911     81920.00
      17.711     1.000000        79911          inf
#[Mean    =        1.488, StdDeviation   =        0.890]
#[Max     =       17.696, Total count    =        79911]
#[Buckets =           27, SubBuckets     =         2048]
----------------------------------------------------------
  79913 requests in 10.00s, 13.34MB read
Requests/sec:   7991.59
Transfer/sec:      1.33MB
