Running 10s test @ http://localhost
  2 threads and 10 connections
  Thread Stats   Avg      Stdev     Max   +/- Stdev
    Latency     1.86ms    3.28ms  63.07ms   97.07%
    Req/Sec       -nan      -nan   0.00      0.00%
  Latency Distribution (HdrHistogram - Recorded Latency)
 50.000%    1.38ms
 75.000%    1.88ms
 90.000%    2.40ms
 99.000%   16.05ms
 99.900%   45.44ms
 99.990%   60.77ms
 99.999%   62.46ms
100.000%   63.10ms

  Detailed Percentile spectrum:
       Value   Percentile   TotalCount 1/(1-Percentile)

       0.100     0.000000            1         1.00
       0.655     0.100000         8013         1.11
       0.859     0.200000        16004         1.25
       1.037     0.300000        24014         1.43
       1.206     0.400000        32008         1.67
       1.376     0.500000        39983         2.00
       1.465     0.550000        43981         2.22
       1.558     0.600000        47954         2.50
       1.659     0.650000        51973         2.86
       1.763     0.700000        55966         3.33
       1.877     0.750000        59939         4.00
       1.938     0.775000        61938         4.44
       2.006     0.800000        63959         5.00
       2.079     0.825000        65940         5.71
       2.165     0.850000        67927         6.67
       2.273     0.875000        69955         8.00
       2.333     0.887500        70929         8.89
       2.405     0.900000        71943        10.00
       2.489     0.912500        72924        11.43
       2.595     0.925000        73933        13.33
       2.735     0.937500        74916        16.00
       2.829     0.943750        75417        17.78
       2.959     0.950000        75918        20.00
       3.145     0.956250        76413        22.86
       3.515     0.962500        76914        26.67
       4.571     0.968750        77413        32.00
       5.591     0.971875        77662        35.56
       6.631     0.975000        77912        40.00
       7.951     0.978125        78161        45.71
       9.759     0.981250        78411        53.33
      11.991     0.984375        78663        64.00
      13.031     0.985938        78786        71.11
      13.975     0.987500        78911        80.00
      15.287     0.989062        79036        91.43
      16.959     0.990625        79161       106.67
      18.751     0.992188        79285       128.00
      19.951     0.992969        79348       142.22
      21.391     0.993750        79410       160.00
      23.919     0.994531        79472       182.86
      26.863     0.995313        79535       213.33
      30.367     0.996094        79597       256.00
      32.511     0.996484        79629       284.44
      34.815     0.996875        79660       320.00
      36.895     0.997266        79691       365.71
      39.295     0.997656        79722       426.67
      41.567     0.998047        79753       512.00
      42.367     0.998242        79770       568.89
      43.007     0.998437        79785       640.00
      43.743     0.998633        79800       731.43
      44.479     0.998828        79816       853.33
      45.695     0.999023        79831      1024.00
      45.919     0.999121        79840      1137.78
      46.495     0.999219        79847      1280.00
      46.815     0.999316        79856      1462.86
      47.167     0.999414        79863      1706.67
      47.679     0.999512        79870      2048.00
      48.255     0.999561        79874      2275.56
      49.023     0.999609        79878      2560.00
      50.847     0.999658        79882      2925.71
      54.399     0.999707        79886      3413.33
      57.503     0.999756        79890      4096.00
      58.559     0.999780        79892      4551.11
      59.263     0.999805        79895      5120.00
      59.519     0.999829        79896      5851.43
      60.031     0.999854        79898      6826.67
      60.479     0.999878        79900      8192.00
      60.767     0.999890        79901      9102.22
      61.119     0.999902        79902     10240.00
      61.407     0.999915        79903     11702.86
      61.503     0.999927        79904     13653.33
      61.567     0.999939        79905     16384.00
      61.567     0.999945        79905     18204.44
      62.239     0.999951        79906     20480.00
      62.239     0.999957        79906     23405.71
      62.335     0.999963        79907     27306.67
      62.335     0.999969        79907     32768.00
      62.335     0.999973        79907     36408.89
      62.463     0.999976        79908     40960.00
      62.463     0.999979        79908     46811.43
      62.463     0.999982        79908     54613.33
      62.463     0.999985        79908     65536.00
      62.463     0.999986        79908     72817.78
      63.103     0.999988        79909     81920.00
      63.103     1.000000        79909          inf
#[Mean    =        1.865, StdDeviation   =        3.278]
#[Max     =       63.072, Total count    =        79909]
#[Buckets =           27, SubBuckets     =         2048]
----------------------------------------------------------
  79912 requests in 10.00s, 13.34MB read
Requests/sec:   7990.90
Transfer/sec:      1.33MB
