Running 10s test @ http://localhost
  2 threads and 10 connections
  Thread Stats   Avg      Stdev     Max   +/- Stdev
    Latency     1.54ms    0.99ms  15.51ms   85.66%
    Req/Sec       -nan      -nan   0.00      0.00%
  Latency Distribution (HdrHistogram - Recorded Latency)
 50.000%    1.38ms
 75.000%    1.90ms
 90.000%    2.43ms
 99.000%    5.24ms
 99.900%   11.33ms
 99.990%   13.70ms
 99.999%   14.82ms
100.000%   15.52ms

  Detailed Percentile spectrum:
       Value   Percentile   TotalCount 1/(1-Percentile)

       0.146     0.000000            1         1.00
       0.662     0.100000         7992         1.11
       0.869     0.200000        16011         1.25
       1.046     0.300000        23976         1.43
       1.216     0.400000        31991         1.67
       1.384     0.500000        39978         2.00
       1.474     0.550000        43973         2.22
       1.568     0.600000        47960         2.50
       1.672     0.650000        51986         2.86
       1.779     0.700000        55966         3.33
       1.896     0.750000        59937         4.00
       1.962     0.775000        61944         4.44
       2.031     0.800000        63950         5.00
       2.109     0.825000        65978         5.71
       2.195     0.850000        67922         6.67
       2.301     0.875000        69932         8.00
       2.361     0.887500        70940         8.89
       2.431     0.900000        71923        10.00
       2.515     0.912500        72932        11.43
       2.611     0.925000        73936        13.33
       2.727     0.937500        74915        16.00
       2.799     0.943750        75415        17.78
       2.887     0.950000        75912        20.00
       2.987     0.956250        76419        22.86
       3.111     0.962500        76919        26.67
       3.281     0.968750        77412        32.00
       3.403     0.971875        77663        35.56
       3.551     0.975000        77914        40.00
       3.707     0.978125        78161        45.71
       3.941     0.981250        78410        53.33
       4.247     0.984375        78659        64.00
       4.451     0.985938        78785        71.11
       4.699     0.987500        78911        80.00
       5.011     0.989062        79034        91.43
       5.399     0.990625        79158       106.67
       5.911     0.992188        79283       128.00
       6.279     0.992969        79346       142.22
       6.623     0.993750        79408       160.00
       7.035     0.994531        79471       182.86
       7.567     0.995313        79533       213.33
       8.199     0.996094        79595       256.00
       8.575     0.996484        79627       284.44
       8.999     0.996875        79658       320.00
       9.327     0.997266        79689       365.71
       9.695     0.997656        79720       426.67
      10.111     0.998047        79751       512.00
      10.319     0.998242        79768       568.89
      10.543     0.998437        79783       640.00
      10.799     0.998633        79798       731.43
      11.111     0.998828        79814       853.33
      11.399     0.999023        79829      1024.00
      11.583     0.999121        79837      1137.78
      11.799     0.999219        79845      1280.00
      11.943     0.999316        79853      1462.86
      12.207     0.999414        79861      1706.67
      12.439     0.999512        79868      2048.00
      12.615     0.999561        79872      2275.56
      12.687     0.999609        79876      2560.00
      12.831     0.999658        79880      2925.71
      13.031     0.999707        79885      3413.33
      13.191     0.999756        79889      4096.00
      13.239     0.999780        79890      4551.11
      13.255     0.999805        79892      5120.00
      13.471     0.999829        79894      5851.43
      13.519     0.999854        79896      6826.67
      13.639     0.999878        79898      8192.00
      13.703     0.999890        79899      9102.22
      13.951     0.999902        79900     10240.00
      13.991     0.999915        79901     11702.86
      14.055     0.999927        79903     13653.33
      14.055     0.999939        79903     16384.00
      14.055     0.999945        79903     18204.44
      14.119     0.999951        79904     20480.00
      14.119     0.999957        79904     23405.71
      14.135     0.999963        79905     27306.67
      14.135     0.999969        79905     32768.00
      14.135     0.999973        79905     36408.89
      14.823     0.999976        79906     40960.00
      14.823     0.999979        79906     46811.43
      14.823     0.999982        79906     54613.33
      14.823     0.999985        79906     65536.00
      14.823     0.999986        79906     72817.78
      15.519     0.999988        79907     81920.00
      15.519     1.000000        79907          inf
#[Mean    =        1.544, StdDeviation   =        0.991]
#[Max     =       15.512, Total count    =        79907]
#[Buckets =           27, SubBuckets     =         2048]
----------------------------------------------------------
  79909 requests in 10.00s, 13.34MB read
Requests/sec:   7990.29
Transfer/sec:      1.33MB
