Running 10s test @ http://localhost
  2 threads and 10 connections
  Thread Stats   Avg      Stdev     Max   +/- Stdev
    Latency     1.52ms    0.94ms  15.92ms   84.48%
    Req/Sec       -nan      -nan   0.00      0.00%
  Latency Distribution (HdrHistogram - Recorded Latency)
 50.000%    1.38ms
 75.000%    1.88ms
 90.000%    2.37ms
 99.000%    4.80ms
 99.900%   11.39ms
 99.990%   13.69ms
 99.999%   15.24ms
100.000%   15.93ms

  Detailed Percentile spectrum:
       Value   Percentile   TotalCount 1/(1-Percentile)

       0.112     0.000000            1         1.00
       0.656     0.100000         8001         1.11
       0.862     0.200000        16016         1.25
       1.039     0.300000        23974         1.43
       1.208     0.400000        31970         1.67
       1.383     0.500000        39984         2.00
       1.472     0.550000        43953         2.22
       1.565     0.600000        47960         2.50
       1.663     0.650000        51941         2.86
       1.768     0.700000        55947         3.33
       1.877     0.750000        59961         4.00
       1.937     0.775000        61927         4.44
       2.003     0.800000        63926         5.00
       2.077     0.825000        65952         5.71
       2.157     0.850000        67927         6.67
       2.253     0.875000        69948         8.00
       2.309     0.887500        70910         8.89
       2.373     0.900000        71925        10.00
       2.449     0.912500        72930        11.43
       2.535     0.925000        73920        13.33
       2.641     0.937500        74904        16.00
       2.701     0.943750        75405        17.78
       2.775     0.950000        75912        20.00
       2.863     0.956250        76404        22.86
       2.963     0.962500        76910        26.67
       3.095     0.968750        77404        32.00
       3.181     0.971875        77650        35.56
       3.303     0.975000        77901        40.00
       3.445     0.978125        78151        45.71
       3.641     0.981250        78399        53.33
       3.921     0.984375        78651        64.00
       4.095     0.985938        78774        71.11
       4.315     0.987500        78899        80.00
       4.579     0.989062        79024        91.43
       4.947     0.990625        79148       106.67
       5.451     0.992188        79274       128.00
       5.743     0.992969        79336       142.22
       6.135     0.993750        79400       160.00
       6.531     0.994531        79461       182.86
       7.059     0.995313        79523       213.33
       7.699     0.996094        79586       256.00
       7.959     0.996484        79618       284.44
       8.287     0.996875        79648       320.00
       8.615     0.997266        79679       365.71
       9.119     0.997656        79711       426.67
       9.735     0.998047        79741       512.00
      10.063     0.998242        79757       568.89
      10.423     0.998437        79773       640.00
      10.815     0.998633        79788       731.43
      11.143     0.998828        79806       853.33
      11.407     0.999023        79819      1024.00
      11.551     0.999121        79827      1137.78
      11.727     0.999219        79835      1280.00
      11.967     0.999316        79843      1462.86
      12.167     0.999414        79851      1706.67
      12.271     0.999512        79858      2048.00
      12.359     0.999561        79862      2275.56
      12.447     0.999609        79866      2560.00
      12.639     0.999658        79870      2925.71
      12.855     0.999707        79874      3413.33
      13.103     0.999756        79878      4096.00
      13.183     0.999780        79880      4551.11
      13.255     0.999805        79882      5120.00
      13.359     0.999829        79884      5851.43
      13.575     0.999854        79887      6826.67
      13.647     0.999878        79888      8192.00
      13.687     0.999890        79889      9102.22
      13.719     0.999902        79890     10240.00
      13.751     0.999915        79891     11702.86
      13.759     0.999927        79892     13653.33
      13.959     0.999939        79893     16384.00
      13.959     0.999945        79893     18204.44
      14.159     0.999951        79894     20480.00
      14.159     0.999957        79894     23405.71
      14.319     0.999963        79895     27306.67
      14.319     0.999969        79895     32768.00
      14.319     0.999973        79895     36408.89
      15.239     0.999976        79896     40960.00
      15.239     0.999979        79896     46811.43
      15.239     0.999982        79896     54613.33
      15.239     0.999985        79896     65536.00
      15.239     0.999986        79896     72817.78
      15.927     0.999988        79897     81920.00
      15.927     1.000000        79897          inf
#[Mean    =        1.517, StdDeviation   =        0.941]
#[Max     =       15.920, Total count    =        79897]
#[Buckets =           27, SubBuckets     =         2048]
----------------------------------------------------------
  79900 requests in 10.00s, 13.33MB read
Requests/sec:   7990.12
Transfer/sec:      1.33MB
