Running 10s test @ http://localhost
  2 threads and 10 connections
  Thread Stats   Avg      Stdev     Max   +/- Stdev
    Latency     1.68ms    1.50ms  20.21ms   94.92%
    Req/Sec       -nan      -nan   0.00      0.00%
  Latency Distribution (HdrHistogram - Recorded Latency)
 50.000%    1.41ms
 75.000%    1.93ms
 90.000%    2.55ms
 99.000%    9.44ms
 99.900%   15.86ms
 99.990%   18.93ms
 99.999%   19.81ms
100.000%   20.22ms

  Detailed Percentile spectrum:
       Value   Percentile   TotalCount 1/(1-Percentile)

       0.066     0.000000            1         1.00
       0.671     0.100000         8018         1.11
       0.885     0.200000        15989         1.25
       1.069     0.300000        24003         1.43
       1.234     0.400000        31978         1.67
       1.408     0.500000        39963         2.00
       1.498     0.550000        43977         2.22
       1.591     0.600000        47962         2.50
       1.693     0.650000        51971         2.86
       1.805     0.700000        55942         3.33
       1.929     0.750000        59936         4.00
       1.998     0.775000        61935         4.44
       2.073     0.800000        63933         5.00
       2.161     0.825000        65935         5.71
       2.263     0.850000        67954         6.67
       2.383     0.875000        69941         8.00
       2.457     0.887500        70943         8.89
       2.547     0.900000        71934        10.00
       2.645     0.912500        72928        11.43
       2.765     0.925000        73920        13.33
       2.933     0.937500        74917        16.00
       3.041     0.943750        75424        17.78
       3.193     0.950000        75922        20.00
       3.427     0.956250        76419        22.86
       3.759     0.962500        76916        26.67
       4.267     0.968750        77414        32.00
       4.667     0.971875        77665        35.56
       5.187     0.975000        77916        40.00
       5.803     0.978125        78164        45.71
       6.671     0.981250        78414        53.33
       7.519     0.984375        78663        64.00
       7.963     0.985938        78789        71.11
       8.487     0.987500        78913        80.00
       9.135     0.989062        79038        91.43
       9.711     0.990625        79163       106.67
      10.399     0.992188        79287       128.00
      10.831     0.992969        79351       142.22
      11.183     0.993750        79413       160.00
      11.679     0.994531        79474       182.86
      12.247     0.995313        79537       213.33
      12.831     0.996094        79599       256.00
      13.167     0.996484        79631       284.44
      13.423     0.996875        79662       320.00
      13.759     0.997266        79694       365.71
      14.143     0.997656        79725       426.67
      14.463     0.998047        79755       512.00
      14.751     0.998242        79772       568.89
      15.063     0.998437        79787       640.00
      15.343     0.998633        79802       731.43
      15.623     0.998828        79819       853.33
      15.935     0.999023        79833      1024.00
      16.143     0.999121        79841      1137.78
      16.351     0.999219        79849      1280.00
      16.623     0.999316        79857      1462.86
      16.799     0.999414        79865      1706.67
      17.231     0.999512        79872      2048.00
      17.391     0.999561        79877      2275.56
      17.439     0.999609        79880      2560.00
      17.567     0.999658        79884      2925.71
      17.791     0.999707        79888      3413.33
      18.047     0.999756        79892      4096.00
      18.095     0.999780        79894      4551.11
      18.319     0.999805        79896      5120.00
      18.399     0.999829        79898      5851.43
      18.527     0.999854        79900      6826.67
      18.751     0.999878        79902      8192.00
      18.927     0.999890        79903      9102.22
      19.135     0.999902        79904     10240.00
      19.231     0.999915        79906     11702.86
      19.231     0.999927        79906     13653.33
      19.327     0.999939        79907     16384.00
      19.327     0.999945        79907     18204.44
      19.391     0.999951        79908     20480.00
      19.391     0.999957        79908     23405.71
      19.471     0.999963        79909     27306.67
      19.471     0.999969        79909     32768.00
      19.471     0.999973        79909     36408.89
      19.807     0.999976        79910     40960.00
      19.807     0.999979        79910     46811.43
      19.807     0.999982        79910     54613.33
      19.807     0.999985        79910     65536.00
      19.807     0.999986        79910     72817.78
      20.223     0.999988        79911     81920.00
      20.223     1.000000        79911          inf
#[Mean    =        1.683, StdDeviation   =        1.496]
#[Max     =       20.208, Total count    =        79911]
#[Buckets =           27, SubBuckets     =         2048]
----------------------------------------------------------
  79913 requests in 10.00s, 13.34MB read
Requests/sec:   7990.96
Transfer/sec:      1.33MB
