Running 10s test @ http://localhost
  2 threads and 10 connections
  Thread Stats   Avg      Stdev     Max   +/- Stdev
    Latency     2.04ms    4.25ms  72.38ms   97.18%
    Req/Sec       -nan      -nan   0.00      0.00%
  Latency Distribution (HdrHistogram - Recorded Latency)
 50.000%    1.41ms
 75.000%    1.93ms
 90.000%    2.54ms
 99.000%   19.74ms
 99.900%   59.04ms
 99.990%   70.27ms
 99.999%   71.36ms
100.000%   72.45ms

  Detailed Percentile spectrum:
       Value   Percentile   TotalCount 1/(1-Percentile)

       0.105     0.000000            1         1.00
       0.671     0.100000         8022         1.11
       0.876     0.200000        15982         1.25
       1.056     0.300000        24004         1.43
       1.233     0.400000        32008         1.67
       1.410     0.500000        39972         2.00
       1.500     0.550000        43959         2.22
       1.597     0.600000        47980         2.50
       1.700     0.650000        51946         2.86
       1.810     0.700000        55952         3.33
       1.935     0.750000        59943         4.00
       2.003     0.775000        61947         4.44
       2.077     0.800000        63956         5.00
       2.161     0.825000        65952         5.71
       2.257     0.850000        67926         6.67
       2.383     0.875000        69923         8.00
       2.457     0.887500        70940         8.89
       2.543     0.900000        71922        10.00
       2.661     0.912500        72917        11.43
       2.803     0.925000        73919        13.33
       3.001     0.937500        74919        16.00
       3.133     0.943750        75414        17.78
       3.313     0.950000        75918        20.00
       3.589     0.956250        76413        22.86
       4.099     0.962500        76910        26.67
       5.335     0.968750        77411        32.00
       6.307     0.971875        77659        35.56
       7.579     0.975000        77909        40.00
       9.263     0.978125        78159        45.71
      11.047     0.981250        78408        53.33
      12.567     0.984375        78658        64.00
      13.487     0.985938        78783        71.11
      14.783     0.987500        78908        80.00
      17.103     0.989062        79033        91.43
      21.679     0.990625        79157       106.67
      25.871     0.992188        79283       128.00
      28.479     0.992969        79345       142.22
      31.791     0.993750        79407       160.00
      34.783     0.994531        79470       182.86
      37.439     0.995313        79533       213.33
      41.215     0.996094        79594       256.00
      43.967     0.996484        79626       284.44
      45.983     0.996875        79658       320.00
      47.199     0.997266        79688       365.71
      49.887     0.997656        79719       426.67
      53.727     0.998047        79750       512.00
      55.615     0.998242        79766       568.89
      56.063     0.998437        79783       640.00
      56.415     0.998633        79797       731.43
      57.439     0.998828        79813       853.33
      59.167     0.999023        79828      1024.00
      60.063     0.999121        79836      1137.78
      61.023     0.999219        79844      1280.00
      62.175     0.999316        79852      1462.86
      63.615     0.999414        79860      1706.67
      64.767     0.999512        79868      2048.00
      65.279     0.999561        79871      2275.56
      66.303     0.999609        79875      2560.00
      67.071     0.999658        79879      2925.71
      67.583     0.999707        79883      3413.33
      68.479     0.999756        79888      4096.00
      68.735     0.999780        79889      4551.11
      68.927     0.999805        79891      5120.00
      69.311     0.999829        79893      5851.43
      69.887     0.999854        79895      6826.67
      70.207     0.999878        79897      8192.00
      70.271     0.999890        79898      9102.22
      70.399     0.999902        79899     10240.00
      70.463     0.999915        79901     11702.86
      70.463     0.999927        79901     13653.33
      70.527     0.999939        79902     16384.00
      70.527     0.999945        79902     18204.44
      70.911     0.999951        79903     20480.00
      70.911     0.999957        79903     23405.71
      71.231     0.999963        79904     27306.67
      71.231     0.999969        79904     32768.00
      71.231     0.999973        79904     36408.89
      71.359     0.999976        79905     40960.00
      71.359     0.999979        79905     46811.43
      71.359     0.999982        79905     54613.33
      71.359     0.999985        79905     65536.00
      71.359     0.999986        79905     72817.78
      72.447     0.999988        79906     81920.00
      72.447     1.000000        79906          inf
#[Mean    =        2.039, StdDeviation   =        4.246]
#[Max     =       72.384, Total count    =        79906]
#[Buckets =           27, SubBuckets     =         2048]
----------------------------------------------------------
  79909 requests in 10.00s, 13.34MB read
Requests/sec:   7990.50
Transfer/sec:      1.33MB
