Running 10s test @ http://localhost
  2 threads and 10 connections
  Thread Stats   Avg      Stdev     Max   +/- Stdev
    Latency     2.78ms    3.53ms  65.86ms   92.45%
    Req/Sec       -nan      -nan   0.00      0.00%
  Latency Distribution (HdrHistogram - Recorded Latency)
 50.000%    1.80ms
 75.000%    3.16ms
 90.000%    5.52ms
 99.000%   15.00ms
 99.900%   48.96ms
 99.990%   58.88ms
 99.999%   65.12ms
100.000%   65.92ms

  Detailed Percentile spectrum:
       Value   Percentile   TotalCount 1/(1-Percentile)

       0.144     0.000000            1         1.00
       0.770     0.100000         8009         1.11
       1.031     0.200000        16004         1.25
       1.273     0.300000        23994         1.43
       1.522     0.400000        31993         1.67
       1.805     0.500000        39973         2.00
       1.970     0.550000        43973         2.22
       2.165     0.600000        47981         2.50
       2.409     0.650000        51939         2.86
       2.735     0.700000        55938         3.33
       3.159     0.750000        59930         4.00
       3.423     0.775000        61929         4.44
       3.713     0.800000        63925         5.00
       4.065     0.825000        65925         5.71
       4.467     0.850000        67922         6.67
       4.947     0.875000        69938         8.00
       5.207     0.887500        70917         8.89
       5.523     0.900000        71917        10.00
       5.907     0.912500        72922        11.43
       6.331     0.925000        73917        13.33
       6.903     0.937500        74913        16.00
       7.251     0.943750        75421        17.78
       7.667     0.950000        75920        20.00
       8.167     0.956250        76415        22.86
       8.823     0.962500        76911        26.67
       9.551     0.968750        77411        32.00
       9.967     0.971875        77662        35.56
      10.423     0.975000        77911        40.00
      10.951     0.978125        78164        45.71
      11.583     0.981250        78410        53.33
      12.375     0.984375        78659        64.00
      12.839     0.985938        78783        71.11
      13.639     0.987500        78911        80.00
      14.399     0.989062        79033        91.43
      15.431     0.990625        79159       106.67
      16.639     0.992188        79284       128.00
      17.343     0.992969        79345       142.22
      18.047     0.993750        79408       160.00
      19.135     0.994531        79471       182.86
      20.895     0.995313        79533       213.33
      25.071     0.996094        79594       256.00
      29.119     0.996484        79626       284.44
      32.367     0.996875        79657       320.00
      36.287     0.997266        79688       365.71
      38.687     0.997656        79719       426.67
      41.375     0.998047        79751       512.00
      42.495     0.998242        79766       568.89
      44.799     0.998437        79782       640.00
      46.591     0.998633        79797       731.43
      48.287     0.998828        79813       853.33
      49.087     0.999023        79828      1024.00
      49.311     0.999121        79836      1137.78
      49.791     0.999219        79844      1280.00
      50.687     0.999316        79852      1462.86
      51.231     0.999414        79860      1706.67
      51.743     0.999512        79867      2048.00
      52.031     0.999561        79871      2275.56
      52.639     0.999609        79875      2560.00
      53.279     0.999658        79879      2925.71
      54.367     0.999707        79883      3413.33
      55.199     0.999756        79887      4096.00
      55.551     0.999780        79890      4551.11
      55.967     0.999805        79891      5120.00
      56.415     0.999829        79893      5851.43
      57.119     0.999854        79895      6826.67
      57.919     0.999878        79897      8192.00
      58.879     0.999890        79898      9102.22
      59.711     0.999902        79899     10240.00
      60.607     0.999915        79900     11702.86
      61.535     0.999927        79901     13653.33
      62.431     0.999939        79902     16384.00
      62.431     0.999945        79902     18204.44
      63.391     0.999951        79903     20480.00
      63.391     0.999957        79903     23405.71
      64.287     0.999963        79904     27306.67
      64.287     0.999969        79904     32768.00
      64.287     0.999973        79904     36408.89
      65.119     0.999976        79905     40960.00
      65.119     0.999979        79905     46811.43
      65.119     0.999982        79905     54613.33
      65.119     0.999985        79905     65536.00
      65.119     0.999986        79905     72817.78
      65.919     0.999988        79906     81920.00
      65.919     1.000000        79906          inf
#[Mean    =        2.776, StdDeviation   =        3.530]
#[Max     =       65.856, Total count    =        79906]
#[Buckets =           27, SubBuckets     =         2048]
----------------------------------------------------------
  79911 requests in 10.00s, 13.34MB read
Requests/sec:   7991.17
Transfer/sec:      1.33MB
