Running 10s test @ http://localhost
  2 threads and 10 connections
  Thread Stats   Avg      Stdev     Max   +/- Stdev
    Latency     2.51ms    2.39ms  37.82ms   89.36%
    Req/Sec       -nan      -nan   0.00      0.00%
  Latency Distribution (HdrHistogram - Recorded Latency)
 50.000%    1.79ms
 75.000%    2.94ms
 90.000%    5.07ms
 99.000%   12.10ms
 99.900%   24.50ms
 99.990%   35.81ms
 99.999%   37.63ms
100.000%   37.85ms

  Detailed Percentile spectrum:
       Value   Percentile   TotalCount 1/(1-Percentile)

       0.100     0.000000            1         1.00
       0.765     0.100000         8000         1.11
       1.031     0.200000        15996         1.25
       1.274     0.300000        23968         1.43
       1.519     0.400000        31965         1.67
       1.791     0.500000        39966         2.00
       1.940     0.550000        43943         2.22
       2.117     0.600000        47957         2.50
       2.317     0.650000        51929         2.86
       2.589     0.700000        55922         3.33
       2.939     0.750000        59918         4.00
       3.163     0.775000        61933         4.44
       3.423     0.800000        63911         5.00
       3.731     0.825000        65913         5.71
       4.083     0.850000        67907         6.67
       4.527     0.875000        69908         8.00
       4.775     0.887500        70904         8.89
       5.067     0.900000        71902        10.00
       5.395     0.912500        72907        11.43
       5.767     0.925000        73902        13.33
       6.251     0.937500        74897        16.00
       6.539     0.943750        75395        17.78
       6.879     0.950000        75897        20.00
       7.247     0.956250        76396        22.86
       7.675     0.962500        76893        26.67
       8.207     0.968750        77393        32.00
       8.503     0.971875        77643        35.56
       8.879     0.975000        77895        40.00
       9.327     0.978125        78143        45.71
       9.895     0.981250        78390        53.33
      10.567     0.984375        78642        64.00
      10.959     0.985938        78764        71.11
      11.415     0.987500        78889        80.00
      11.871     0.989062        79016        91.43
      12.303     0.990625        79140       106.67
      12.807     0.992188        79266       128.00
      13.055     0.992969        79326       142.22
      13.431     0.993750        79389       160.00
      13.783     0.994531        79451       182.86
      14.319     0.995313        79513       213.33
      15.071     0.996094        79576       256.00
      15.503     0.996484        79607       284.44
      15.847     0.996875        79638       320.00
      16.383     0.997266        79670       365.71
      17.295     0.997656        79700       426.67
      18.687     0.998047        79731       512.00
      19.439     0.998242        79747       568.89
      20.079     0.998437        79763       640.00
      21.087     0.998633        79778       731.43
      23.311     0.998828        79794       853.33
      24.895     0.999023        79809      1024.00
      26.255     0.999121        79817      1137.78
      27.327     0.999219        79825      1280.00
      28.175     0.999316        79833      1462.86
      28.735     0.999414        79842      1706.67
      29.055     0.999512        79848      2048.00
      29.167     0.999561        79853      2275.56
      29.423     0.999609        79856      2560.00
      29.663     0.999658        79860      2925.71
      29.951     0.999707        79864      3413.33
      30.495     0.999756        79868      4096.00
      30.927     0.999780        79870      4551.11
      32.095     0.999805        79872      5120.00
      33.215     0.999829        79874      5851.43
      34.431     0.999854        79876      6826.67
      35.711     0.999878        79878      8192.00
      35.807     0.999890        79879      9102.22
      36.319     0.999902        79880     10240.00
      36.671     0.999915        79881     11702.86
      36.703     0.999927        79882     13653.33
      37.151     0.999939        79883     16384.00
      37.151     0.999945        79883     18204.44
      37.311     0.999951        79884     20480.00
      37.311     0.999957        79884     23405.71
      37.343     0.999963        79885     27306.67
      37.343     0.999969        79885     32768.00
      37.343     0.999973        79885     36408.89
      37.631     0.999976        79886     40960.00
      37.631     0.999979        79886     46811.43
      37.631     0.999982        79886     54613.33
      37.631     0.999985        79886     65536.00
      37.631     0.999986        79886     72817.78
      37.855     0.999988        79887     81920.00
      37.855     1.000000        79887          inf
#[Mean    =        2.508, StdDeviation   =        2.389]
#[Max     =       37.824, Total count    =        79887]
#[Buckets =           27, SubBuckets     =         2048]
----------------------------------------------------------
  79892 requests in 10.00s, 13.33MB read
Requests/sec:   7988.75
Transfer/sec:      1.33MB
