Running 10s test @ http://localhost
  2 threads and 10 connections
  Thread Stats   Avg      Stdev     Max   +/- Stdev
    Latency     1.76ms    1.90ms  33.79ms   95.28%
    Req/Sec       -nan      -nan   0.00      0.00%
  Latency Distribution (HdrHistogram - Recorded Latency)
 50.000%    1.42ms
 75.000%    1.96ms
 90.000%    2.64ms
 99.000%   10.18ms
 99.900%   24.29ms
 99.990%   31.45ms
 99.999%   33.12ms
100.000%   33.82ms

  Detailed Percentile spectrum:
       Value   Percentile   TotalCount 1/(1-Percentile)

       0.097     0.000000            1         1.00
       0.665     0.100000         8020         1.11
       0.881     0.200000        15998         1.25
       1.065     0.300000        24001         1.43
       1.238     0.400000        31971         1.67
       1.416     0.500000        39972         2.00
       1.509     0.550000        43979         2.22
       1.607     0.600000        47975         2.50
       1.713     0.650000        51948         2.86
       1.827     0.700000        55943         3.33
       1.956     0.750000        59934         4.00
       2.030     0.775000        61950         4.44
       2.111     0.800000        63949         5.00
       2.201     0.825000        65931         5.71
       2.311     0.850000        67931         6.67
       2.449     0.875000        69932         8.00
       2.535     0.887500        70917         8.89
       2.641     0.900000        71926        10.00
       2.755     0.912500        72916        11.43
       2.925     0.925000        73916        13.33
       3.153     0.937500        74915        16.00
       3.329     0.943750        75410        17.78
       3.541     0.950000        75910        20.00
       3.823     0.956250        76409        22.86
       4.227     0.962500        76908        26.67
       4.815     0.968750        77407        32.00
       5.211     0.971875        77657        35.56
       5.663     0.975000        77908        40.00
       6.203     0.978125        78157        45.71
       6.995     0.981250        78408        53.33
       7.871     0.984375        78657        64.00
       8.343     0.985938        78782        71.11
       8.943     0.987500        78906        80.00
       9.655     0.989062        79031        91.43
      10.623     0.990625        79156       106.67
      11.735     0.992188        79281       128.00
      12.439     0.992969        79343       142.22
      13.303     0.993750        79407       160.00
      14.439     0.994531        79468       182.86
      15.831     0.995313        79531       213.33
      16.959     0.996094        79592       256.00
      17.503     0.996484        79624       284.44
      18.175     0.996875        79655       320.00
      18.847     0.997266        79686       365.71
      19.679     0.997656        79717       426.67
      20.383     0.998047        79748       512.00
      20.767     0.998242        79764       568.89
      21.183     0.998437        79780       640.00
      21.759     0.998633        79795       731.43
      23.151     0.998828        79811       853.33
      24.543     0.999023        79826      1024.00
      25.423     0.999121        79834      1137.78
      26.239     0.999219        79842      1280.00
      27.023     0.999316        79850      1462.86
      27.439     0.999414        79858      1706.67
      27.903     0.999512        79865      2048.00
      28.175     0.999561        79869      2275.56
      28.575     0.999609        79873      2560.00
      28.719     0.999658        79877      2925.71
      29.295     0.999707        79881      3413.33
      29.567     0.999756        79885      4096.00
      30.047     0.999780        79887      4551.11
      30.095     0.999805        79889      5120.00
      30.303     0.999829        79891      5851.43
      30.463     0.999854        79893      6826.67
      30.863     0.999878        79895      8192.00
      31.455     0.999890        79896      9102.22
      31.583     0.999902        79897     10240.00
      31.695     0.999915        79898     11702.86
      31.855     0.999927        79899     13653.33
      31.887     0.999939        79900     16384.00
      31.887     0.999945        79900     18204.44
      32.415     0.999951        79901     20480.00
      32.415     0.999957        79901     23405.71
      32.863     0.999963        79902     27306.67
      32.863     0.999969        79902     32768.00
      32.863     0.999973        79902     36408.89
      33.119     0.999976        79903     40960.00
      33.119     0.999979        79903     46811.43
      33.119     0.999982        79903     54613.33
      33.119     0.999985        79903     65536.00
      33.119     0.999986        79903     72817.78
      33.823     0.999988        79904     81920.00
      33.823     1.000000        79904          inf
#[Mean    =        1.759, StdDeviation   =        1.901]
#[Max     =       33.792, Total count    =        79904]
#[Buckets =           27, SubBuckets     =         2048]
----------------------------------------------------------
  79906 requests in 10.00s, 13.34MB read
Requests/sec:   7987.22
Transfer/sec:      1.33MB
