Running 10s test @ http://localhost
  2 threads and 10 connections
  Thread Stats   Avg      Stdev     Max   +/- Stdev
    Latency     1.44ms  822.23us  27.55ms   81.12%
    Req/Sec       -nan      -nan   0.00      0.00%
  Latency Distribution (HdrHistogram - Recorded Latency)
 50.000%    1.34ms
 75.000%    1.81ms
 90.000%    2.26ms
 99.000%    3.62ms
 99.900%    9.14ms
 99.990%   20.69ms
 99.999%   26.54ms
100.000%   27.57ms

  Detailed Percentile spectrum:
       Value   Percentile   TotalCount 1/(1-Percentile)

       0.094     0.000000            1         1.00
       0.639     0.100000         8002         1.11
       0.841     0.200000        16020         1.25
       1.014     0.300000        23978         1.43
       1.178     0.400000        32000         1.67
       1.341     0.500000        39942         2.00
       1.428     0.550000        43939         2.22
       1.516     0.600000        47976         2.50
       1.609     0.650000        51945         2.86
       1.706     0.700000        55941         3.33
       1.810     0.750000        59940         4.00
       1.866     0.775000        61933         4.44
       1.926     0.800000        63925         5.00
       1.993     0.825000        65902         5.71
       2.067     0.850000        67939         6.67
       2.151     0.875000        69929         8.00
       2.199     0.887500        70909         8.89
       2.255     0.900000        71922        10.00
       2.315     0.912500        72906        11.43
       2.387     0.925000        73898        13.33
       2.473     0.937500        74897        16.00
       2.519     0.943750        75400        17.78
       2.575     0.950000        75893        20.00
       2.635     0.956250        76392        22.86
       2.705     0.962500        76891        26.67
       2.793     0.968750        77385        32.00
       2.847     0.971875        77642        35.56
       2.905     0.975000        77885        40.00
       2.983     0.978125        78135        45.71
       3.067     0.981250        78387        53.33
       3.187     0.984375        78634        64.00
       3.259     0.985938        78762        71.11
       3.359     0.987500        78883        80.00
       3.505     0.989062        79013        91.43
       3.707     0.990625        79134       106.67
       3.955     0.992188        79257       128.00
       4.151     0.992969        79321       142.22
       4.435     0.993750        79383       160.00
       4.731     0.994531        79445       182.86
       5.187     0.995313        79507       213.33
       5.655     0.996094        79569       256.00
       6.023     0.996484        79601       284.44
       6.299     0.996875        79633       320.00
       6.631     0.997266        79663       365.71
       7.015     0.997656        79694       426.67
       7.407     0.998047        79725       512.00
       7.655     0.998242        79741       568.89
       7.983     0.998437        79757       640.00
       8.255     0.998633        79772       731.43
       8.599     0.998828        79788       853.33
       9.263     0.999023        79803      1024.00
       9.663     0.999121        79811      1137.78
      10.287     0.999219        79819      1280.00
      10.695     0.999316        79827      1462.86
      11.095     0.999414        79835      1706.67
      11.583     0.999512        79842      2048.00
      12.079     0.999561        79846      2275.56
      12.167     0.999609        79850      2560.00
      12.743     0.999658        79854      2925.71
      12.911     0.999707        79858      3413.33
      13.295     0.999756        79862      4096.00
      13.639     0.999780        79864      4551.11
      13.951     0.999805        79866      5120.00
      15.735     0.999829        79868      5851.43
      17.967     0.999854        79870      6826.67
      19.807     0.999878        79872      8192.00
      20.687     0.999890        79873      9102.22
      21.311     0.999902        79874     10240.00
      21.983     0.999915        79875     11702.86
      22.847     0.999927        79876     13653.33
      23.695     0.999939        79877     16384.00
      23.695     0.999945        79877     18204.44
      24.655     0.999951        79878     20480.00
      24.655     0.999957        79878     23405.71
      25.471     0.999963        79879     27306.67
      25.471     0.999969        79879     32768.00
      25.471     0.999973        79879     36408.89
      26.543     0.999976        79880     40960.00
      26.543     0.999979        79880     46811.43
      26.543     0.999982        79880     54613.33
      26.543     0.999985        79880     65536.00
      26.543     0.999986        79880     72817.78
      27.567     0.999988        79881     81920.00
      27.567     1.000000        79881          inf
#[Mean    =        1.439, StdDeviation   =        0.822]
#[Max     =       27.552, Total count    =        79881]
#[Buckets =           27, SubBuckets     =         2048]
----------------------------------------------------------
  79883 requests in 10.00s, 13.33MB read
Requests/sec:   7988.70
Transfer/sec:      1.33MB
