Running 10s test @ http://localhost
  2 threads and 10 connections
  Thread Stats   Avg      Stdev     Max   +/- Stdev
    Latency     1.56ms    1.13ms  19.18ms   91.26%
    Req/Sec       -nan      -nan   0.00      0.00%
  Latency Distribution (HdrHistogram - Recorded Latency)
 50.000%    1.38ms
 75.000%    1.86ms
 90.000%    2.39ms
 99.000%    6.41ms
 99.900%   13.25ms
 99.990%   17.10ms
 99.999%   18.70ms
100.000%   19.20ms

  Detailed Percentile spectrum:
       Value   Percentile   TotalCount 1/(1-Percentile)

       0.107     0.000000            1         1.00
       0.667     0.100000         8003         1.11
       0.874     0.200000        15982         1.25
       1.048     0.300000        23982         1.43
       1.214     0.400000        32002         1.67
       1.379     0.500000        39958         2.00
       1.464     0.550000        43980         2.22
       1.553     0.600000        47985         2.50
       1.647     0.650000        51957         2.86
       1.749     0.700000        55968         3.33
       1.862     0.750000        59961         4.00
       1.924     0.775000        61931         4.44
       1.992     0.800000        63943         5.00
       2.069     0.825000        65942         5.71
       2.157     0.850000        67951         6.67
       2.259     0.875000        69949         8.00
       2.321     0.887500        70939         8.89
       2.387     0.900000        71932        10.00
       2.471     0.912500        72930        11.43
       2.571     0.925000        73929        13.33
       2.695     0.937500        74918        16.00
       2.769     0.943750        75418        17.78
       2.859     0.950000        75920        20.00
       2.971     0.956250        76420        22.86
       3.131     0.962500        76916        26.67
       3.353     0.968750        77415        32.00
       3.495     0.971875        77663        35.56
       3.695     0.975000        77914        40.00
       3.939     0.978125        78161        45.71
       4.271     0.981250        78411        53.33
       4.739     0.984375        78664        64.00
       5.095     0.985938        78786        71.11
       5.443     0.987500        78912        80.00
       5.991     0.989062        79035        91.43
       6.691     0.990625        79160       106.67
       7.419     0.992188        79286       128.00
       7.843     0.992969        79349       142.22
       8.359     0.993750        79411       160.00
       8.863     0.994531        79473       182.86
       9.407     0.995313        79536       213.33
       9.999     0.996094        79598       256.00
      10.295     0.996484        79630       284.44
      10.695     0.996875        79660       320.00
      10.975     0.997266        79691       365.71
      11.311     0.997656        79722       426.67
      11.839     0.998047        79754       512.00
      12.023     0.998242        79769       568.89
      12.319     0.998437        79785       640.00
      12.655     0.998633        79800       731.43
      12.903     0.998828        79816       853.33
      13.247     0.999023        79831      1024.00
      13.375     0.999121        79839      1137.78
      13.599     0.999219        79847      1280.00
      13.831     0.999316        79855      1462.86
      14.047     0.999414        79863      1706.67
      14.407     0.999512        79870      2048.00
      14.527     0.999561        79874      2275.56
      14.599     0.999609        79878      2560.00
      14.783     0.999658        79882      2925.71
      14.935     0.999707        79886      3413.33
      15.351     0.999756        79890      4096.00
      15.751     0.999780        79892      4551.11
      15.815     0.999805        79894      5120.00
      16.007     0.999829        79896      5851.43
      16.607     0.999854        79898      6826.67
      16.943     0.999878        79900      8192.00
      17.103     0.999890        79901      9102.22
      17.343     0.999902        79902     10240.00
      17.887     0.999915        79903     11702.86
      17.919     0.999927        79904     13653.33
      18.079     0.999939        79905     16384.00
      18.079     0.999945        79905     18204.44
      18.479     0.999951        79906     20480.00
      18.479     0.999957        79906     23405.71
      18.607     0.999963        79907     27306.67
      18.607     0.999969        79907     32768.00
      18.607     0.999973        79907     36408.89
      18.703     0.999976        79908     40960.00
      18.703     0.999979        79908     46811.43
      18.703     0.999982        79908     54613.33
      18.703     0.999985        79908     65536.00
      18.703     0.999986        79908     72817.78
      19.199     0.999988        79909     81920.00
      19.199     1.000000        79909          inf
#[Mean    =        1.557, StdDeviation   =        1.129]
#[Max     =       19.184, Total count    =        79909]
#[Buckets =           27, SubBuckets     =         2048]
----------------------------------------------------------
  79913 requests in 10.00s, 13.34MB read
Requests/sec:   7991.78
Transfer/sec:      1.33MB
