Running 10s test @ http://localhost
  2 threads and 10 connections
  Thread Stats   Avg      Stdev     Max   +/- Stdev
    Latency     3.47ms    4.14ms  47.42ms   90.81%
    Req/Sec       -nan      -nan   0.00      0.00%
  Latency Distribution (HdrHistogram - Recorded Latency)
 50.000%    2.10ms
 75.000%    4.06ms
 90.000%    7.28ms
 99.000%   21.47ms
 99.900%   38.94ms
 99.990%   45.60ms
 99.999%   46.97ms
100.000%   47.46ms

  Detailed Percentile spectrum:
       Value   Percentile   TotalCount 1/(1-Percentile)

       0.169     0.000000            1         1.00
       0.832     0.100000         8007         1.11
       1.133     0.200000        15982         1.25
       1.418     0.300000        23973         1.43
       1.727     0.400000        31976         1.67
       2.099     0.500000        39987         2.00
       2.331     0.550000        43951         2.22
       2.627     0.600000        47967         2.50
       2.999     0.650000        51940         2.86
       3.465     0.700000        55942         3.33
       4.057     0.750000        59936         4.00
       4.399     0.775000        61948         4.44
       4.779     0.800000        63929         5.00
       5.227     0.825000        65930         5.71
       5.763     0.850000        67926         6.67
       6.423     0.875000        69922         8.00
       6.827     0.887500        70920         8.89
       7.279     0.900000        71919        10.00
       7.815     0.912500        72915        11.43
       8.503     0.925000        73920        13.33
       9.463     0.937500        74918        16.00
      10.095     0.943750        75411        17.78
      10.799     0.950000        75910        20.00
      11.639     0.956250        76410        22.86
      12.631     0.962500        76908        26.67
      13.831     0.968750        77408        32.00
      14.439     0.971875        77658        35.56
      15.143     0.975000        77912        40.00
      15.903     0.978125        78157        45.71
      16.735     0.981250        78410        53.33
      17.679     0.984375        78656        64.00
      18.383     0.985938        78783        71.11
      19.359     0.987500        78907        80.00
      20.703     0.989062        79032        91.43
      22.143     0.990625        79155       106.67
      23.615     0.992188        79280       128.00
      24.495     0.992969        79345       142.22
      25.519     0.993750        79406       160.00
      27.551     0.994531        79469       182.86
      29.311     0.995313        79531       213.33
      30.735     0.996094        79592       256.00
      31.599     0.996484        79624       284.44
      32.447     0.996875        79656       320.00
      33.247     0.997266        79687       365.71
      34.271     0.997656        79718       426.67
      35.519     0.998047        79748       512.00
      36.351     0.998242        79764       568.89
      37.343     0.998437        79781       640.00
      37.727     0.998633        79796       731.43
      38.367     0.998828        79812       853.33
      38.943     0.999023        79826      1024.00
      39.423     0.999121        79834      1137.78
      39.775     0.999219        79842      1280.00
      40.095     0.999316        79850      1462.86
      40.479     0.999414        79859      1706.67
      41.183     0.999512        79865      2048.00
      41.311     0.999561        79869      2275.56
      41.759     0.999609        79873      2560.00
      42.239     0.999658        79877      2925.71
      42.495     0.999707        79881      3413.33
      43.487     0.999756        79885      4096.00
      44.191     0.999780        79887      4551.11
      44.383     0.999805        79889      5120.00
      44.767     0.999829        79891      5851.43
      45.279     0.999854        79894      6826.67
      45.567     0.999878        79895      8192.00
      45.599     0.999890        79896      9102.22
      46.079     0.999902        79897     10240.00
      46.207     0.999915        79898     11702.86
      46.527     0.999927        79899     13653.33
      46.655     0.999939        79901     16384.00
      46.655     0.999945        79901     18204.44
      46.655     0.999951        79901     20480.00
      46.655     0.999957        79901     23405.71
      46.719     0.999963        79902     27306.67
      46.719     0.999969        79902     32768.00
      46.719     0.999973        79902     36408.89
      46.975     0.999976        79903     40960.00
      46.975     0.999979        79903     46811.43
      46.975     0.999982        79903     54613.33
      46.975     0.999985        79903     65536.00
      46.975     0.999986        79903     72817.78
      47.455     0.999988        79904     81920.00
      47.455     1.000000        79904          inf
#[Mean    =        3.475, StdDeviation   =        4.137]
#[Max     =       47.424, Total count    =        79904]
#[Buckets =           27, SubBuckets     =         2048]
----------------------------------------------------------
  79906 requests in 10.00s, 13.34MB read
Requests/sec:   7990.54
Transfer/sec:      1.33MB
