Running 10s test @ http://localhost
  2 threads and 10 connections
  Thread Stats   Avg      Stdev     Max   +/- Stdev
    Latency     1.69ms    1.78ms  44.42ms   96.28%
    Req/Sec       -nan      -nan   0.00      0.00%
  Latency Distribution (HdrHistogram - Recorded Latency)
 50.000%    1.41ms
 75.000%    1.94ms
 90.000%    2.53ms
 99.000%    8.64ms
 99.900%   27.53ms
 99.990%   39.10ms
 99.999%   44.10ms
100.000%   44.45ms

  Detailed Percentile spectrum:
       Value   Percentile   TotalCount 1/(1-Percentile)

       0.108     0.000000            1         1.00
       0.680     0.100000         8005         1.11
       0.886     0.200000        15990         1.25
       1.066     0.300000        23995         1.43
       1.237     0.400000        31992         1.67
       1.411     0.500000        39979         2.00
       1.504     0.550000        43980         2.22
       1.601     0.600000        47967         2.50
       1.705     0.650000        51959         2.86
       1.818     0.700000        55947         3.33
       1.938     0.750000        59938         4.00
       2.006     0.775000        61951         4.44
       2.079     0.800000        63939         5.00
       2.163     0.825000        65924         5.71
       2.259     0.850000        67924         6.67
       2.379     0.875000        69921         8.00
       2.447     0.887500        70930         8.89
       2.531     0.900000        71923        10.00
       2.629     0.912500        72921        11.43
       2.745     0.925000        73915        13.33
       2.893     0.937500        74917        16.00
       2.991     0.943750        75422        17.78
       3.109     0.950000        75916        20.00
       3.261     0.956250        76410        22.86
       3.463     0.962500        76914        26.67
       3.743     0.968750        77409        32.00
       3.945     0.971875        77659        35.56
       4.203     0.975000        77908        40.00
       4.571     0.978125        78160        45.71
       5.155     0.981250        78407        53.33
       5.943     0.984375        78658        64.00
       6.415     0.985938        78782        71.11
       7.163     0.987500        78907        80.00
       7.923     0.989062        79032        91.43
       9.135     0.990625        79158       106.67
      10.335     0.992188        79281       128.00
      10.991     0.992969        79344       142.22
      11.535     0.993750        79406       160.00
      12.095     0.994531        79469       182.86
      12.847     0.995313        79531       213.33
      13.767     0.996094        79593       256.00
      14.583     0.996484        79625       284.44
      15.343     0.996875        79656       320.00
      16.463     0.997266        79687       365.71
      18.591     0.997656        79718       426.67
      22.047     0.998047        79749       512.00
      23.823     0.998242        79765       568.89
      25.023     0.998437        79781       640.00
      25.551     0.998633        79796       731.43
      26.095     0.998828        79812       853.33
      27.615     0.999023        79827      1024.00
      28.399     0.999121        79837      1137.78
      28.655     0.999219        79843      1280.00
      29.023     0.999316        79851      1462.86
      29.247     0.999414        79859      1706.67
      29.727     0.999512        79867      2048.00
      29.807     0.999561        79870      2275.56
      30.015     0.999609        79875      2560.00
      30.143     0.999658        79879      2925.71
      30.383     0.999707        79883      3413.33
      31.311     0.999756        79886      4096.00
      32.623     0.999780        79888      4551.11
      34.143     0.999805        79890      5120.00
      35.967     0.999829        79892      5851.43
      37.535     0.999854        79894      6826.67
      38.591     0.999878        79896      8192.00
      39.103     0.999890        79897      9102.22
      40.063     0.999902        79898     10240.00
      40.895     0.999915        79899     11702.86
      41.759     0.999927        79900     13653.33
      42.719     0.999939        79901     16384.00
      42.719     0.999945        79901     18204.44
      43.359     0.999951        79902     20480.00
      43.359     0.999957        79902     23405.71
      43.967     0.999963        79903     27306.67
      43.967     0.999969        79903     32768.00
      43.967     0.999973        79903     36408.89
      44.095     0.999976        79904     40960.00
      44.095     0.999979        79904     46811.43
      44.095     0.999982        79904     54613.33
      44.095     0.999985        79904     65536.00
      44.095     0.999986        79904     72817.78
      44.447     0.999988        79905     81920.00
      44.447     1.000000        79905          inf
#[Mean    =        1.686, StdDeviation   =        1.783]
#[Max     =       44.416, Total count    =        79905]
#[Buckets =           27, SubBuckets     =         2048]
----------------------------------------------------------
  79907 requests in 10.00s, 13.34MB read
Requests/sec:   7990.93
Transfer/sec:      1.33MB
