Running 10s test @ http://localhost
  2 threads and 10 connections
  Thread Stats   Avg      Stdev     Max   +/- Stdev
    Latency     1.51ms    1.09ms  17.15ms   92.11%
    Req/Sec       -nan      -nan   0.00      0.00%
  Latency Distribution (HdrHistogram - Recorded Latency)
 50.000%    1.35ms
 75.000%    1.81ms
 90.000%    2.30ms
 99.000%    5.98ms
 99.900%   13.22ms
 99.990%   16.07ms
 99.999%   16.78ms
100.000%   17.17ms

  Detailed Percentile spectrum:
       Value   Percentile   TotalCount 1/(1-Percentile)

       0.108     0.000000            1         1.00
       0.657     0.100000         8005         1.11
       0.862     0.200000        16006         1.25
       1.032     0.300000        23982         1.43
       1.193     0.400000        31992         1.67
       1.351     0.500000        39997         2.00
       1.434     0.550000        43990         2.22
       1.518     0.600000        47989         2.50
       1.607     0.650000        51954         2.86
       1.704     0.700000        55974         3.33
       1.813     0.750000        59981         4.00
       1.871     0.775000        61944         4.44
       1.935     0.800000        63955         5.00
       2.010     0.825000        65934         5.71
       2.093     0.850000        67967         6.67
       2.189     0.875000        69947         8.00
       2.241     0.887500        70925         8.89
       2.303     0.900000        71941        10.00
       2.371     0.912500        72927        11.43
       2.457     0.925000        73918        13.33
       2.551     0.937500        74920        16.00
       2.609     0.943750        75432        17.78
       2.673     0.950000        75921        20.00
       2.761     0.956250        76421        22.86
       2.859     0.962500        76917        26.67
       2.993     0.968750        77419        32.00
       3.089     0.971875        77665        35.56
       3.225     0.975000        77913        40.00
       3.427     0.978125        78161        45.71
       3.745     0.981250        78411        53.33
       4.271     0.984375        78661        64.00
       4.619     0.985938        78787        71.11
       5.039     0.987500        78912        80.00
       5.611     0.989062        79036        91.43
       6.283     0.990625        79160       106.67
       7.131     0.992188        79285       128.00
       7.663     0.992969        79348       142.22
       8.239     0.993750        79410       160.00
       8.855     0.994531        79472       182.86
       9.495     0.995313        79536       213.33
      10.263     0.996094        79599       256.00
      10.559     0.996484        79629       284.44
      10.959     0.996875        79662       320.00
      11.271     0.997266        79691       365.71
      11.647     0.997656        79722       426.67
      12.015     0.998047        79753       512.00
      12.167     0.998242        79769       568.89
      12.439     0.998437        79785       640.00
      12.751     0.998633        79800       731.43
      13.039     0.998828        79816       853.33
      13.295     0.999023        79831      1024.00
      13.551     0.999121        79840      1137.78
      13.711     0.999219        79847      1280.00
      13.855     0.999316        79855      1462.86
      14.103     0.999414        79863      1706.67
      14.415     0.999512        79870      2048.00
      14.719     0.999561        79874      2275.56
      14.823     0.999609        79879      2560.00
      15.055     0.999658        79882      2925.71
      15.295     0.999707        79886      3413.33
      15.567     0.999756        79890      4096.00
      15.623     0.999780        79892      4551.11
      15.807     0.999805        79894      5120.00
      15.879     0.999829        79896      5851.43
      15.951     0.999854        79898      6826.67
      16.023     0.999878        79900      8192.00
      16.071     0.999890        79901      9102.22
      16.191     0.999902        79902     10240.00
      16.223     0.999915        79903     11702.86
      16.271     0.999927        79904     13653.33
      16.319     0.999939        79905     16384.00
      16.319     0.999945        79905     18204.44
      16.623     0.999951        79906     20480.00
      16.623     0.999957        79906     23405.71
      16.735     0.999963        79907     27306.67
      16.735     0.999969        79907     32768.00
      16.735     0.999973        79907     36408.89
      16.783     0.999976        79908     40960.00
      16.783     0.999979        79908     46811.43
      16.783     0.999982        79908     54613.33
      16.783     0.999985        79908     65536.00
      16.783     0.999986        79908     72817.78
      17.167     0.999988        79909     81920.00
      17.167     1.000000        79909          inf
#[Mean    =        1.510, StdDeviation   =        1.092]
#[Max     =       17.152, Total count    =        79909]
#[Buckets =           27, SubBuckets     =         2048]
----------------------------------------------------------
  79911 requests in 10.00s, 13.34MB read
Requests/sec:   7991.26
Transfer/sec:      1.33MB
