Running 10s test @ http://localhost
  2 threads and 10 connections
  Thread Stats   Avg      Stdev     Max   +/- Stdev
    Latency     1.51ms    0.93ms  15.90ms   83.05%
    Req/Sec       -nan      -nan   0.00      0.00%
  Latency Distribution (HdrHistogram - Recorded Latency)
 50.000%    1.38ms
 75.000%    1.88ms
 90.000%    2.40ms
 99.000%    4.37ms
 99.900%   11.69ms
 99.990%   15.10ms
 99.999%   15.81ms
100.000%   15.90ms

  Detailed Percentile spectrum:
       Value   Percentile   TotalCount 1/(1-Percentile)

       0.091     0.000000            1         1.00
       0.642     0.100000         8022         1.11
       0.853     0.200000        16009         1.25
       1.034     0.300000        23983         1.43
       1.203     0.400000        31968         1.67
       1.379     0.500000        40004         2.00
       1.468     0.550000        43988         2.22
       1.563     0.600000        47962         2.50
       1.663     0.650000        51947         2.86
       1.768     0.700000        55940         3.33
       1.882     0.750000        59939         4.00
       1.946     0.775000        61933         4.44
       2.012     0.800000        63939         5.00
       2.087     0.825000        65933         5.71
       2.175     0.850000        67945         6.67
       2.277     0.875000        69931         8.00
       2.339     0.887500        70954         8.89
       2.403     0.900000        71919        10.00
       2.485     0.912500        72926        11.43
       2.577     0.925000        73918        13.33
       2.693     0.937500        74927        16.00
       2.755     0.943750        75422        17.78
       2.833     0.950000        75924        20.00
       2.915     0.956250        76415        22.86
       3.023     0.962500        76917        26.67
       3.177     0.968750        77412        32.00
       3.253     0.971875        77667        35.56
       3.353     0.975000        77916        40.00
       3.477     0.978125        78164        45.71
       3.619     0.981250        78413        53.33
       3.829     0.984375        78663        64.00
       3.953     0.985938        78786        71.11
       4.091     0.987500        78912        80.00
       4.251     0.989062        79037        91.43
       4.463     0.990625        79161       106.67
       4.819     0.992188        79286       128.00
       4.995     0.992969        79348       142.22
       5.259     0.993750        79411       160.00
       5.579     0.994531        79472       182.86
       6.007     0.995313        79536       213.33
       6.583     0.996094        79597       256.00
       6.987     0.996484        79629       284.44
       7.543     0.996875        79660       320.00
       8.127     0.997266        79691       365.71
       8.791     0.997656        79722       426.67
       9.455     0.998047        79753       512.00
       9.871     0.998242        79770       568.89
      10.327     0.998437        79785       640.00
      10.751     0.998633        79800       731.43
      11.231     0.998828        79819       853.33
      11.799     0.999023        79831      1024.00
      12.095     0.999121        79839      1137.78
      12.487     0.999219        79848      1280.00
      12.807     0.999316        79855      1462.86
      13.127     0.999414        79863      1706.67
      13.575     0.999512        79870      2048.00
      13.919     0.999561        79874      2275.56
      14.023     0.999609        79878      2560.00
      14.255     0.999658        79882      2925.71
      14.295     0.999707        79886      3413.33
      14.535     0.999756        79890      4096.00
      14.607     0.999780        79892      4551.11
      14.711     0.999805        79894      5120.00
      14.831     0.999829        79896      5851.43
      14.927     0.999854        79898      6826.67
      15.087     0.999878        79900      8192.00
      15.095     0.999890        79901      9102.22
      15.167     0.999902        79902     10240.00
      15.191     0.999915        79904     11702.86
      15.191     0.999927        79904     13653.33
      15.263     0.999939        79905     16384.00
      15.263     0.999945        79905     18204.44
      15.303     0.999951        79906     20480.00
      15.303     0.999957        79906     23405.71
      15.727     0.999963        79907     27306.67
      15.727     0.999969        79907     32768.00
      15.727     0.999973        79907     36408.89
      15.807     0.999976        79908     40960.00
      15.807     0.999979        79908     46811.43
      15.807     0.999982        79908     54613.33
      15.807     0.999985        79908     65536.00
      15.807     0.999986        79908     72817.78
      15.903     0.999988        79909     81920.00
      15.903     1.000000        79909          inf
#[Mean    =        1.512, StdDeviation   =        0.930]
#[Max     =       15.896, Total count    =        79909]
#[Buckets =           27, SubBuckets     =         2048]
----------------------------------------------------------
  79911 requests in 10.00s, 13.34MB read
Requests/sec:   7991.22
Transfer/sec:      1.33MB
