Running 10s test @ http://localhost
  2 threads and 10 connections
  Thread Stats   Avg      Stdev     Max   +/- Stdev
    Latency     1.61ms    1.27ms  20.40ms   93.28%
    Req/Sec       -nan      -nan   0.00      0.00%
  Latency Distribution (HdrHistogram - Recorded Latency)
 50.000%    1.40ms
 75.000%    1.91ms
 90.000%    2.49ms
 99.000%    7.22ms
 99.900%   14.50ms
 99.990%   17.92ms
 99.999%   19.82ms
100.000%   20.42ms

  Detailed Percentile spectrum:
       Value   Percentile   TotalCount 1/(1-Percentile)

       0.107     0.000000            1         1.00
       0.663     0.100000         8007         1.11
       0.867     0.200000        15995         1.25
       1.048     0.300000        24002         1.43
       1.221     0.400000        31991         1.67
       1.396     0.500000        39956         2.00
       1.489     0.550000        43971         2.22
       1.586     0.600000        47973         2.50
       1.687     0.650000        51968         2.86
       1.796     0.700000        55966         3.33
       1.913     0.750000        59951         4.00
       1.980     0.775000        61938         4.44
       2.053     0.800000        63968         5.00
       2.133     0.825000        65939         5.71
       2.231     0.850000        67945         6.67
       2.343     0.875000        69939         8.00
       2.409     0.887500        70925         8.89
       2.487     0.900000        71920        10.00
       2.581     0.912500        72925        11.43
       2.695     0.925000        73932        13.33
       2.839     0.937500        74929        16.00
       2.935     0.943750        75419        17.78
       3.039     0.950000        75916        20.00
       3.179     0.956250        76416        22.86
       3.345     0.962500        76918        26.67
       3.587     0.968750        77416        32.00
       3.755     0.971875        77669        35.56
       3.979     0.975000        77915        40.00
       4.259     0.978125        78168        45.71
       4.663     0.981250        78414        53.33
       5.291     0.984375        78663        64.00
       5.675     0.985938        78788        71.11
       6.175     0.987500        78913        80.00
       6.783     0.989062        79037        91.43
       7.579     0.990625        79163       106.67
       8.511     0.992188        79287       128.00
       9.127     0.992969        79350       142.22
       9.807     0.993750        79412       160.00
      10.391     0.994531        79474       182.86
      11.047     0.995313        79537       213.33
      11.663     0.996094        79599       256.00
      12.063     0.996484        79631       284.44
      12.367     0.996875        79664       320.00
      12.719     0.997266        79694       365.71
      13.031     0.997656        79724       426.67
      13.359     0.998047        79756       512.00
      13.503     0.998242        79771       568.89
      13.815     0.998437        79787       640.00
      13.983     0.998633        79802       731.43
      14.255     0.998828        79818       853.33
      14.615     0.999023        79834      1024.00
      14.695     0.999121        79841      1137.78
      14.807     0.999219        79849      1280.00
      14.959     0.999316        79857      1462.86
      15.335     0.999414        79865      1706.67
      15.503     0.999512        79872      2048.00
      15.655     0.999561        79876      2275.56
      15.951     0.999609        79880      2560.00
      16.359     0.999658        79884      2925.71
      16.735     0.999707        79888      3413.33
      16.799     0.999756        79892      4096.00
      17.087     0.999780        79894      4551.11
      17.231     0.999805        79896      5120.00
      17.263     0.999829        79898      5851.43
      17.503     0.999854        79900      6826.67
      17.695     0.999878        79902      8192.00
      17.919     0.999890        79903      9102.22
      18.015     0.999902        79904     10240.00
      18.095     0.999915        79905     11702.86
      18.271     0.999927        79906     13653.33
      18.351     0.999939        79907     16384.00
      18.351     0.999945        79907     18204.44
      18.607     0.999951        79908     20480.00
      18.607     0.999957        79908     23405.71
      19.167     0.999963        79909     27306.67
      19.167     0.999969        79909     32768.00
      19.167     0.999973        79909     36408.89
      19.823     0.999976        79910     40960.00
      19.823     0.999979        79910     46811.43
      19.823     0.999982        79910     54613.33
      19.823     0.999985        79910     65536.00
      19.823     0.999986        79910     72817.78
      20.415     0.999988        79911     81920.00
      20.415     1.000000        79911          inf
#[Mean    =        1.609, StdDeviation   =        1.272]
#[Max     =       20.400, Total count    =        79911]
#[Buckets =           27, SubBuckets     =         2048]
----------------------------------------------------------
  79916 requests in 10.00s, 13.34MB read
Requests/sec:   7990.76
Transfer/sec:      1.33MB
