Running 10s test @ http://localhost
  2 threads and 10 connections
  Thread Stats   Avg      Stdev     Max   +/- Stdev
    Latency     2.96ms    3.60ms  41.02ms   92.20%
    Req/Sec       -nan      -nan   0.00      0.00%
  Latency Distribution (HdrHistogram - Recorded Latency)
 50.000%    1.89ms
 75.000%    3.35ms
 90.000%    5.82ms
 99.000%   20.78ms
 99.900%   35.26ms
 99.990%   38.65ms
 99.999%   40.80ms
100.000%   41.06ms

  Detailed Percentile spectrum:
       Value   Percentile   TotalCount 1/(1-Percentile)

       0.137     0.000000            1         1.00
       0.796     0.100000         7991         1.11
       1.068     0.200000        16003         1.25
       1.323     0.300000        23978         1.43
       1.588     0.400000        31956         1.67
       1.894     0.500000        39962         2.00
       2.065     0.550000        43939         2.22
       2.279     0.600000        47962         2.50
       2.545     0.650000        51934         2.86
       2.891     0.700000        55927         3.33
       3.351     0.750000        59925         4.00
       3.627     0.775000        61920         4.44
       3.939     0.800000        63913         5.00
       4.291     0.825000        65912         5.71
       4.699     0.850000        67914         6.67
       5.191     0.875000        69904         8.00
       5.475     0.887500        70903         8.89
       5.815     0.900000        71906        10.00
       6.215     0.912500        72904        11.43
       6.691     0.925000        73895        13.33
       7.299     0.937500        74896        16.00
       7.715     0.943750        75396        17.78
       8.207     0.950000        75896        20.00
       8.847     0.956250        76392        22.86
       9.631     0.962500        76892        26.67
      10.663     0.968750        77391        32.00
      11.351     0.971875        77640        35.56
      12.127     0.975000        77889        40.00
      13.087     0.978125        78140        45.71
      14.175     0.981250        78389        53.33
      15.543     0.984375        78639        64.00
      16.751     0.985938        78765        71.11
      18.159     0.987500        78889        80.00
      19.775     0.989062        79014        91.43
      21.599     0.990625        79140       106.67
      23.327     0.992188        79263       128.00
      24.367     0.992969        79326       142.22
      25.391     0.993750        79387       160.00
      26.303     0.994531        79450       182.86
      27.503     0.995313        79512       213.33
      28.991     0.996094        79575       256.00
      29.615     0.996484        79606       284.44
      30.527     0.996875        79637       320.00
      31.487     0.997266        79668       365.71
      32.159     0.997656        79699       426.67
      32.927     0.998047        79730       512.00
      33.471     0.998242        79747       568.89
      33.791     0.998437        79762       640.00
      34.207     0.998633        79777       731.43
      34.783     0.998828        79793       853.33
      35.327     0.999023        79809      1024.00
      35.519     0.999121        79816      1137.78
      35.743     0.999219        79824      1280.00
      36.159     0.999316        79832      1462.86
      36.415     0.999414        79840      1706.67
      36.575     0.999512        79847      2048.00
      36.799     0.999561        79851      2275.56
      36.927     0.999609        79855      2560.00
      37.055     0.999658        79860      2925.71
      37.279     0.999707        79863      3413.33
      37.503     0.999756        79867      4096.00
      37.567     0.999780        79869      4551.11
      37.887     0.999805        79871      5120.00
      37.983     0.999829        79874      5851.43
      38.047     0.999854        79875      6826.67
      38.655     0.999878        79878      8192.00
      38.655     0.999890        79878      9102.22
      39.007     0.999902        79879     10240.00
      39.391     0.999915        79880     11702.86
      39.679     0.999927        79881     13653.33
      39.999     0.999939        79882     16384.00
      39.999     0.999945        79882     18204.44
      40.095     0.999951        79883     20480.00
      40.095     0.999957        79883     23405.71
      40.415     0.999963        79884     27306.67
      40.415     0.999969        79884     32768.00
      40.415     0.999973        79884     36408.89
      40.799     0.999976        79885     40960.00
      40.799     0.999979        79885     46811.43
      40.799     0.999982        79885     54613.33
      40.799     0.999985        79885     65536.00
      40.799     0.999986        79885     72817.78
      41.055     0.999988        79886     81920.00
      41.055     1.000000        79886          inf
#[Mean    =        2.962, StdDeviation   =        3.595]
#[Max     =       41.024, Total count    =        79886]
#[Buckets =           27, SubBuckets     =         2048]
----------------------------------------------------------
  79896 requests in 10.00s, 13.33MB read
Requests/sec:   7989.67
Transfer/sec:      1.33MB
