Running 10s test @ http://localhost
  2 threads and 10 connections
  Thread Stats   Avg      Stdev     Max   +/- Stdev
    Latency     2.97ms    3.34ms  38.34ms   90.90%
    Req/Sec       -nan      -nan   0.00      0.00%
  Latency Distribution (HdrHistogram - Recorded Latency)
 50.000%    1.89ms
 75.000%    3.47ms
 90.000%    6.03ms
 99.000%   18.70ms
 99.900%   29.33ms
 99.990%   36.58ms
 99.999%   37.79ms
100.000%   38.37ms

  Detailed Percentile spectrum:
       Value   Percentile   TotalCount 1/(1-Percentile)

       0.106     0.000000            1         1.00
       0.783     0.100000         7992         1.11
       1.058     0.200000        15981         1.25
       1.312     0.300000        23985         1.43
       1.586     0.400000        31979         1.67
       1.891     0.500000        39951         2.00
       2.075     0.550000        43958         2.22
       2.303     0.600000        47952         2.50
       2.593     0.650000        51942         2.86
       2.973     0.700000        55935         3.33
       3.471     0.750000        59930         4.00
       3.773     0.775000        61925         4.44
       4.091     0.800000        63928         5.00
       4.455     0.825000        65918         5.71
       4.859     0.850000        67938         6.67
       5.387     0.875000        69911         8.00
       5.683     0.887500        70919         8.89
       6.027     0.900000        71914        10.00
       6.439     0.912500        72907        11.43
       6.935     0.925000        73912        13.33
       7.547     0.937500        74911        16.00
       7.971     0.943750        75413        17.78
       8.455     0.950000        75904        20.00
       9.087     0.956250        76403        22.86
       9.895     0.962500        76903        26.67
      11.023     0.968750        77403        32.00
      11.775     0.971875        77653        35.56
      12.615     0.975000        77901        40.00
      13.695     0.978125        78153        45.71
      14.879     0.981250        78401        53.33
      16.231     0.984375        78650        64.00
      16.895     0.985938        78780        71.11
      17.487     0.987500        78902        80.00
      18.255     0.989062        79027        91.43
      19.071     0.990625        79150       106.67
      20.031     0.992188        79275       128.00
      20.495     0.992969        79337       142.22
      21.071     0.993750        79402       160.00
      21.727     0.994531        79464       182.86
      22.607     0.995313        79525       213.33
      23.567     0.996094        79586       256.00
      24.175     0.996484        79618       284.44
      24.863     0.996875        79649       320.00
      25.535     0.997266        79681       365.71
      26.159     0.997656        79711       426.67
      26.911     0.998047        79744       512.00
      27.535     0.998242        79758       568.89
      27.903     0.998437        79774       640.00
      28.415     0.998633        79789       731.43
      28.799     0.998828        79805       853.33
      29.519     0.999023        79821      1024.00
      29.983     0.999121        79828      1137.78
      30.399     0.999219        79836      1280.00
      30.975     0.999316        79844      1462.86
      31.391     0.999414        79852      1706.67
      31.839     0.999512        79859      2048.00
      32.351     0.999561        79863      2275.56
      33.215     0.999609        79867      2560.00
      33.631     0.999658        79871      2925.71
      34.047     0.999707        79875      3413.33
      34.559     0.999756        79879      4096.00
      34.815     0.999780        79881      4551.11
      35.263     0.999805        79883      5120.00
      35.615     0.999829        79885      5851.43
      35.999     0.999854        79887      6826.67
      36.223     0.999878        79889      8192.00
      36.575     0.999890        79890      9102.22
      36.767     0.999902        79891     10240.00
      36.831     0.999915        79892     11702.86
      36.927     0.999927        79893     13653.33
      37.087     0.999939        79894     16384.00
      37.087     0.999945        79894     18204.44
      37.343     0.999951        79895     20480.00
      37.343     0.999957        79895     23405.71
      37.439     0.999963        79896     27306.67
      37.439     0.999969        79896     32768.00
      37.439     0.999973        79896     36408.89
      37.791     0.999976        79897     40960.00
      37.791     0.999979        79897     46811.43
      37.791     0.999982        79897     54613.33
      37.791     0.999985        79897     65536.00
      37.791     0.999986        79897     72817.78
      38.367     0.999988        79898     81920.00
      38.367     1.000000        79898          inf
#[Mean    =        2.971, StdDeviation   =        3.343]
#[Max     =       38.336, Total count    =        79898]
#[Buckets =           27, SubBuckets     =         2048]
----------------------------------------------------------
  79908 requests in 10.00s, 13.34MB read
Requests/sec:   7988.72
Transfer/sec:      1.33MB
