Running 10s test @ http://localhost
  2 threads and 10 connections
  Thread Stats   Avg      Stdev     Max   +/- Stdev
    Latency     1.66ms    1.47ms  22.90ms   94.85%
    Req/Sec       -nan      -nan   0.00      0.00%
  Latency Distribution (HdrHistogram - Recorded Latency)
 50.000%    1.39ms
 75.000%    1.91ms
 90.000%    2.52ms
 99.000%    9.04ms
 99.900%   16.13ms
 99.990%   19.90ms
 99.999%   21.98ms
100.000%   22.91ms

  Detailed Percentile spectrum:
       Value   Percentile   TotalCount 1/(1-Percentile)

       0.074     0.000000            1         1.00
       0.659     0.100000         8006         1.11
       0.876     0.200000        16020         1.25
       1.055     0.300000        24030         1.43
       1.224     0.400000        31982         1.67
       1.394     0.500000        39976         2.00
       1.485     0.550000        43981         2.22
       1.580     0.600000        47971         2.50
       1.681     0.650000        51973         2.86
       1.789     0.700000        55942         3.33
       1.913     0.750000        59949         4.00
       1.980     0.775000        61933         4.44
       2.059     0.800000        63949         5.00
       2.139     0.825000        65932         5.71
       2.239     0.850000        67926         6.67
       2.357     0.875000        69935         8.00
       2.429     0.887500        70930         8.89
       2.515     0.900000        71933        10.00
       2.615     0.912500        72942        11.43
       2.739     0.925000        73926        13.33
       2.907     0.937500        74924        16.00
       3.015     0.943750        75418        17.78
       3.153     0.950000        75918        20.00
       3.339     0.956250        76415        22.86
       3.595     0.962500        76914        26.67
       4.001     0.968750        77413        32.00
       4.315     0.971875        77664        35.56
       4.715     0.975000        77912        40.00
       5.267     0.978125        78161        45.71
       5.943     0.981250        78411        53.33
       6.783     0.984375        78662        64.00
       7.251     0.985938        78787        71.11
       7.903     0.987500        78911        80.00
       8.599     0.989062        79035        91.43
       9.343     0.990625        79161       106.67
      10.167     0.992188        79286       128.00
      10.607     0.992969        79349       142.22
      11.071     0.993750        79412       160.00
      11.703     0.994531        79472       182.86
      12.399     0.995313        79536       213.33
      13.103     0.996094        79597       256.00
      13.503     0.996484        79629       284.44
      13.719     0.996875        79660       320.00
      14.135     0.997266        79691       365.71
      14.407     0.997656        79722       426.67
      14.775     0.998047        79753       512.00
      14.991     0.998242        79770       568.89
      15.263     0.998437        79785       640.00
      15.511     0.998633        79800       731.43
      15.815     0.998828        79817       853.33
      16.223     0.999023        79831      1024.00
      16.375     0.999121        79839      1137.78
      16.655     0.999219        79847      1280.00
      17.119     0.999316        79855      1462.86
      17.407     0.999414        79863      1706.67
      17.903     0.999512        79871      2048.00
      18.079     0.999561        79874      2275.56
      18.431     0.999609        79878      2560.00
      18.607     0.999658        79882      2925.71
      18.719     0.999707        79886      3413.33
      18.911     0.999756        79890      4096.00
      19.119     0.999780        79892      4551.11
      19.311     0.999805        79894      5120.00
      19.455     0.999829        79896      5851.43
      19.631     0.999854        79898      6826.67
      19.887     0.999878        79900      8192.00
      19.903     0.999890        79901      9102.22
      20.031     0.999902        79902     10240.00
      20.159     0.999915        79903     11702.86
      20.191     0.999927        79904     13653.33
      20.223     0.999939        79905     16384.00
      20.223     0.999945        79905     18204.44
      20.447     0.999951        79906     20480.00
      20.447     0.999957        79906     23405.71
      20.975     0.999963        79907     27306.67
      20.975     0.999969        79907     32768.00
      20.975     0.999973        79907     36408.89
      21.983     0.999976        79908     40960.00
      21.983     0.999979        79908     46811.43
      21.983     0.999982        79908     54613.33
      21.983     0.999985        79908     65536.00
      21.983     0.999986        79908     72817.78
      22.911     0.999988        79909     81920.00
      22.911     1.000000        79909          inf
#[Mean    =        1.656, StdDeviation   =        1.467]
#[Max     =       22.896, Total count    =        79909]
#[Buckets =           27, SubBuckets     =         2048]
----------------------------------------------------------
  79912 requests in 10.00s, 13.34MB read
Requests/sec:   7991.24
Transfer/sec:      1.33MB
