Running 10s test @ http://localhost
  2 threads and 10 connections
  Thread Stats   Avg      Stdev     Max   +/- Stdev
    Latency     1.54ms    1.13ms  17.98ms   91.15%
    Req/Sec       -nan      -nan   0.00      0.00%
  Latency Distribution (HdrHistogram - Recorded Latency)
 50.000%    1.37ms
 75.000%    1.87ms
 90.000%    2.40ms
 99.000%    5.72ms
 99.900%   14.08ms
 99.990%   17.07ms
 99.999%   17.89ms
100.000%   18.00ms

  Detailed Percentile spectrum:
       Value   Percentile   TotalCount 1/(1-Percentile)

       0.123     0.000000            1         1.00
       0.647     0.100000         8013         1.11
       0.857     0.200000        15990         1.25
       1.035     0.300000        23998         1.43
       1.203     0.400000        31980         1.67
       1.371     0.500000        39990         2.00
       1.459     0.550000        43999         2.22
       1.549     0.600000        47953         2.50
       1.645     0.650000        51952         2.86
       1.749     0.700000        55950         3.33
       1.865     0.750000        59956         4.00
       1.931     0.775000        61957         4.44
       2.000     0.800000        63926         5.00
       2.079     0.825000        65929         5.71
       2.167     0.850000        67958         6.67
       2.271     0.875000        69933         8.00
       2.329     0.887500        70923         8.89
       2.399     0.900000        71940        10.00
       2.477     0.912500        72928        11.43
       2.571     0.925000        73924        13.33
       2.683     0.937500        74917        16.00
       2.757     0.943750        75415        17.78
       2.845     0.950000        75919        20.00
       2.941     0.956250        76416        22.86
       3.067     0.962500        76919        26.67
       3.237     0.968750        77410        32.00
       3.355     0.971875        77661        35.56
       3.503     0.975000        77911        40.00
       3.687     0.978125        78161        45.71
       3.957     0.981250        78410        53.33
       4.307     0.984375        78661        64.00
       4.583     0.985938        78785        71.11
       4.959     0.987500        78912        80.00
       5.435     0.989062        79036        91.43
       5.987     0.990625        79158       106.67
       6.787     0.992188        79283       128.00
       7.207     0.992969        79346       142.22
       7.711     0.993750        79408       160.00
       8.303     0.994531        79471       182.86
       9.047     0.995313        79533       213.33
      10.063     0.996094        79595       256.00
      10.647     0.996484        79627       284.44
      11.247     0.996875        79658       320.00
      11.767     0.997266        79689       365.71
      12.311     0.997656        79720       426.67
      12.799     0.998047        79751       512.00
      13.031     0.998242        79767       568.89
      13.335     0.998437        79783       640.00
      13.599     0.998633        79798       731.43
      13.927     0.998828        79814       853.33
      14.095     0.999023        79831      1024.00
      14.215     0.999121        79837      1137.78
      14.551     0.999219        79845      1280.00
      14.727     0.999316        79853      1462.86
      14.943     0.999414        79861      1706.67
      15.271     0.999512        79868      2048.00
      15.391     0.999561        79872      2275.56
      15.591     0.999609        79877      2560.00
      15.791     0.999658        79880      2925.71
      16.055     0.999707        79884      3413.33
      16.375     0.999756        79888      4096.00
      16.607     0.999780        79891      4551.11
      16.719     0.999805        79892      5120.00
      16.815     0.999829        79894      5851.43
      16.911     0.999854        79896      6826.67
      17.023     0.999878        79898      8192.00
      17.071     0.999890        79899      9102.22
      17.247     0.999902        79900     10240.00
      17.343     0.999915        79901     11702.86
      17.375     0.999927        79902     13653.33
      17.391     0.999939        79903     16384.00
      17.391     0.999945        79903     18204.44
      17.423     0.999951        79904     20480.00
      17.423     0.999957        79904     23405.71
      17.439     0.999963        79905     27306.67
      17.439     0.999969        79905     32768.00
      17.439     0.999973        79905     36408.89
      17.887     0.999976        79906     40960.00
      17.887     0.999979        79906     46811.43
      17.887     0.999982        79906     54613.33
      17.887     0.999985        79906     65536.00
      17.887     0.999986        79906     72817.78
      17.999     0.999988        79907     81920.00
      17.999     1.000000        79907          inf
#[Mean    =        1.542, StdDeviation   =        1.125]
#[Max     =       17.984, Total count    =        79907]
#[Buckets =           27, SubBuckets     =         2048]
----------------------------------------------------------
  79909 requests in 10.00s, 13.34MB read
Requests/sec:   7990.94
Transfer/sec:      1.33MB
