Running 10s test @ http://localhost
  2 threads and 10 connections
  Thread Stats   Avg      Stdev     Max   +/- Stdev
    Latency     3.17ms    3.21ms  35.20ms   89.09%
    Req/Sec       -nan      -nan   0.00      0.00%
  Latency Distribution (HdrHistogram - Recorded Latency)
 50.000%    2.07ms
 75.000%    3.94ms
 90.000%    6.68ms
 99.000%   16.78ms
 99.900%   26.33ms
 99.990%   32.70ms
 99.999%   34.53ms
100.000%   35.23ms

  Detailed Percentile spectrum:
       Value   Percentile   TotalCount 1/(1-Percentile)

       0.123     0.000000            1         1.00
       0.826     0.100000         7996         1.11
       1.124     0.200000        15988         1.25
       1.408     0.300000        23996         1.43
       1.706     0.400000        31968         1.67
       2.067     0.500000        39966         2.00
       2.291     0.550000        43955         2.22
       2.567     0.600000        47943         2.50
       2.933     0.650000        51946         2.86
       3.383     0.700000        55939         3.33
       3.939     0.750000        59936         4.00
       4.251     0.775000        61942         4.44
       4.595     0.800000        63939         5.00
       4.979     0.825000        65933         5.71
       5.427     0.850000        67931         6.67
       5.975     0.875000        69926         8.00
       6.299     0.887500        70918         8.89
       6.675     0.900000        71915        10.00
       7.139     0.912500        72916        11.43
       7.719     0.925000        73915        13.33
       8.391     0.937500        74918        16.00
       8.767     0.943750        75413        17.78
       9.207     0.950000        75920        20.00
       9.743     0.956250        76409        22.86
      10.391     0.962500        76915        26.67
      11.127     0.968750        77407        32.00
      11.567     0.971875        77658        35.56
      12.055     0.975000        77909        40.00
      12.623     0.978125        78158        45.71
      13.295     0.981250        78410        53.33
      14.271     0.984375        78656        64.00
      14.887     0.985938        78782        71.11
      15.535     0.987500        78906        80.00
      16.247     0.989062        79031        91.43
      17.215     0.990625        79155       106.67
      18.127     0.992188        79282       128.00
      18.607     0.992969        79344       142.22
      19.215     0.993750        79406       160.00
      20.047     0.994531        79468       182.86
      21.039     0.995313        79530       213.33
      22.111     0.996094        79593       256.00
      22.671     0.996484        79624       284.44
      23.103     0.996875        79655       320.00
      23.647     0.997266        79686       365.71
      24.175     0.997656        79717       426.67
      24.751     0.998047        79751       512.00
      24.975     0.998242        79764       568.89
      25.231     0.998437        79780       640.00
      25.679     0.998633        79795       731.43
      25.999     0.998828        79811       853.33
      26.415     0.999023        79826      1024.00
      26.671     0.999121        79834      1137.78
      26.895     0.999219        79842      1280.00
      27.279     0.999316        79851      1462.86
      27.679     0.999414        79858      1706.67
      28.255     0.999512        79865      2048.00
      28.847     0.999561        79869      2275.56
      29.151     0.999609        79873      2560.00
      29.983     0.999658        79877      2925.71
      30.479     0.999707        79881      3413.33
      30.863     0.999756        79885      4096.00
      31.087     0.999780        79887      4551.11
      31.295     0.999805        79890      5120.00
      31.343     0.999829        79891      5851.43
      31.711     0.999854        79893      6826.67
      32.367     0.999878        79895      8192.00
      32.703     0.999890        79896      9102.22
      33.119     0.999902        79897     10240.00
      33.279     0.999915        79898     11702.86
      33.663     0.999927        79899     13653.33
      33.951     0.999939        79900     16384.00
      33.951     0.999945        79900     18204.44
      34.047     0.999951        79901     20480.00
      34.047     0.999957        79901     23405.71
      34.239     0.999963        79902     27306.67
      34.239     0.999969        79902     32768.00
      34.239     0.999973        79902     36408.89
      34.527     0.999976        79903     40960.00
      34.527     0.999979        79903     46811.43
      34.527     0.999982        79903     54613.33
      34.527     0.999985        79903     65536.00
      34.527     0.999986        79903     72817.78
      35.231     0.999988        79904     81920.00
      35.231     1.000000        79904          inf
#[Mean    =        3.174, StdDeviation   =        3.215]
#[Max     =       35.200, Total count    =        79904]
#[Buckets =           27, SubBuckets     =         2048]
----------------------------------------------------------
  79909 requests in 10.00s, 13.34MB read
Requests/sec:   7991.25
Transfer/sec:      1.33MB
