Running 10s test @ http://localhost
  2 threads and 10 connections
  Thread Stats   Avg      Stdev     Max   +/- Stdev
    Latency     3.49ms    4.29ms  39.71ms   90.95%
    Req/Sec       -nan      -nan   0.00      0.00%
  Latency Distribution (HdrHistogram - Recorded Latency)
 50.000%    2.01ms
 75.000%    3.89ms
 90.000%    7.30ms
 99.000%   23.02ms
 99.900%   33.92ms
 99.990%   37.98ms
 99.999%   39.65ms
100.000%   39.74ms

  Detailed Percentile spectrum:
       Value   Percentile   TotalCount 1/(1-Percentile)

       0.119     0.000000            1         1.00
       0.817     0.100000         7995         1.11
       1.105     0.200000        15986         1.25
       1.375     0.300000        23988         1.43
       1.663     0.400000        31962         1.67
       2.009     0.500000        39951         2.00
       2.231     0.550000        43970         2.22
       2.509     0.600000        47943         2.50
       2.863     0.650000        51956         2.86
       3.307     0.700000        55949         3.33
       3.887     0.750000        59936         4.00
       4.243     0.775000        61940         4.44
       4.643     0.800000        63936         5.00
       5.111     0.825000        65933         5.71
       5.675     0.850000        67928         6.67
       6.367     0.875000        69917         8.00
       6.799     0.887500        70920         8.89
       7.303     0.900000        71912        10.00
       7.947     0.912500        72917        11.43
       8.847     0.925000        73909        13.33
      10.055     0.937500        74914        16.00
      10.871     0.943750        75407        17.78
      11.831     0.950000        75909        20.00
      12.807     0.956250        76406        22.86
      13.999     0.962500        76905        26.67
      15.599     0.968750        77405        32.00
      16.463     0.971875        77659        35.56
      17.375     0.975000        77907        40.00
      18.351     0.978125        78154        45.71
      19.471     0.981250        78406        53.33
      20.639     0.984375        78657        64.00
      21.295     0.985938        78778        71.11
      21.919     0.987500        78906        80.00
      22.559     0.989062        79028        91.43
      23.359     0.990625        79152       106.67
      24.495     0.992188        79277       128.00
      25.279     0.992969        79340       142.22
      26.031     0.993750        79402       160.00
      26.783     0.994531        79467       182.86
      27.759     0.995313        79527       213.33
      28.927     0.996094        79590       256.00
      29.583     0.996484        79621       284.44
      30.351     0.996875        79653       320.00
      31.007     0.997266        79686       365.71
      31.519     0.997656        79714       426.67
      32.063     0.998047        79745       512.00
      32.383     0.998242        79762       568.89
      32.655     0.998437        79777       640.00
      33.023     0.998633        79793       731.43
      33.535     0.998828        79809       853.33
      33.951     0.999023        79823      1024.00
      34.111     0.999121        79831      1137.78
      34.495     0.999219        79839      1280.00
      34.815     0.999316        79847      1462.86
      35.135     0.999414        79855      1706.67
      35.327     0.999512        79862      2048.00
      35.487     0.999561        79866      2275.56
      35.903     0.999609        79871      2560.00
      36.127     0.999658        79876      2925.71
      36.223     0.999707        79879      3413.33
      36.351     0.999756        79882      4096.00
      36.799     0.999780        79884      4551.11
      36.959     0.999805        79886      5120.00
      37.439     0.999829        79889      5851.43
      37.503     0.999854        79890      6826.67
      37.919     0.999878        79892      8192.00
      37.983     0.999890        79893      9102.22
      38.015     0.999902        79894     10240.00
      38.367     0.999915        79895     11702.86
      38.623     0.999927        79896     13653.33
      38.655     0.999939        79897     16384.00
      38.655     0.999945        79897     18204.44
      38.751     0.999951        79898     20480.00
      38.751     0.999957        79898     23405.71
      39.391     0.999963        79899     27306.67
      39.391     0.999969        79899     32768.00
      39.391     0.999973        79899     36408.89
      39.647     0.999976        79900     40960.00
      39.647     0.999979        79900     46811.43
      39.647     0.999982        79900     54613.33
      39.647     0.999985        79900     65536.00
      39.647     0.999986        79900     72817.78
      39.743     0.999988        79901     81920.00
      39.743     1.000000        79901          inf
#[Mean    =        3.488, StdDeviation   =        4.292]
#[Max     =       39.712, Total count    =        79901]
#[Buckets =           27, SubBuckets     =         2048]
----------------------------------------------------------
  79907 requests in 10.00s, 13.34MB read
Requests/sec:   7990.92
Transfer/sec:      1.33MB
