Running 10s test @ http://localhost
  2 threads and 10 connections
  Thread Stats   Avg      Stdev     Max   +/- Stdev
    Latency     1.55ms    1.10ms  19.92ms   91.02%
    Req/Sec       -nan      -nan   0.00      0.00%
  Latency Distribution (HdrHistogram - Recorded Latency)
 50.000%    1.38ms
 75.000%    1.87ms
 90.000%    2.38ms
 99.000%    6.02ms
 99.900%   13.63ms
 99.990%   18.51ms
 99.999%   19.33ms
100.000%   19.93ms

  Detailed Percentile spectrum:
       Value   Percentile   TotalCount 1/(1-Percentile)

       0.166     0.000000            1         1.00
       0.666     0.100000         8007         1.11
       0.870     0.200000        16012         1.25
       1.045     0.300000        23999         1.43
       1.211     0.400000        32001         1.67
       1.376     0.500000        39962         2.00
       1.463     0.550000        43960         2.22
       1.551     0.600000        47946         2.50
       1.649     0.650000        51973         2.86
       1.754     0.700000        55944         3.33
       1.867     0.750000        59941         4.00
       1.929     0.775000        61947         4.44
       1.997     0.800000        63948         5.00
       2.073     0.825000        65976         5.71
       2.157     0.850000        67946         6.67
       2.257     0.875000        69931         8.00
       2.315     0.887500        70942         8.89
       2.381     0.900000        71921        10.00
       2.457     0.912500        72929        11.43
       2.549     0.925000        73926        13.33
       2.659     0.937500        74917        16.00
       2.727     0.943750        75415        17.78
       2.815     0.950000        75919        20.00
       2.923     0.956250        76420        22.86
       3.047     0.962500        76914        26.67
       3.241     0.968750        77413        32.00
       3.375     0.971875        77662        35.56
       3.521     0.975000        77918        40.00
       3.719     0.978125        78162        45.71
       4.029     0.981250        78411        53.33
       4.547     0.984375        78663        64.00
       4.863     0.985938        78787        71.11
       5.295     0.987500        78911        80.00
       5.735     0.989062        79037        91.43
       6.211     0.990625        79160       106.67
       6.843     0.992188        79285       128.00
       7.235     0.992969        79348       142.22
       7.571     0.993750        79410       160.00
       8.011     0.994531        79472       182.86
       8.471     0.995313        79535       213.33
       8.975     0.996094        79597       256.00
       9.279     0.996484        79629       284.44
       9.879     0.996875        79660       320.00
      10.431     0.997266        79691       365.71
      11.111     0.997656        79722       426.67
      11.703     0.998047        79753       512.00
      11.967     0.998242        79769       568.89
      12.319     0.998437        79786       640.00
      12.703     0.998633        79800       731.43
      13.167     0.998828        79817       853.33
      13.655     0.999023        79831      1024.00
      13.991     0.999121        79839      1137.78
      14.279     0.999219        79847      1280.00
      14.983     0.999316        79855      1462.86
      15.791     0.999414        79863      1706.67
      16.079     0.999512        79870      2048.00
      16.351     0.999561        79874      2275.56
      16.543     0.999609        79878      2560.00
      16.671     0.999658        79882      2925.71
      16.895     0.999707        79886      3413.33
      17.263     0.999756        79890      4096.00
      17.295     0.999780        79892      4551.11
      17.519     0.999805        79894      5120.00
      17.903     0.999829        79896      5851.43
      17.919     0.999854        79898      6826.67
      17.983     0.999878        79900      8192.00
      18.511     0.999890        79901      9102.22
      18.575     0.999902        79903     10240.00
      18.575     0.999915        79903     11702.86
      18.607     0.999927        79904     13653.33
      18.639     0.999939        79905     16384.00
      18.639     0.999945        79905     18204.44
      19.183     0.999951        79906     20480.00
      19.183     0.999957        79906     23405.71
      19.263     0.999963        79907     27306.67
      19.263     0.999969        79907     32768.00
      19.263     0.999973        79907     36408.89
      19.327     0.999976        79908     40960.00
      19.327     0.999979        79908     46811.43
      19.327     0.999982        79908     54613.33
      19.327     0.999985        79908     65536.00
      19.327     0.999986        79908     72817.78
      19.935     0.999988        79909     81920.00
      19.935     1.000000        79909          inf
#[Mean    =        1.546, StdDeviation   =        1.098]
#[Max     =       19.920, Total count    =        79909]
#[Buckets =           27, SubBuckets     =         2048]
----------------------------------------------------------
  79915 requests in 10.00s, 13.34MB read
Requests/sec:   7991.29
Transfer/sec:      1.33MB
