Running 10s test @ http://localhost
  2 threads and 10 connections
  Thread Stats   Avg      Stdev     Max   +/- Stdev
    Latency     1.55ms    1.09ms  15.66ms   90.07%
    Req/Sec       -nan      -nan   0.00      0.00%
  Latency Distribution (HdrHistogram - Recorded Latency)
 50.000%    1.38ms
 75.000%    1.88ms
 90.000%    2.41ms
 99.000%    6.35ms
 99.900%   12.68ms
 99.990%   14.34ms
 99.999%   15.47ms
100.000%   15.67ms

  Detailed Percentile spectrum:
       Value   Percentile   TotalCount 1/(1-Percentile)

       0.139     0.000000            1         1.00
       0.654     0.100000         8013         1.11
       0.858     0.200000        16006         1.25
       1.037     0.300000        23977         1.43
       1.207     0.400000        31967         1.67
       1.380     0.500000        39974         2.00
       1.470     0.550000        43961         2.22
       1.565     0.600000        47984         2.50
       1.662     0.650000        51963         2.86
       1.768     0.700000        55958         3.33
       1.884     0.750000        59943         4.00
       1.950     0.775000        61944         4.44
       2.016     0.800000        63925         5.00
       2.095     0.825000        65934         5.71
       2.181     0.850000        67942         6.67
       2.283     0.875000        69928         8.00
       2.345     0.887500        70941         8.89
       2.409     0.900000        71938        10.00
       2.483     0.912500        72934        11.43
       2.577     0.925000        73924        13.33
       2.693     0.937500        74912        16.00
       2.763     0.943750        75413        17.78
       2.845     0.950000        75914        20.00
       2.937     0.956250        76414        22.86
       3.063     0.962500        76910        26.67
       3.237     0.968750        77413        32.00
       3.359     0.971875        77661        35.56
       3.515     0.975000        77911        40.00
       3.725     0.978125        78159        45.71
       4.001     0.981250        78410        53.33
       4.483     0.984375        78661        64.00
       4.819     0.985938        78783        71.11
       5.343     0.987500        78908        80.00
       5.903     0.989062        79033        91.43
       6.559     0.990625        79157       106.67
       7.227     0.992188        79282       128.00
       7.663     0.992969        79345       142.22
       8.091     0.993750        79407       160.00
       8.559     0.994531        79470       182.86
       9.087     0.995313        79532       213.33
       9.671     0.996094        79595       256.00
       9.951     0.996484        79626       284.44
      10.303     0.996875        79657       320.00
      10.695     0.997266        79688       365.71
      11.119     0.997656        79719       426.67
      11.487     0.998047        79750       512.00
      11.743     0.998242        79767       568.89
      12.015     0.998437        79783       640.00
      12.159     0.998633        79797       731.43
      12.455     0.998828        79813       853.33
      12.687     0.999023        79828      1024.00
      12.783     0.999121        79836      1137.78
      13.015     0.999219        79844      1280.00
      13.199     0.999316        79852      1462.86
      13.303     0.999414        79860      1706.67
      13.391     0.999512        79867      2048.00
      13.487     0.999561        79871      2275.56
      13.567     0.999609        79875      2560.00
      13.695     0.999658        79879      2925.71
      13.759     0.999707        79883      3413.33
      13.855     0.999756        79887      4096.00
      13.943     0.999780        79889      4551.11
      13.967     0.999805        79891      5120.00
      14.079     0.999829        79893      5851.43
      14.199     0.999854        79895      6826.67
      14.327     0.999878        79897      8192.00
      14.343     0.999890        79898      9102.22
      14.511     0.999902        79899     10240.00
      14.519     0.999915        79900     11702.86
      14.679     0.999927        79901     13653.33
      14.711     0.999939        79902     16384.00
      14.711     0.999945        79902     18204.44
      14.887     0.999951        79903     20480.00
      14.887     0.999957        79903     23405.71
      15.463     0.999963        79904     27306.67
      15.463     0.999969        79904     32768.00
      15.463     0.999973        79904     36408.89
      15.471     0.999976        79905     40960.00
      15.471     0.999979        79905     46811.43
      15.471     0.999982        79905     54613.33
      15.471     0.999985        79905     65536.00
      15.471     0.999986        79905     72817.78
      15.671     0.999988        79906     81920.00
      15.671     1.000000        79906          inf
#[Mean    =        1.550, StdDeviation   =        1.092]
#[Max     =       15.664, Total count    =        79906]
#[Buckets =           27, SubBuckets     =         2048]
----------------------------------------------------------
  79909 requests in 10.00s, 13.34MB read
Requests/sec:   7991.08
Transfer/sec:      1.33MB
