Running 10s test @ http://localhost
  2 threads and 10 connections
  Thread Stats   Avg      Stdev     Max   +/- Stdev
    Latency     1.66ms    1.65ms  23.90ms   95.87%
    Req/Sec       -nan      -nan   0.00      0.00%
  Latency Distribution (HdrHistogram - Recorded Latency)
 50.000%    1.39ms
 75.000%    1.90ms
 90.000%    2.48ms
 99.000%    9.28ms
 99.900%   20.62ms
 99.990%   23.34ms
 99.999%   23.89ms
100.000%   23.92ms

  Detailed Percentile spectrum:
       Value   Percentile   TotalCount 1/(1-Percentile)

       0.113     0.000000            1         1.00
       0.658     0.100000         7996         1.11
       0.865     0.200000        15988         1.25
       1.045     0.300000        24025         1.43
       1.216     0.400000        31998         1.67
       1.388     0.500000        39974         2.00
       1.478     0.550000        43990         2.22
       1.571     0.600000        47962         2.50
       1.672     0.650000        51983         2.86
       1.781     0.700000        55940         3.33
       1.901     0.750000        59958         4.00
       1.965     0.775000        61939         4.44
       2.040     0.800000        63954         5.00
       2.121     0.825000        65959         5.71
       2.221     0.850000        67945         6.67
       2.337     0.875000        69950         8.00
       2.403     0.887500        70935         8.89
       2.479     0.900000        71931        10.00
       2.575     0.912500        72927        11.43
       2.689     0.925000        73926        13.33
       2.845     0.937500        74919        16.00
       2.949     0.943750        75426        17.78
       3.071     0.950000        75924        20.00
       3.235     0.956250        76419        22.86
       3.463     0.962500        76918        26.67
       3.823     0.968750        77420        32.00
       4.037     0.971875        77665        35.56
       4.327     0.975000        77916        40.00
       4.743     0.978125        78165        45.71
       5.343     0.981250        78414        53.33
       6.243     0.984375        78665        64.00
       6.867     0.985938        78789        71.11
       7.643     0.987500        78914        80.00
       8.575     0.989062        79038        91.43
       9.831     0.990625        79163       106.67
      11.191     0.992188        79288       128.00
      11.895     0.992969        79351       142.22
      12.743     0.993750        79413       160.00
      13.767     0.994531        79475       182.86
      14.935     0.995313        79538       213.33
      15.919     0.996094        79600       256.00
      16.431     0.996484        79633       284.44
      16.959     0.996875        79663       320.00
      17.535     0.997266        79694       365.71
      18.111     0.997656        79725       426.67
      18.703     0.998047        79756       512.00
      19.007     0.998242        79772       568.89
      19.455     0.998437        79788       640.00
      19.807     0.998633        79803       731.43
      20.223     0.998828        79820       853.33
      20.687     0.999023        79835      1024.00
      20.831     0.999121        79842      1137.78
      21.071     0.999219        79850      1280.00
      21.375     0.999316        79858      1462.86
      21.695     0.999414        79866      1706.67
      21.951     0.999512        79874      2048.00
      22.079     0.999561        79877      2275.56
      22.255     0.999609        79881      2560.00
      22.559     0.999658        79885      2925.71
      22.719     0.999707        79889      3413.33
      22.863     0.999756        79894      4096.00
      22.879     0.999780        79895      4551.11
      22.959     0.999805        79897      5120.00
      23.055     0.999829        79899      5851.43
      23.071     0.999854        79901      6826.67
      23.199     0.999878        79903      8192.00
      23.343     0.999890        79904      9102.22
      23.359     0.999902        79905     10240.00
      23.375     0.999915        79906     11702.86
      23.391     0.999927        79907     13653.33
      23.487     0.999939        79908     16384.00
      23.487     0.999945        79908     18204.44
      23.535     0.999951        79909     20480.00
      23.535     0.999957        79909     23405.71
      23.711     0.999963        79910     27306.67
      23.711     0.999969        79910     32768.00
      23.711     0.999973        79910     36408.89
      23.887     0.999976        79911     40960.00
      23.887     0.999979        79911     46811.43
      23.887     0.999982        79911     54613.33
      23.887     0.999985        79911     65536.00
      23.887     0.999986        79911     72817.78
      23.919     0.999988        79912     81920.00
      23.919     1.000000        79912          inf
#[Mean    =        1.658, StdDeviation   =        1.648]
#[Max     =       23.904, Total count    =        79912]
#[Buckets =           27, SubBuckets     =         2048]
----------------------------------------------------------
  79915 requests in 10.00s, 13.34MB read
Requests/sec:   7990.48
Transfer/sec:      1.33MB
