Running 10s test @ http://localhost
  2 threads and 10 connections
  Thread Stats   Avg      Stdev     Max   +/- Stdev
    Latency     1.50ms  848.00us  14.43ms   78.70%
    Req/Sec       -nan      -nan   0.00      0.00%
  Latency Distribution (HdrHistogram - Recorded Latency)
 50.000%    1.38ms
 75.000%    1.88ms
 90.000%    2.41ms
 99.000%    4.20ms
 99.900%    9.45ms
 99.990%   11.79ms
 99.999%   13.33ms
100.000%   14.44ms

  Detailed Percentile spectrum:
       Value   Percentile   TotalCount 1/(1-Percentile)

       0.091     0.000000            1         1.00
       0.648     0.100000         8000         1.11
       0.855     0.200000        15984         1.25
       1.037     0.300000        23994         1.43
       1.209     0.400000        31978         1.67
       1.384     0.500000        39983         2.00
       1.472     0.550000        43999         2.22
       1.566     0.600000        47979         2.50
       1.663     0.650000        51968         2.86
       1.768     0.700000        55952         3.33
       1.885     0.750000        59958         4.00
       1.948     0.775000        61941         4.44
       2.016     0.800000        63932         5.00
       2.093     0.825000        65958         5.71
       2.179     0.850000        67937         6.67
       2.281     0.875000        69931         8.00
       2.341     0.887500        70954         8.89
       2.409     0.900000        71932        10.00
       2.485     0.912500        72941        11.43
       2.575     0.925000        73926        13.33
       2.685     0.937500        74928        16.00
       2.745     0.943750        75421        17.78
       2.817     0.950000        75926        20.00
       2.905     0.956250        76428        22.86
       3.015     0.962500        76929        26.67
       3.143     0.968750        77419        32.00
       3.229     0.971875        77669        35.56
       3.323     0.975000        77917        40.00
       3.429     0.978125        78171        45.71
       3.557     0.981250        78417        53.33
       3.737     0.984375        78668        64.00
       3.837     0.985938        78791        71.11
       3.961     0.987500        78917        80.00
       4.111     0.989062        79045        91.43
       4.271     0.990625        79167       106.67
       4.543     0.992188        79291       128.00
       4.679     0.992969        79353       142.22
       4.859     0.993750        79415       160.00
       5.151     0.994531        79477       182.86
       5.411     0.995313        79540       213.33
       5.863     0.996094        79602       256.00
       6.075     0.996484        79634       284.44
       6.507     0.996875        79665       320.00
       6.847     0.997266        79696       365.71
       7.291     0.997656        79727       426.67
       7.879     0.998047        79758       512.00
       8.039     0.998242        79774       568.89
       8.375     0.998437        79790       640.00
       8.679     0.998633        79805       731.43
       9.103     0.998828        79821       853.33
       9.511     0.999023        79836      1024.00
       9.639     0.999121        79844      1137.78
       9.735     0.999219        79852      1280.00
      10.079     0.999316        79860      1462.86
      10.247     0.999414        79868      1706.67
      10.359     0.999512        79875      2048.00
      10.647     0.999561        79879      2275.56
      10.831     0.999609        79883      2560.00
      10.887     0.999658        79887      2925.71
      10.919     0.999707        79891      3413.33
      11.031     0.999756        79895      4096.00
      11.151     0.999780        79897      4551.11
      11.335     0.999805        79899      5120.00
      11.511     0.999829        79901      5851.43
      11.583     0.999854        79903      6826.67
      11.775     0.999878        79905      8192.00
      11.791     0.999890        79906      9102.22
      11.855     0.999902        79907     10240.00
      12.111     0.999915        79908     11702.86
      12.239     0.999927        79909     13653.33
      12.271     0.999939        79910     16384.00
      12.271     0.999945        79910     18204.44
      12.383     0.999951        79911     20480.00
      12.383     0.999957        79911     23405.71
      12.615     0.999963        79912     27306.67
      12.615     0.999969        79912     32768.00
      12.615     0.999973        79912     36408.89
      13.327     0.999976        79913     40960.00
      13.327     0.999979        79913     46811.43
      13.327     0.999982        79913     54613.33
      13.327     0.999985        79913     65536.00
      13.327     0.999986        79913     72817.78
      14.439     0.999988        79914     81920.00
      14.439     1.000000        79914          inf
#[Mean    =        1.504, StdDeviation   =        0.848]
#[Max     =       14.432, Total count    =        79914]
#[Buckets =           27, SubBuckets     =         2048]
----------------------------------------------------------
  79916 requests in 10.00s, 13.34MB read
Requests/sec:   7990.95
Transfer/sec:      1.33MB
