Running 10s test @ http://localhost
  2 threads and 10 connections
  Thread Stats   Avg      Stdev     Max   +/- Stdev
    Latency     1.66ms    2.67ms  60.67ms   98.71%
    Req/Sec       -nan      -nan   0.00      0.00%
  Latency Distribution (HdrHistogram - Recorded Latency)
 50.000%    1.38ms
 75.000%    1.87ms
 90.000%    2.38ms
 99.000%    5.35ms
 99.900%   49.09ms
 99.990%   55.90ms
 99.999%   60.10ms
100.000%   60.70ms

  Detailed Percentile spectrum:
       Value   Percentile   TotalCount 1/(1-Percentile)

       0.104     0.000000            1         1.00
       0.673     0.100000         7972         1.11
       0.881     0.200000        15962         1.25
       1.054     0.300000        23886         1.43
       1.219     0.400000        31877         1.67
       1.385     0.500000        39841         2.00
       1.468     0.550000        43820         2.22
       1.557     0.600000        47806         2.50
       1.653     0.650000        51782         2.86
       1.755     0.700000        55739         3.33
       1.872     0.750000        59734         4.00
       1.932     0.775000        61702         4.44
       2.000     0.800000        63708         5.00
       2.077     0.825000        65710         5.71
       2.165     0.850000        67701         6.67
       2.263     0.875000        69695         8.00
       2.321     0.887500        70687         8.89
       2.385     0.900000        71677        10.00
       2.459     0.912500        72660        11.43
       2.547     0.925000        73658        13.33
       2.653     0.937500        74647        16.00
       2.717     0.943750        75146        17.78
       2.791     0.950000        75643        20.00
       2.873     0.956250        76131        22.86
       2.987     0.962500        76629        26.67
       3.149     0.968750        77129        32.00
       3.251     0.971875        77375        35.56
       3.361     0.975000        77626        40.00
       3.499     0.978125        77876        45.71
       3.679     0.981250        78123        53.33
       3.941     0.984375        78372        64.00
       4.139     0.985938        78496        71.11
       4.447     0.987500        78621        80.00
       4.915     0.989062        78744        91.43
       5.667     0.990625        78868       106.67
       6.959     0.992188        78993       128.00
       7.735     0.992969        79055       142.22
       8.591     0.993750        79119       160.00
       9.735     0.994531        79179       182.86
      11.319     0.995313        79241       213.33
      13.039     0.996094        79304       256.00
      14.135     0.996484        79335       284.44
      31.599     0.996875        79366       320.00
      37.727     0.997266        79397       365.71
      40.511     0.997656        79428       426.67
      43.391     0.998047        79459       512.00
      45.087     0.998242        79475       568.89
      46.463     0.998437        79490       640.00
      47.679     0.998633        79507       731.43
      48.319     0.998828        79521       853.33
      49.183     0.999023        79537      1024.00
      49.695     0.999121        79546      1137.78
      50.015     0.999219        79552      1280.00
      50.239     0.999316        79560      1462.86
      50.847     0.999414        79568      1706.67
      51.263     0.999512        79576      2048.00
      51.903     0.999561        79580      2275.56
      52.063     0.999609        79583      2560.00
      52.287     0.999658        79587      2925.71
      52.927     0.999707        79591      3413.33
      53.247     0.999756        79595      4096.00
      53.503     0.999780        79597      4551.11
      53.695     0.999805        79599      5120.00
      54.143     0.999829        79601      5851.43
      54.943     0.999854        79603      6826.67
      55.391     0.999878        79605      8192.00
      55.903     0.999890        79606      9102.22
      55.935     0.999902        79607     10240.00
      56.351     0.999915        79608     11702.86
      56.799     0.999927        79609     13653.33
      57.855     0.999939        79610     16384.00
      57.855     0.999945        79610     18204.44
      58.783     0.999951        79611     20480.00
      58.783     0.999957        79611     23405.71
      59.711     0.999963        79612     27306.67
      59.711     0.999969        79612     32768.00
      59.711     0.999973        79612     36408.89
      60.095     0.999976        79613     40960.00
      60.095     0.999979        79613     46811.43
      60.095     0.999982        79613     54613.33
      60.095     0.999985        79613     65536.00
      60.095     0.999986        79613     72817.78
      60.703     0.999988        79614     81920.00
      60.703     1.000000        79614          inf
#[Mean    =        1.655, StdDeviation   =        2.667]
#[Max     =       60.672, Total count    =        79614]
#[Buckets =           27, SubBuckets     =         2048]
----------------------------------------------------------
  79619 requests in 10.00s, 13.29MB read
Requests/sec:   7962.08
Transfer/sec:      1.33MB
