Running 10s test @ http://localhost
  2 threads and 10 connections
  Thread Stats   Avg      Stdev     Max   +/- Stdev
    Latency     1.64ms    1.48ms  25.76ms   95.47%
    Req/Sec       -nan      -nan   0.00      0.00%
  Latency Distribution (HdrHistogram - Recorded Latency)
 50.000%    1.39ms
 75.000%    1.90ms
 90.000%    2.46ms
 99.000%    8.81ms
 99.900%   17.65ms
 99.990%   23.41ms
 99.999%   25.57ms
100.000%   25.77ms

  Detailed Percentile spectrum:
       Value   Percentile   TotalCount 1/(1-Percentile)

       0.107     0.000000            1         1.00
       0.668     0.100000         8010         1.11
       0.875     0.200000        16001         1.25
       1.052     0.300000        23997         1.43
       1.219     0.400000        31984         1.67
       1.389     0.500000        39960         2.00
       1.481     0.550000        43990         2.22
       1.575     0.600000        47983         2.50
       1.673     0.650000        51955         2.86
       1.781     0.700000        55954         3.33
       1.902     0.750000        59965         4.00
       1.964     0.775000        61956         4.44
       2.033     0.800000        63933         5.00
       2.113     0.825000        65935         5.71
       2.207     0.850000        67930         6.67
       2.321     0.875000        69957         8.00
       2.385     0.887500        70929         8.89
       2.465     0.900000        71944        10.00
       2.551     0.912500        72930        11.43
       2.661     0.925000        73927        13.33
       2.811     0.937500        74920        16.00
       2.905     0.943750        75431        17.78
       3.009     0.950000        75920        20.00
       3.155     0.956250        76423        22.86
       3.345     0.962500        76920        26.67
       3.607     0.968750        77417        32.00
       3.803     0.971875        77671        35.56
       4.063     0.975000        77917        40.00
       4.447     0.978125        78167        45.71
       5.075     0.981250        78419        53.33
       6.307     0.984375        78667        64.00
       6.991     0.985938        78791        71.11
       7.687     0.987500        78916        80.00
       8.351     0.989062        79040        91.43
       9.111     0.990625        79165       106.67
      10.015     0.992188        79290       128.00
      10.551     0.992969        79353       142.22
      11.039     0.993750        79416       160.00
      11.847     0.994531        79478       182.86
      12.711     0.995313        79540       213.33
      13.519     0.996094        79602       256.00
      13.839     0.996484        79634       284.44
      14.207     0.996875        79665       320.00
      14.631     0.997266        79696       365.71
      15.103     0.997656        79727       426.67
      15.511     0.998047        79758       512.00
      15.775     0.998242        79774       568.89
      16.223     0.998437        79790       640.00
      16.671     0.998633        79806       731.43
      17.199     0.998828        79823       853.33
      17.759     0.999023        79836      1024.00
      18.559     0.999121        79844      1137.78
      19.279     0.999219        79854      1280.00
      19.727     0.999316        79861      1462.86
      20.383     0.999414        79868      1706.67
      20.863     0.999512        79875      2048.00
      21.279     0.999561        79880      2275.56
      21.391     0.999609        79884      2560.00
      21.535     0.999658        79887      2925.71
      22.127     0.999707        79891      3413.33
      22.511     0.999756        79895      4096.00
      22.639     0.999780        79897      4551.11
      22.687     0.999805        79899      5120.00
      22.959     0.999829        79901      5851.43
      23.215     0.999854        79903      6826.67
      23.327     0.999878        79905      8192.00
      23.407     0.999890        79906      9102.22
      23.535     0.999902        79907     10240.00
      23.679     0.999915        79908     11702.86
      24.255     0.999927        79909     13653.33
      24.335     0.999939        79910     16384.00
      24.335     0.999945        79910     18204.44
      24.655     0.999951        79911     20480.00
      24.655     0.999957        79911     23405.71
      25.151     0.999963        79912     27306.67
      25.151     0.999969        79912     32768.00
      25.151     0.999973        79912     36408.89
      25.567     0.999976        79913     40960.00
      25.567     0.999979        79913     46811.43
      25.567     0.999982        79913     54613.33
      25.567     0.999985        79913     65536.00
      25.567     0.999986        79913     72817.78
      25.775     0.999988        79914     81920.00
      25.775     1.000000        79914          inf
#[Mean    =        1.635, StdDeviation   =        1.483]
#[Max     =       25.760, Total count    =        79914]
#[Buckets =           27, SubBuckets     =         2048]
----------------------------------------------------------
  79916 requests in 10.00s, 13.34MB read
Requests/sec:   7991.26
Transfer/sec:      1.33MB
