Running 10s test @ http://localhost
  2 threads and 10 connections
  Thread Stats   Avg      Stdev     Max   +/- Stdev
    Latency     1.59ms    1.20ms  17.95ms   92.62%
    Req/Sec       -nan      -nan   0.00      0.00%
  Latency Distribution (HdrHistogram - Recorded Latency)
 50.000%    1.39ms
 75.000%    1.90ms
 90.000%    2.45ms
 99.000%    6.74ms
 99.900%   14.33ms
 99.990%   16.67ms
 99.999%   17.31ms
100.000%   17.97ms

  Detailed Percentile spectrum:
       Value   Percentile   TotalCount 1/(1-Percentile)

       0.114     0.000000            1         1.00
       0.670     0.100000         8001         1.11
       0.877     0.200000        15998         1.25
       1.056     0.300000        23985         1.43
       1.224     0.400000        31969         1.67
       1.390     0.500000        39963         2.00
       1.479     0.550000        43986         2.22
       1.571     0.600000        47958         2.50
       1.670     0.650000        51970         2.86
       1.779     0.700000        55968         3.33
       1.896     0.750000        59959         4.00
       1.963     0.775000        61953         4.44
       2.034     0.800000        63940         5.00
       2.113     0.825000        65961         5.71
       2.203     0.850000        67951         6.67
       2.313     0.875000        69943         8.00
       2.375     0.887500        70930         8.89
       2.447     0.900000        71943        10.00
       2.531     0.912500        72941        11.43
       2.631     0.925000        73929        13.33
       2.759     0.937500        74923        16.00
       2.841     0.943750        75422        17.78
       2.937     0.950000        75926        20.00
       3.049     0.956250        76419        22.86
       3.191     0.962500        76918        26.67
       3.385     0.968750        77416        32.00
       3.523     0.971875        77666        35.56
       3.677     0.975000        77916        40.00
       3.899     0.978125        78163        45.71
       4.211     0.981250        78413        53.33
       4.703     0.984375        78663        64.00
       5.111     0.985938        78788        71.11
       5.643     0.987500        78913        80.00
       6.239     0.989062        79037        91.43
       7.007     0.990625        79162       106.67
       7.843     0.992188        79287       128.00
       8.391     0.992969        79351       142.22
       9.023     0.993750        79412       160.00
       9.727     0.994531        79474       182.86
      10.399     0.995313        79537       213.33
      11.287     0.996094        79599       256.00
      11.527     0.996484        79632       284.44
      11.863     0.996875        79663       320.00
      12.303     0.997266        79693       365.71
      12.615     0.997656        79724       426.67
      13.079     0.998047        79755       512.00
      13.383     0.998242        79771       568.89
      13.607     0.998437        79787       640.00
      13.847     0.998633        79802       731.43
      14.119     0.998828        79818       853.33
      14.343     0.999023        79833      1024.00
      14.527     0.999121        79841      1137.78
      14.663     0.999219        79849      1280.00
      14.823     0.999316        79858      1462.86
      14.935     0.999414        79865      1706.67
      15.095     0.999512        79872      2048.00
      15.311     0.999561        79876      2275.56
      15.503     0.999609        79880      2560.00
      15.687     0.999658        79884      2925.71
      15.863     0.999707        79888      3413.33
      16.127     0.999756        79892      4096.00
      16.175     0.999780        79894      4551.11
      16.399     0.999805        79896      5120.00
      16.463     0.999829        79899      5851.43
      16.527     0.999854        79900      6826.67
      16.559     0.999878        79902      8192.00
      16.671     0.999890        79903      9102.22
      16.735     0.999902        79904     10240.00
      16.847     0.999915        79905     11702.86
      17.135     0.999927        79906     13653.33
      17.183     0.999939        79907     16384.00
      17.183     0.999945        79907     18204.44
      17.199     0.999951        79908     20480.00
      17.199     0.999957        79908     23405.71
      17.279     0.999963        79909     27306.67
      17.279     0.999969        79909     32768.00
      17.279     0.999973        79909     36408.89
      17.311     0.999976        79910     40960.00
      17.311     0.999979        79910     46811.43
      17.311     0.999982        79910     54613.33
      17.311     0.999985        79910     65536.00
      17.311     0.999986        79910     72817.78
      17.967     0.999988        79911     81920.00
      17.967     1.000000        79911          inf
#[Mean    =        1.585, StdDeviation   =        1.201]
#[Max     =       17.952, Total count    =        79911]
#[Buckets =           27, SubBuckets     =         2048]
----------------------------------------------------------
  79913 requests in 10.00s, 13.34MB read
Requests/sec:   7991.43
Transfer/sec:      1.33MB
