Running 10s test @ http://localhost
  2 threads and 10 connections
  Thread Stats   Avg      Stdev     Max   +/- Stdev
    Latency     1.67ms    1.87ms  36.35ms   96.50%
    Req/Sec       -nan      -nan   0.00      0.00%
  Latency Distribution (HdrHistogram - Recorded Latency)
 50.000%    1.40ms
 75.000%    1.91ms
 90.000%    2.49ms
 99.000%    8.27ms
 99.900%   31.47ms
 99.990%   35.20ms
 99.999%   35.81ms
100.000%   36.38ms

  Detailed Percentile spectrum:
       Value   Percentile   TotalCount 1/(1-Percentile)

       0.132     0.000000            1         1.00
       0.662     0.100000         7992         1.11
       0.873     0.200000        16003         1.25
       1.052     0.300000        23979         1.43
       1.224     0.400000        31970         1.67
       1.397     0.500000        39988         2.00
       1.486     0.550000        43983         2.22
       1.579     0.600000        47964         2.50
       1.678     0.650000        51941         2.86
       1.787     0.700000        55962         3.33
       1.908     0.750000        59938         4.00
       1.977     0.775000        61936         4.44
       2.053     0.800000        63953         5.00
       2.135     0.825000        65937         5.71
       2.229     0.850000        67927         6.67
       2.339     0.875000        69923         8.00
       2.411     0.887500        70930         8.89
       2.489     0.900000        71923        10.00
       2.581     0.912500        72921        11.43
       2.697     0.925000        73921        13.33
       2.847     0.937500        74929        16.00
       2.935     0.943750        75414        17.78
       3.055     0.950000        75914        20.00
       3.209     0.956250        76413        22.86
       3.429     0.962500        76913        26.67
       3.735     0.968750        77413        32.00
       3.923     0.971875        77662        35.56
       4.251     0.975000        77911        40.00
       4.691     0.978125        78161        45.71
       5.267     0.981250        78411        53.33
       6.063     0.984375        78661        64.00
       6.543     0.985938        78785        71.11
       7.127     0.987500        78910        80.00
       7.739     0.989062        79035        91.43
       8.607     0.990625        79159       106.67
       9.607     0.992188        79284       128.00
      10.175     0.992969        79348       142.22
      10.687     0.993750        79409       160.00
      11.311     0.994531        79472       182.86
      12.535     0.995313        79534       213.33
      13.807     0.996094        79596       256.00
      14.727     0.996484        79628       284.44
      15.631     0.996875        79659       320.00
      17.231     0.997266        79690       365.71
      21.071     0.997656        79721       426.67
      24.783     0.998047        79752       512.00
      26.511     0.998242        79768       568.89
      28.031     0.998437        79784       640.00
      29.071     0.998633        79799       731.43
      30.735     0.998828        79815       853.33
      31.599     0.999023        79830      1024.00
      32.287     0.999121        79838      1137.78
      32.671     0.999219        79846      1280.00
      32.959     0.999316        79855      1462.86
      33.439     0.999414        79863      1706.67
      33.727     0.999512        79869      2048.00
      34.079     0.999561        79873      2275.56
      34.271     0.999609        79877      2560.00
      34.495     0.999658        79881      2925.71
      34.655     0.999707        79885      3413.33
      34.815     0.999756        79889      4096.00
      34.879     0.999780        79892      4551.11
      34.911     0.999805        79893      5120.00
      35.039     0.999829        79895      5851.43
      35.103     0.999854        79897      6826.67
      35.167     0.999878        79899      8192.00
      35.199     0.999890        79900      9102.22
      35.231     0.999902        79901     10240.00
      35.263     0.999915        79902     11702.86
      35.423     0.999927        79903     13653.33
      35.551     0.999939        79904     16384.00
      35.551     0.999945        79904     18204.44
      35.679     0.999951        79905     20480.00
      35.679     0.999957        79905     23405.71
      35.743     0.999963        79906     27306.67
      35.743     0.999969        79906     32768.00
      35.743     0.999973        79906     36408.89
      35.807     0.999976        79907     40960.00
      35.807     0.999979        79907     46811.43
      35.807     0.999982        79907     54613.33
      35.807     0.999985        79907     65536.00
      35.807     0.999986        79907     72817.78
      36.383     0.999988        79908     81920.00
      36.383     1.000000        79908          inf
#[Mean    =        1.669, StdDeviation   =        1.865]
#[Max     =       36.352, Total count    =        79908]
#[Buckets =           27, SubBuckets     =         2048]
----------------------------------------------------------
  79912 requests in 10.00s, 13.34MB read
Requests/sec:   7991.08
Transfer/sec:      1.33MB
