Running 10s test @ http://localhost
  2 threads and 10 connections
  Thread Stats   Avg      Stdev     Max   +/- Stdev
    Latency     5.06ms    8.44ms  91.01ms   91.95%
    Req/Sec       -nan      -nan   0.00      0.00%
  Latency Distribution (HdrHistogram - Recorded Latency)
 50.000%    2.27ms
 75.000%    4.64ms
 90.000%   10.47ms
 99.000%   44.10ms
 99.900%   74.18ms
 99.990%   86.72ms
 99.999%   90.75ms
100.000%   91.07ms

  Detailed Percentile spectrum:
       Value   Percentile   TotalCount 1/(1-Percentile)

       0.138     0.000000            1         1.00
       0.850     0.100000         8000         1.11
       1.158     0.200000        15997         1.25
       1.472     0.300000        24002         1.43
       1.820     0.400000        31987         1.67
       2.269     0.500000        39969         2.00
       2.579     0.550000        43975         2.22
       2.969     0.600000        47948         2.50
       3.423     0.650000        51948         2.86
       3.961     0.700000        55951         3.33
       4.643     0.750000        59944         4.00
       5.059     0.775000        61939         4.44
       5.571     0.800000        63936         5.00
       6.235     0.825000        65934         5.71
       7.123     0.850000        67927         6.67
       8.335     0.875000        69925         8.00
       9.247     0.887500        70929         8.89
      10.471     0.900000        71923        10.00
      12.271     0.912500        72918        11.43
      14.615     0.925000        73921        13.33
      18.047     0.937500        74919        16.00
      20.047     0.943750        75416        17.78
      22.447     0.950000        75915        20.00
      25.071     0.956250        76416        22.86
      27.535     0.962500        76914        26.67
      30.223     0.968750        77413        32.00
      31.695     0.971875        77666        35.56
      33.439     0.975000        77914        40.00
      35.519     0.978125        78163        45.71
      37.471     0.981250        78413        53.33
      39.775     0.984375        78662        64.00
      40.959     0.985938        78787        71.11
      42.015     0.987500        78917        80.00
      43.103     0.989062        79040        91.43
      45.215     0.990625        79161       106.67
      47.551     0.992188        79287       128.00
      49.055     0.992969        79349       142.22
      50.687     0.993750        79411       160.00
      52.031     0.994531        79473       182.86
      52.959     0.995313        79536       213.33
      54.687     0.996094        79598       256.00
      55.903     0.996484        79630       284.44
      57.343     0.996875        79661       320.00
      59.391     0.997266        79692       365.71
      61.183     0.997656        79723       426.67
      62.559     0.998047        79754       512.00
      63.327     0.998242        79770       568.89
      64.639     0.998437        79786       640.00
      65.663     0.998633        79801       731.43
      69.119     0.998828        79817       853.33
      74.687     0.999023        79832      1024.00
      75.583     0.999121        79840      1137.78
      76.543     0.999219        79848      1280.00
      77.439     0.999316        79856      1462.86
      78.463     0.999414        79864      1706.67
      79.295     0.999512        79871      2048.00
      79.615     0.999561        79875      2275.56
      80.319     0.999609        79879      2560.00
      81.727     0.999658        79883      2925.71
      82.495     0.999707        79887      3413.33
      84.287     0.999756        79891      4096.00
      85.503     0.999780        79895      4551.11
      85.503     0.999805        79895      5120.00
      86.015     0.999829        79898      5851.43
      86.207     0.999854        79899      6826.67
      86.399     0.999878        79901      8192.00
      86.719     0.999890        79902      9102.22
      87.423     0.999902        79903     10240.00
      87.999     0.999915        79904     11702.86
      88.703     0.999927        79905     13653.33
      89.343     0.999939        79906     16384.00
      89.343     0.999945        79906     18204.44
      90.111     0.999951        79907     20480.00
      90.111     0.999957        79907     23405.71
      90.431     0.999963        79908     27306.67
      90.431     0.999969        79908     32768.00
      90.431     0.999973        79908     36408.89
      90.751     0.999976        79909     40960.00
      90.751     0.999979        79909     46811.43
      90.751     0.999982        79909     54613.33
      90.751     0.999985        79909     65536.00
      90.751     0.999986        79909     72817.78
      91.071     0.999988        79910     81920.00
      91.071     1.000000        79910          inf
#[Mean    =        5.061, StdDeviation   =        8.439]
#[Max     =       91.008, Total count    =        79910]
#[Buckets =           27, SubBuckets     =         2048]
----------------------------------------------------------
  79915 requests in 10.00s, 13.34MB read
Requests/sec:   7990.81
Transfer/sec:      1.33MB
