Running 10s test @ http://localhost
  2 threads and 10 connections
  Thread Stats   Avg      Stdev     Max   +/- Stdev
    Latency     1.63ms    1.29ms  29.82ms   93.31%
    Req/Sec       -nan      -nan   0.00      0.00%
  Latency Distribution (HdrHistogram - Recorded Latency)
 50.000%    1.41ms
 75.000%    1.93ms
 90.000%    2.52ms
 99.000%    7.66ms
 99.900%   14.12ms
 99.990%   23.34ms
 99.999%   28.75ms
100.000%   29.84ms

  Detailed Percentile spectrum:
       Value   Percentile   TotalCount 1/(1-Percentile)

       0.128     0.000000            1         1.00
       0.675     0.100000         7998         1.11
       0.880     0.200000        16007         1.25
       1.061     0.300000        23982         1.43
       1.235     0.400000        31964         1.67
       1.408     0.500000        39971         2.00
       1.499     0.550000        43971         2.22
       1.597     0.600000        47948         2.50
       1.699     0.650000        51949         2.86
       1.808     0.700000        55952         3.33
       1.929     0.750000        59937         4.00
       1.996     0.775000        61945         4.44
       2.073     0.800000        63962         5.00
       2.159     0.825000        65947         5.71
       2.253     0.850000        67917         6.67
       2.367     0.875000        69933         8.00
       2.437     0.887500        70926         8.89
       2.519     0.900000        71919        10.00
       2.615     0.912500        72911        11.43
       2.731     0.925000        73921        13.33
       2.885     0.937500        74917        16.00
       2.985     0.943750        75411        17.78
       3.111     0.950000        75912        20.00
       3.261     0.956250        76411        22.86
       3.481     0.962500        76904        26.67
       3.801     0.968750        77406        32.00
       4.005     0.971875        77653        35.56
       4.263     0.975000        77903        40.00
       4.603     0.978125        78155        45.71
       5.067     0.981250        78405        53.33
       5.671     0.984375        78653        64.00
       6.151     0.985938        78778        71.11
       6.687     0.987500        78902        80.00
       7.251     0.989062        79029        91.43
       7.923     0.990625        79151       106.67
       8.551     0.992188        79276       128.00
       8.911     0.992969        79339       142.22
       9.295     0.993750        79401       160.00
       9.695     0.994531        79464       182.86
      10.335     0.995313        79526       213.33
      10.847     0.996094        79588       256.00
      11.311     0.996484        79620       284.44
      11.607     0.996875        79651       320.00
      12.023     0.997266        79682       365.71
      12.359     0.997656        79714       426.67
      12.743     0.998047        79746       512.00
      12.983     0.998242        79760       568.89
      13.215     0.998437        79776       640.00
      13.423     0.998633        79791       731.43
      13.719     0.998828        79807       853.33
      14.239     0.999023        79822      1024.00
      14.519     0.999121        79830      1137.78
      15.023     0.999219        79839      1280.00
      15.287     0.999316        79846      1462.86
      15.575     0.999414        79854      1706.67
      16.247     0.999512        79861      2048.00
      16.399     0.999561        79865      2275.56
      16.975     0.999609        79869      2560.00
      17.327     0.999658        79873      2925.71
      18.207     0.999707        79877      3413.33
      19.167     0.999756        79881      4096.00
      19.519     0.999780        79883      4551.11
      20.111     0.999805        79885      5120.00
      20.527     0.999829        79887      5851.43
      21.007     0.999854        79889      6826.67
      22.447     0.999878        79891      8192.00
      23.343     0.999890        79892      9102.22
      24.319     0.999902        79893     10240.00
      25.135     0.999915        79894     11702.86
      25.839     0.999927        79895     13653.33
      26.831     0.999939        79896     16384.00
      26.831     0.999945        79896     18204.44
      27.007     0.999951        79897     20480.00
      27.007     0.999957        79897     23405.71
      27.759     0.999963        79898     27306.67
      27.759     0.999969        79898     32768.00
      27.759     0.999973        79898     36408.89
      28.751     0.999976        79899     40960.00
      28.751     0.999979        79899     46811.43
      28.751     0.999982        79899     54613.33
      28.751     0.999985        79899     65536.00
      28.751     0.999986        79899     72817.78
      29.839     0.999988        79900     81920.00
      29.839     1.000000        79900          inf
#[Mean    =        1.632, StdDeviation   =        1.293]
#[Max     =       29.824, Total count    =        79900]
#[Buckets =           27, SubBuckets     =         2048]
----------------------------------------------------------
  79904 requests in 10.00s, 13.34MB read
Requests/sec:   7990.74
Transfer/sec:      1.33MB
