Running 10s test @ http://localhost
  2 threads and 10 connections
  Thread Stats   Avg      Stdev     Max   +/- Stdev
    Latency     1.69ms    1.65ms  23.52ms   95.53%
    Req/Sec       -nan      -nan   0.00      0.00%
  Latency Distribution (HdrHistogram - Recorded Latency)
 50.000%    1.40ms
 75.000%    1.92ms
 90.000%    2.53ms
 99.000%   10.45ms
 99.900%   18.56ms
 99.990%   21.98ms
 99.999%   23.45ms
100.000%   23.53ms

  Detailed Percentile spectrum:
       Value   Percentile   TotalCount 1/(1-Percentile)

       0.113     0.000000            1         1.00
       0.654     0.100000         7998         1.11
       0.865     0.200000        16003         1.25
       1.048     0.300000        24011         1.43
       1.223     0.400000        31986         1.67
       1.397     0.500000        39982         2.00
       1.489     0.550000        43989         2.22
       1.586     0.600000        47964         2.50
       1.689     0.650000        51948         2.86
       1.801     0.700000        55973         3.33
       1.923     0.750000        59932         4.00
       1.995     0.775000        61946         4.44
       2.071     0.800000        63936         5.00
       2.153     0.825000        65966         5.71
       2.251     0.850000        67944         6.67
       2.367     0.875000        69927         8.00
       2.441     0.887500        70933         8.89
       2.525     0.900000        71921        10.00
       2.631     0.912500        72927        11.43
       2.759     0.925000        73914        13.33
       2.931     0.937500        74916        16.00
       3.041     0.943750        75411        17.78
       3.181     0.950000        75914        20.00
       3.379     0.956250        76414        22.86
       3.661     0.962500        76911        26.67
       4.099     0.968750        77408        32.00
       4.439     0.971875        77659        35.56
       4.927     0.975000        77908        40.00
       5.551     0.978125        78158        45.71
       6.399     0.981250        78407        53.33
       7.587     0.984375        78657        64.00
       8.391     0.985938        78782        71.11
       9.231     0.987500        78907        80.00
       9.991     0.989062        79034        91.43
      10.727     0.990625        79156       106.67
      11.607     0.992188        79281       128.00
      12.087     0.992969        79344       142.22
      12.623     0.993750        79406       160.00
      13.207     0.994531        79469       182.86
      13.719     0.995313        79531       213.33
      14.527     0.996094        79593       256.00
      15.031     0.996484        79626       284.44
      15.431     0.996875        79656       320.00
      15.927     0.997266        79688       365.71
      16.447     0.997656        79719       426.67
      17.007     0.998047        79749       512.00
      17.295     0.998242        79765       568.89
      17.647     0.998437        79781       640.00
      17.967     0.998633        79797       731.43
      18.335     0.998828        79813       853.33
      18.591     0.999023        79827      1024.00
      18.815     0.999121        79835      1137.78
      19.167     0.999219        79843      1280.00
      19.631     0.999316        79852      1462.86
      19.999     0.999414        79860      1706.67
      20.223     0.999512        79866      2048.00
      20.367     0.999561        79871      2275.56
      20.447     0.999609        79874      2560.00
      20.607     0.999658        79878      2925.71
      20.863     0.999707        79882      3413.33
      21.007     0.999756        79886      4096.00
      21.279     0.999780        79888      4551.11
      21.359     0.999805        79892      5120.00
      21.359     0.999829        79892      5851.43
      21.455     0.999854        79894      6826.67
      21.551     0.999878        79896      8192.00
      21.983     0.999890        79897      9102.22
      22.015     0.999902        79899     10240.00
      22.015     0.999915        79899     11702.86
      22.095     0.999927        79900     13653.33
      22.639     0.999939        79901     16384.00
      22.639     0.999945        79901     18204.44
      23.167     0.999951        79902     20480.00
      23.167     0.999957        79902     23405.71
      23.407     0.999963        79903     27306.67
      23.407     0.999969        79903     32768.00
      23.407     0.999973        79903     36408.89
      23.455     0.999976        79904     40960.00
      23.455     0.999979        79904     46811.43
      23.455     0.999982        79904     54613.33
      23.455     0.999985        79904     65536.00
      23.455     0.999986        79904     72817.78
      23.535     0.999988        79905     81920.00
      23.535     1.000000        79905          inf
#[Mean    =        1.688, StdDeviation   =        1.645]
#[Max     =       23.520, Total count    =        79905]
#[Buckets =           27, SubBuckets     =         2048]
----------------------------------------------------------
  79908 requests in 10.00s, 13.34MB read
Requests/sec:   7990.89
Transfer/sec:      1.33MB
