Running 10s test @ http://localhost
  2 threads and 10 connections
  Thread Stats   Avg      Stdev     Max   +/- Stdev
    Latency     1.68ms    2.28ms  49.89ms   97.51%
    Req/Sec       -nan      -nan   0.00      0.00%
  Latency Distribution (HdrHistogram - Recorded Latency)
 50.000%    1.38ms
 75.000%    1.88ms
 90.000%    2.42ms
 99.000%    9.02ms
 99.900%   38.85ms
 99.990%   48.42ms
 99.999%   49.44ms
100.000%   49.92ms

  Detailed Percentile spectrum:
       Value   Percentile   TotalCount 1/(1-Percentile)

       0.139     0.000000            1         1.00
       0.648     0.100000         8000         1.11
       0.857     0.200000        16021         1.25
       1.037     0.300000        23994         1.43
       1.213     0.400000        31985         1.67
       1.384     0.500000        39956         2.00
       1.475     0.550000        43966         2.22
       1.571     0.600000        47969         2.50
       1.668     0.650000        51961         2.86
       1.769     0.700000        55933         3.33
       1.883     0.750000        59945         4.00
       1.947     0.775000        61962         4.44
       2.015     0.800000        63927         5.00
       2.093     0.825000        65965         5.71
       2.183     0.850000        67930         6.67
       2.287     0.875000        69948         8.00
       2.349     0.887500        70939         8.89
       2.419     0.900000        71914        10.00
       2.505     0.912500        72910        11.43
       2.609     0.925000        73916        13.33
       2.747     0.937500        74918        16.00
       2.829     0.943750        75417        17.78
       2.929     0.950000        75905        20.00
       3.051     0.956250        76405        22.86
       3.225     0.962500        76904        26.67
       3.519     0.968750        77407        32.00
       3.707     0.971875        77655        35.56
       3.957     0.975000        77903        40.00
       4.339     0.978125        78153        45.71
       4.931     0.981250        78402        53.33
       5.871     0.984375        78653        64.00
       6.447     0.985938        78777        71.11
       7.283     0.987500        78903        80.00
       8.239     0.989062        79028        91.43
       9.607     0.990625        79151       106.67
      11.127     0.992188        79276       128.00
      11.807     0.992969        79339       142.22
      12.535     0.993750        79401       160.00
      13.191     0.994531        79465       182.86
      14.015     0.995313        79526       213.33
      15.223     0.996094        79588       256.00
      16.719     0.996484        79620       284.44
      21.807     0.996875        79651       320.00
      25.999     0.997266        79682       365.71
      28.559     0.997656        79713       426.67
      31.039     0.998047        79744       512.00
      32.607     0.998242        79760       568.89
      34.271     0.998437        79777       640.00
      35.839     0.998633        79791       731.43
      37.215     0.998828        79807       853.33
      39.007     0.999023        79822      1024.00
      39.487     0.999121        79830      1137.78
      40.575     0.999219        79838      1280.00
      41.823     0.999316        79846      1462.86
      42.975     0.999414        79854      1706.67
      43.935     0.999512        79861      2048.00
      44.287     0.999561        79865      2275.56
      44.831     0.999609        79869      2560.00
      45.567     0.999658        79874      2925.71
      46.335     0.999707        79878      3413.33
      46.911     0.999756        79881      4096.00
      47.295     0.999780        79883      4551.11
      47.487     0.999805        79885      5120.00
      47.679     0.999829        79887      5851.43
      48.063     0.999854        79889      6826.67
      48.351     0.999878        79891      8192.00
      48.415     0.999890        79892      9102.22
      48.511     0.999902        79893     10240.00
      48.639     0.999915        79894     11702.86
      48.671     0.999927        79895     13653.33
      48.735     0.999939        79896     16384.00
      48.735     0.999945        79896     18204.44
      48.799     0.999951        79897     20480.00
      48.799     0.999957        79897     23405.71
      49.119     0.999963        79898     27306.67
      49.119     0.999969        79898     32768.00
      49.119     0.999973        79898     36408.89
      49.439     0.999976        79899     40960.00
      49.439     0.999979        79899     46811.43
      49.439     0.999982        79899     54613.33
      49.439     0.999985        79899     65536.00
      49.439     0.999986        79899     72817.78
      49.919     0.999988        79900     81920.00
      49.919     1.000000        79900          inf
#[Mean    =        1.678, StdDeviation   =        2.281]
#[Max     =       49.888, Total count    =        79900]
#[Buckets =           27, SubBuckets     =         2048]
----------------------------------------------------------
  79902 requests in 10.00s, 13.34MB read
Requests/sec:   7989.97
Transfer/sec:      1.33MB
