Running 10s test @ http://localhost
  2 threads and 10 connections
  Thread Stats   Avg      Stdev     Max   +/- Stdev
    Latency     1.61ms    1.39ms  24.70ms   95.20%
    Req/Sec       -nan      -nan   0.00      0.00%
  Latency Distribution (HdrHistogram - Recorded Latency)
 50.000%    1.38ms
 75.000%    1.88ms
 90.000%    2.45ms
 99.000%    8.95ms
 99.900%   15.57ms
 99.990%   18.66ms
 99.999%   24.09ms
100.000%   24.72ms

  Detailed Percentile spectrum:
       Value   Percentile   TotalCount 1/(1-Percentile)

       0.111     0.000000            1         1.00
       0.660     0.100000         8025         1.11
       0.866     0.200000        16022         1.25
       1.043     0.300000        23982         1.43
       1.212     0.400000        31995         1.67
       1.384     0.500000        39956         2.00
       1.473     0.550000        43954         2.22
       1.564     0.600000        47954         2.50
       1.660     0.650000        51945         2.86
       1.767     0.700000        55952         3.33
       1.883     0.750000        59945         4.00
       1.947     0.775000        61938         4.44
       2.019     0.800000        63937         5.00
       2.099     0.825000        65959         5.71
       2.191     0.850000        67946         6.67
       2.301     0.875000        69937         8.00
       2.371     0.887500        70924         8.89
       2.447     0.900000        71945        10.00
       2.533     0.912500        72935        11.43
       2.639     0.925000        73920        13.33
       2.771     0.937500        74931        16.00
       2.851     0.943750        75419        17.78
       2.949     0.950000        75923        20.00
       3.077     0.956250        76417        22.86
       3.257     0.962500        76918        26.67
       3.517     0.968750        77417        32.00
       3.699     0.971875        77665        35.56
       3.939     0.975000        77915        40.00
       4.303     0.978125        78165        45.71
       4.915     0.981250        78413        53.33
       6.055     0.984375        78663        64.00
       6.855     0.985938        78788        71.11
       7.539     0.987500        78913        80.00
       8.383     0.989062        79038        91.43
       9.215     0.990625        79162       106.67
      10.063     0.992188        79287       128.00
      10.527     0.992969        79352       142.22
      10.967     0.993750        79412       160.00
      11.431     0.994531        79475       182.86
      11.919     0.995313        79537       213.33
      12.471     0.996094        79600       256.00
      12.751     0.996484        79631       284.44
      13.039     0.996875        79662       320.00
      13.319     0.997266        79694       365.71
      13.735     0.997656        79724       426.67
      14.135     0.998047        79755       512.00
      14.415     0.998242        79771       568.89
      14.655     0.998437        79787       640.00
      15.031     0.998633        79802       731.43
      15.295     0.998828        79818       853.33
      15.575     0.999023        79833      1024.00
      15.727     0.999121        79841      1137.78
      16.023     0.999219        79849      1280.00
      16.527     0.999316        79857      1462.86
      16.847     0.999414        79866      1706.67
      17.167     0.999512        79872      2048.00
      17.295     0.999561        79876      2275.56
      17.423     0.999609        79880      2560.00
      17.583     0.999658        79884      2925.71
      17.663     0.999707        79888      3413.33
      17.839     0.999756        79892      4096.00
      17.871     0.999780        79894      4551.11
      17.999     0.999805        79898      5120.00
      17.999     0.999829        79898      5851.43
      18.127     0.999854        79900      6826.67
      18.623     0.999878        79902      8192.00
      18.655     0.999890        79903      9102.22
      19.279     0.999902        79904     10240.00
      20.191     0.999915        79905     11702.86
      21.023     0.999927        79906     13653.33
      21.823     0.999939        79907     16384.00
      21.823     0.999945        79907     18204.44
      22.575     0.999951        79908     20480.00
      22.575     0.999957        79908     23405.71
      23.295     0.999963        79909     27306.67
      23.295     0.999969        79909     32768.00
      23.295     0.999973        79909     36408.89
      24.095     0.999976        79910     40960.00
      24.095     0.999979        79910     46811.43
      24.095     0.999982        79910     54613.33
      24.095     0.999985        79910     65536.00
      24.095     0.999986        79910     72817.78
      24.719     0.999988        79911     81920.00
      24.719     1.000000        79911          inf
#[Mean    =        1.612, StdDeviation   =        1.385]
#[Max     =       24.704, Total count    =        79911]
#[Buckets =           27, SubBuckets     =         2048]
----------------------------------------------------------
  79914 requests in 10.00s, 13.34MB read
Requests/sec:   7991.72
Transfer/sec:      1.33MB
