Running 10s test @ http://localhost
  2 threads and 10 connections
  Thread Stats   Avg      Stdev     Max   +/- Stdev
    Latency     1.98ms    4.10ms  58.02ms   97.61%
    Req/Sec       -nan      -nan   0.00      0.00%
  Latency Distribution (HdrHistogram - Recorded Latency)
 50.000%    1.39ms
 75.000%    1.89ms
 90.000%    2.48ms
 99.000%   21.39ms
 99.900%   50.62ms
 99.990%   57.44ms
 99.999%   57.85ms
100.000%   58.05ms

  Detailed Percentile spectrum:
       Value   Percentile   TotalCount 1/(1-Percentile)

       0.082     0.000000            1         1.00
       0.658     0.100000         8003         1.11
       0.870     0.200000        16001         1.25
       1.051     0.300000        23992         1.43
       1.216     0.400000        31986         1.67
       1.387     0.500000        40002         2.00
       1.475     0.550000        44002         2.22
       1.566     0.600000        47969         2.50
       1.665     0.650000        51958         2.86
       1.773     0.700000        55966         3.33
       1.892     0.750000        59935         4.00
       1.958     0.775000        61947         4.44
       2.033     0.800000        63932         5.00
       2.115     0.825000        65956         5.71
       2.211     0.850000        67955         6.67
       2.327     0.875000        69923         8.00
       2.403     0.887500        70941         8.89
       2.481     0.900000        71923        10.00
       2.579     0.912500        72921        11.43
       2.697     0.925000        73921        13.33
       2.863     0.937500        74922        16.00
       2.969     0.943750        75420        17.78
       3.113     0.950000        75918        20.00
       3.315     0.956250        76417        22.86
       3.615     0.962500        76914        26.67
       4.131     0.968750        77415        32.00
       4.635     0.971875        77664        35.56
       5.631     0.975000        77913        40.00
       6.983     0.978125        78162        45.71
       8.783     0.981250        78414        53.33
      11.247     0.984375        78665        64.00
      12.959     0.985938        78788        71.11
      14.887     0.987500        78912        80.00
      18.095     0.989062        79036        91.43
      24.143     0.990625        79161       106.67
      30.191     0.992188        79286       128.00
      33.855     0.992969        79350       142.22
      36.319     0.993750        79412       160.00
      38.239     0.994531        79474       182.86
      40.415     0.995313        79536       213.33
      42.847     0.996094        79598       256.00
      44.287     0.996484        79630       284.44
      45.375     0.996875        79661       320.00
      46.303     0.997266        79693       365.71
      47.071     0.997656        79723       426.67
      48.031     0.998047        79754       512.00
      48.639     0.998242        79771       568.89
      49.119     0.998437        79786       640.00
      49.631     0.998633        79803       731.43
      50.175     0.998828        79818       853.33
      50.655     0.999023        79833      1024.00
      51.071     0.999121        79840      1137.78
      51.871     0.999219        79848      1280.00
      52.223     0.999316        79856      1462.86
      52.735     0.999414        79864      1706.67
      53.343     0.999512        79871      2048.00
      53.631     0.999561        79875      2275.56
      54.271     0.999609        79879      2560.00
      55.519     0.999658        79884      2925.71
      55.935     0.999707        79887      3413.33
      56.319     0.999756        79891      4096.00
      56.511     0.999780        79893      4551.11
      56.927     0.999805        79895      5120.00
      57.023     0.999829        79897      5851.43
      57.407     0.999854        79900      6826.67
      57.439     0.999878        79902      8192.00
      57.439     0.999890        79902      9102.22
      57.503     0.999902        79903     10240.00
      57.599     0.999915        79904     11702.86
      57.695     0.999927        79905     13653.33
      57.759     0.999939        79907     16384.00
      57.759     0.999945        79907     18204.44
      57.759     0.999951        79907     20480.00
      57.759     0.999957        79907     23405.71
      57.823     0.999963        79908     27306.67
      57.823     0.999969        79908     32768.00
      57.823     0.999973        79908     36408.89
      57.855     0.999976        79909     40960.00
      57.855     0.999979        79909     46811.43
      57.855     0.999982        79909     54613.33
      57.855     0.999985        79909     65536.00
      57.855     0.999986        79909     72817.78
      58.047     0.999988        79910     81920.00
      58.047     1.000000        79910          inf
#[Mean    =        1.976, StdDeviation   =        4.101]
#[Max     =       58.016, Total count    =        79910]
#[Buckets =           27, SubBuckets     =         2048]
----------------------------------------------------------
  79917 requests in 10.00s, 13.34MB read
Requests/sec:   7991.02
Transfer/sec:      1.33MB
