Running 10s test @ http://localhost
  2 threads and 10 connections
  Thread Stats   Avg      Stdev     Max   +/- Stdev
    Latency     1.51ms    1.02ms  17.82ms   90.31%
    Req/Sec       -nan      -nan   0.00      0.00%
  Latency Distribution (HdrHistogram - Recorded Latency)
 50.000%    1.36ms
 75.000%    1.84ms
 90.000%    2.30ms
 99.000%    5.47ms
 99.900%   12.69ms
 99.990%   15.13ms
 99.999%   16.91ms
100.000%   17.84ms

  Detailed Percentile spectrum:
       Value   Percentile   TotalCount 1/(1-Percentile)

       0.119     0.000000            2         1.00
       0.662     0.100000         8002         1.11
       0.864     0.200000        16024         1.25
       1.035     0.300000        23985         1.43
       1.198     0.400000        31961         1.67
       1.364     0.500000        39981         2.00
       1.449     0.550000        43979         2.22
       1.536     0.600000        47940         2.50
       1.628     0.650000        51968         2.86
       1.728     0.700000        55963         3.33
       1.835     0.750000        59938         4.00
       1.892     0.775000        61957         4.44
       1.953     0.800000        63950         5.00
       2.020     0.825000        65924         5.71
       2.097     0.850000        67955         6.67
       2.189     0.875000        69940         8.00
       2.241     0.887500        70936         8.89
       2.295     0.900000        71933        10.00
       2.357     0.912500        72919        11.43
       2.435     0.925000        73927        13.33
       2.525     0.937500        74907        16.00
       2.583     0.943750        75415        17.78
       2.651     0.950000        75914        20.00
       2.729     0.956250        76411        22.86
       2.827     0.962500        76906        26.67
       2.953     0.968750        77405        32.00
       3.035     0.971875        77655        35.56
       3.167     0.975000        77906        40.00
       3.339     0.978125        78156        45.71
       3.623     0.981250        78403        53.33
       4.075     0.984375        78652        64.00
       4.399     0.985938        78776        71.11
       4.775     0.987500        78901        80.00
       5.191     0.989062        79026        91.43
       5.723     0.990625        79150       106.67
       6.419     0.992188        79276       128.00
       6.783     0.992969        79338       142.22
       7.375     0.993750        79400       160.00
       7.995     0.994531        79463       182.86
       8.567     0.995313        79525       213.33
       9.311     0.996094        79588       256.00
       9.575     0.996484        79620       284.44
       9.943     0.996875        79650       320.00
      10.423     0.997266        79681       365.71
      10.863     0.997656        79713       426.67
      11.487     0.998047        79744       512.00
      11.759     0.998242        79759       568.89
      12.007     0.998437        79775       640.00
      12.191     0.998633        79790       731.43
      12.527     0.998828        79806       853.33
      12.695     0.999023        79821      1024.00
      12.863     0.999121        79829      1137.78
      13.015     0.999219        79837      1280.00
      13.215     0.999316        79845      1462.86
      13.431     0.999414        79853      1706.67
      13.511     0.999512        79860      2048.00
      13.575     0.999561        79864      2275.56
      13.703     0.999609        79868      2560.00
      13.863     0.999658        79872      2925.71
      13.959     0.999707        79876      3413.33
      14.111     0.999756        79880      4096.00
      14.119     0.999780        79882      4551.11
      14.351     0.999805        79884      5120.00
      14.447     0.999829        79886      5851.43
      14.983     0.999854        79888      6826.67
      15.111     0.999878        79890      8192.00
      15.127     0.999890        79891      9102.22
      15.439     0.999902        79892     10240.00
      15.511     0.999915        79893     11702.86
      15.647     0.999927        79894     13653.33
      15.719     0.999939        79895     16384.00
      15.719     0.999945        79895     18204.44
      15.991     0.999951        79896     20480.00
      15.991     0.999957        79896     23405.71
      16.031     0.999963        79897     27306.67
      16.031     0.999969        79897     32768.00
      16.031     0.999973        79897     36408.89
      16.911     0.999976        79898     40960.00
      16.911     0.999979        79898     46811.43
      16.911     0.999982        79898     54613.33
      16.911     0.999985        79898     65536.00
      16.911     0.999986        79898     72817.78
      17.839     0.999988        79899     81920.00
      17.839     1.000000        79899          inf
#[Mean    =        1.506, StdDeviation   =        1.025]
#[Max     =       17.824, Total count    =        79899]
#[Buckets =           27, SubBuckets     =         2048]
----------------------------------------------------------
  79903 requests in 10.00s, 13.34MB read
Requests/sec:   7990.03
Transfer/sec:      1.33MB
