Running 10s test @ http://localhost
  2 threads and 10 connections
  Thread Stats   Avg      Stdev     Max   +/- Stdev
    Latency     1.56ms    1.02ms  15.51ms   87.02%
    Req/Sec       -nan      -nan   0.00      0.00%
  Latency Distribution (HdrHistogram - Recorded Latency)
 50.000%    1.39ms
 75.000%    1.90ms
 90.000%    2.44ms
 99.000%    5.63ms
 99.900%   11.30ms
 99.990%   14.46ms
 99.999%   15.49ms
100.000%   15.52ms

  Detailed Percentile spectrum:
       Value   Percentile   TotalCount 1/(1-Percentile)

       0.132     0.000000            1         1.00
       0.671     0.100000         8022         1.11
       0.873     0.200000        16018         1.25
       1.052     0.300000        23987         1.43
       1.221     0.400000        31964         1.67
       1.394     0.500000        39956         2.00
       1.485     0.550000        43997         2.22
       1.579     0.600000        47959         2.50
       1.680     0.650000        51967         2.86
       1.788     0.700000        55959         3.33
       1.905     0.750000        59936         4.00
       1.969     0.775000        61935         4.44
       2.037     0.800000        63941         5.00
       2.117     0.825000        65953         5.71
       2.205     0.850000        67938         6.67
       2.309     0.875000        69931         8.00
       2.369     0.887500        70945         8.89
       2.439     0.900000        71945        10.00
       2.523     0.912500        72933        11.43
       2.621     0.925000        73920        13.33
       2.745     0.937500        74921        16.00
       2.821     0.943750        75429        17.78
       2.909     0.950000        75919        20.00
       3.015     0.956250        76414        22.86
       3.167     0.962500        76922        26.67
       3.367     0.968750        77416        32.00
       3.487     0.971875        77666        35.56
       3.657     0.975000        77913        40.00
       3.851     0.978125        78164        45.71
       4.103     0.981250        78413        53.33
       4.475     0.984375        78663        64.00
       4.707     0.985938        78791        71.11
       4.987     0.987500        78917        80.00
       5.347     0.989062        79036        91.43
       5.811     0.990625        79161       106.67
       6.387     0.992188        79286       128.00
       6.683     0.992969        79349       142.22
       7.023     0.993750        79411       160.00
       7.535     0.994531        79474       182.86
       7.951     0.995313        79536       213.33
       8.559     0.996094        79598       256.00
       8.999     0.996484        79630       284.44
       9.239     0.996875        79662       320.00
       9.551     0.997266        79692       365.71
       9.951     0.997656        79724       426.67
      10.335     0.998047        79754       512.00
      10.503     0.998242        79771       568.89
      10.663     0.998437        79787       640.00
      10.791     0.998633        79802       731.43
      11.055     0.998828        79817       853.33
      11.319     0.999023        79832      1024.00
      11.375     0.999121        79842      1137.78
      11.623     0.999219        79848      1280.00
      11.783     0.999316        79857      1462.86
      11.959     0.999414        79864      1706.67
      12.143     0.999512        79871      2048.00
      12.215     0.999561        79875      2275.56
      12.359     0.999609        79879      2560.00
      12.911     0.999658        79883      2925.71
      13.071     0.999707        79887      3413.33
      13.471     0.999756        79891      4096.00
      13.663     0.999780        79893      4551.11
      13.695     0.999805        79895      5120.00
      13.847     0.999829        79897      5851.43
      14.247     0.999854        79899      6826.67
      14.439     0.999878        79901      8192.00
      14.463     0.999890        79902      9102.22
      14.535     0.999902        79903     10240.00
      14.791     0.999915        79904     11702.86
      14.895     0.999927        79905     13653.33
      14.951     0.999939        79906     16384.00
      14.951     0.999945        79906     18204.44
      15.071     0.999951        79907     20480.00
      15.071     0.999957        79907     23405.71
      15.391     0.999963        79908     27306.67
      15.391     0.999969        79908     32768.00
      15.391     0.999973        79908     36408.89
      15.495     0.999976        79909     40960.00
      15.495     0.999979        79909     46811.43
      15.495     0.999982        79909     54613.33
      15.495     0.999985        79909     65536.00
      15.495     0.999986        79909     72817.78
      15.519     0.999988        79910     81920.00
      15.519     1.000000        79910          inf
#[Mean    =        1.560, StdDeviation   =        1.020]
#[Max     =       15.512, Total count    =        79910]
#[Buckets =           27, SubBuckets     =         2048]
----------------------------------------------------------
  79912 requests in 10.00s, 13.34MB read
Requests/sec:   7991.59
Transfer/sec:      1.33MB
