Running 10s test @ http://localhost
  2 threads and 10 connections
  Thread Stats   Avg      Stdev     Max   +/- Stdev
    Latency     1.44ms  783.37us  13.76ms   79.58%
    Req/Sec       -nan      -nan   0.00      0.00%
  Latency Distribution (HdrHistogram - Recorded Latency)
 50.000%    1.35ms
 75.000%    1.78ms
 90.000%    2.24ms
 99.000%    3.78ms
 99.900%    9.53ms
 99.990%   12.30ms
 99.999%   13.47ms
100.000%   13.77ms

  Detailed Percentile spectrum:
       Value   Percentile   TotalCount 1/(1-Percentile)

       0.101     0.000000            1         1.00
       0.653     0.100000         8015         1.11
       0.868     0.200000        15994         1.25
       1.046     0.300000        24004         1.43
       1.200     0.400000        31990         1.67
       1.354     0.500000        40001         2.00
       1.425     0.550000        43964         2.22
       1.500     0.600000        47976         2.50
       1.581     0.650000        51970         2.86
       1.673     0.700000        55944         3.33
       1.777     0.750000        59946         4.00
       1.836     0.775000        61957         4.44
       1.899     0.800000        63946         5.00
       1.969     0.825000        65940         5.71
       2.049     0.850000        67967         6.67
       2.137     0.875000        69966         8.00
       2.185     0.887500        70935         8.89
       2.239     0.900000        71930        10.00
       2.301     0.912500        72937        11.43
       2.367     0.925000        73936        13.33
       2.445     0.937500        74927        16.00
       2.489     0.943750        75432        17.78
       2.541     0.950000        75939        20.00
       2.599     0.956250        76432        22.86
       2.659     0.962500        76919        26.67
       2.733     0.968750        77422        32.00
       2.785     0.971875        77670        35.56
       2.839     0.975000        77917        40.00
       2.905     0.978125        78171        45.71
       3.001     0.981250        78419        53.33
       3.125     0.984375        78667        64.00
       3.223     0.985938        78792        71.11
       3.395     0.987500        78916        80.00
       3.613     0.989062        79040        91.43
       3.899     0.990625        79165       106.67
       4.307     0.992188        79291       128.00
       4.543     0.992969        79353       142.22
       4.819     0.993750        79415       160.00
       5.123     0.994531        79479       182.86
       5.527     0.995313        79540       213.33
       5.915     0.996094        79602       256.00
       6.183     0.996484        79634       284.44
       6.527     0.996875        79665       320.00
       6.727     0.997266        79696       365.71
       7.211     0.997656        79728       426.67
       7.747     0.998047        79758       512.00
       8.047     0.998242        79774       568.89
       8.447     0.998437        79790       640.00
       8.879     0.998633        79805       731.43
       9.143     0.998828        79821       853.33
       9.559     0.999023        79836      1024.00
       9.767     0.999121        79844      1137.78
       9.847     0.999219        79852      1280.00
      10.119     0.999316        79860      1462.86
      10.559     0.999414        79868      1706.67
      10.743     0.999512        79875      2048.00
      10.975     0.999561        79879      2275.56
      11.159     0.999609        79883      2560.00
      11.455     0.999658        79887      2925.71
      11.767     0.999707        79891      3413.33
      11.879     0.999756        79896      4096.00
      11.935     0.999780        79897      4551.11
      11.951     0.999805        79899      5120.00
      12.247     0.999829        79901      5851.43
      12.263     0.999854        79903      6826.67
      12.279     0.999878        79905      8192.00
      12.295     0.999890        79906      9102.22
      12.623     0.999902        79907     10240.00
      12.679     0.999915        79908     11702.86
      12.695     0.999927        79909     13653.33
      12.767     0.999939        79910     16384.00
      12.767     0.999945        79910     18204.44
      12.791     0.999951        79911     20480.00
      12.791     0.999957        79911     23405.71
      13.199     0.999963        79912     27306.67
      13.199     0.999969        79912     32768.00
      13.199     0.999973        79912     36408.89
      13.471     0.999976        79913     40960.00
      13.471     0.999979        79913     46811.43
      13.471     0.999982        79913     54613.33
      13.471     0.999985        79913     65536.00
      13.471     0.999986        79913     72817.78
      13.767     0.999988        79914     81920.00
      13.767     1.000000        79914          inf
#[Mean    =        1.439, StdDeviation   =        0.783]
#[Max     =       13.760, Total count    =        79914]
#[Buckets =           27, SubBuckets     =         2048]
----------------------------------------------------------
  79916 requests in 10.00s, 13.34MB read
Requests/sec:   7991.76
Transfer/sec:      1.33MB
