Running 10s test @ http://localhost
  2 threads and 10 connections
  Thread Stats   Avg      Stdev     Max   +/- Stdev
    Latency     1.56ms    1.05ms  17.38ms   87.73%
    Req/Sec       -nan      -nan   0.00      0.00%
  Latency Distribution (HdrHistogram - Recorded Latency)
 50.000%    1.39ms
 75.000%    1.90ms
 90.000%    2.45ms
 99.000%    5.97ms
 99.900%   11.91ms
 99.990%   15.04ms
 99.999%   16.59ms
100.000%   17.39ms

  Detailed Percentile spectrum:
       Value   Percentile   TotalCount 1/(1-Percentile)

       0.102     0.000000            1         1.00
       0.657     0.100000         8032         1.11
       0.867     0.200000        16002         1.25
       1.045     0.300000        24011         1.43
       1.217     0.400000        32004         1.67
       1.391     0.500000        40006         2.00
       1.481     0.550000        43974         2.22
       1.575     0.600000        47974         2.50
       1.677     0.650000        51959         2.86
       1.787     0.700000        55976         3.33
       1.905     0.750000        59940         4.00
       1.970     0.775000        61950         4.44
       2.040     0.800000        63955         5.00
       2.119     0.825000        65979         5.71
       2.207     0.850000        67974         6.67
       2.311     0.875000        69929         8.00
       2.379     0.887500        70955         8.89
       2.449     0.900000        71940        10.00
       2.539     0.912500        72931        11.43
       2.637     0.925000        73921        13.33
       2.767     0.937500        74928        16.00
       2.847     0.943750        75433        17.78
       2.937     0.950000        75921        20.00
       3.055     0.956250        76427        22.86
       3.211     0.962500        76921        26.67
       3.415     0.968750        77418        32.00
       3.569     0.971875        77667        35.56
       3.743     0.975000        77917        40.00
       3.967     0.978125        78166        45.71
       4.271     0.981250        78417        53.33
       4.659     0.984375        78671        64.00
       4.927     0.985938        78792        71.11
       5.247     0.987500        78916        80.00
       5.639     0.989062        79040        91.43
       6.167     0.990625        79167       106.67
       6.735     0.992188        79290       128.00
       7.091     0.992969        79354       142.22
       7.391     0.993750        79415       160.00
       7.723     0.994531        79477       182.86
       8.099     0.995313        79540       213.33
       8.535     0.996094        79603       256.00
       8.679     0.996484        79634       284.44
       8.911     0.996875        79665       320.00
       9.159     0.997266        79696       365.71
       9.543     0.997656        79727       426.67
       9.983     0.998047        79758       512.00
      10.207     0.998242        79774       568.89
      10.679     0.998437        79791       640.00
      10.943     0.998633        79805       731.43
      11.423     0.998828        79821       853.33
      11.959     0.999023        79836      1024.00
      12.391     0.999121        79844      1137.78
      12.687     0.999219        79852      1280.00
      13.047     0.999316        79860      1462.86
      13.351     0.999414        79868      1706.67
      13.719     0.999512        79875      2048.00
      13.847     0.999561        79879      2275.56
      14.015     0.999609        79884      2560.00
      14.167     0.999658        79888      2925.71
      14.311     0.999707        79891      3413.33
      14.423     0.999756        79895      4096.00
      14.471     0.999780        79897      4551.11
      14.503     0.999805        79899      5120.00
      14.663     0.999829        79901      5851.43
      14.703     0.999854        79903      6826.67
      15.031     0.999878        79905      8192.00
      15.039     0.999890        79906      9102.22
      15.215     0.999902        79907     10240.00
      15.279     0.999915        79908     11702.86
      15.367     0.999927        79909     13653.33
      15.375     0.999939        79910     16384.00
      15.375     0.999945        79910     18204.44
      15.527     0.999951        79911     20480.00
      15.527     0.999957        79911     23405.71
      15.975     0.999963        79912     27306.67
      15.975     0.999969        79912     32768.00
      15.975     0.999973        79912     36408.89
      16.591     0.999976        79913     40960.00
      16.591     0.999979        79913     46811.43
      16.591     0.999982        79913     54613.33
      16.591     0.999985        79913     65536.00
      16.591     0.999986        79913     72817.78
      17.391     0.999988        79914     81920.00
      17.391     1.000000        79914          inf
#[Mean    =        1.563, StdDeviation   =        1.051]
#[Max     =       17.376, Total count    =        79914]
#[Buckets =           27, SubBuckets     =         2048]
----------------------------------------------------------
  79917 requests in 10.00s, 13.34MB read
Requests/sec:   7991.88
Transfer/sec:      1.33MB
