Running 10s test @ http://localhost
  2 threads and 10 connections
  Thread Stats   Avg      Stdev     Max   +/- Stdev
    Latency     2.62ms    2.54ms  27.02ms   88.94%
    Req/Sec       -nan      -nan   0.00      0.00%
  Latency Distribution (HdrHistogram - Recorded Latency)
 50.000%    1.80ms
 75.000%    3.06ms
 90.000%    5.45ms
 99.000%   13.10ms
 99.900%   21.63ms
 99.990%   25.74ms
 99.999%   26.72ms
100.000%   27.04ms

  Detailed Percentile spectrum:
       Value   Percentile   TotalCount 1/(1-Percentile)

       0.139     0.000000            1         1.00
       0.766     0.100000         7993         1.11
       1.026     0.200000        15989         1.25
       1.272     0.300000        24004         1.43
       1.524     0.400000        31975         1.67
       1.798     0.500000        39966         2.00
       1.957     0.550000        43945         2.22
       2.143     0.600000        47968         2.50
       2.369     0.650000        51951         2.86
       2.659     0.700000        55950         3.33
       3.063     0.750000        59934         4.00
       3.307     0.775000        61929         4.44
       3.595     0.800000        63929         5.00
       3.941     0.825000        65922         5.71
       4.339     0.850000        67922         6.67
       4.823     0.875000        69921         8.00
       5.111     0.887500        70921         8.89
       5.455     0.900000        71920        10.00
       5.847     0.912500        72909        11.43
       6.299     0.925000        73914        13.33
       6.879     0.937500        74911        16.00
       7.211     0.943750        75409        17.78
       7.611     0.950000        75905        20.00
       8.035     0.956250        76407        22.86
       8.543     0.962500        76906        26.67
       9.071     0.968750        77410        32.00
       9.351     0.971875        77656        35.56
       9.695     0.975000        77903        40.00
      10.071     0.978125        78155        45.71
      10.567     0.981250        78405        53.33
      11.199     0.984375        78654        64.00
      11.591     0.985938        78777        71.11
      12.087     0.987500        78903        80.00
      12.711     0.989062        79027        91.43
      13.415     0.990625        79151       106.67
      14.311     0.992188        79277       128.00
      14.863     0.992969        79340       142.22
      15.455     0.993750        79402       160.00
      15.999     0.994531        79464       182.86
      16.591     0.995313        79527       213.33
      17.295     0.996094        79588       256.00
      17.759     0.996484        79620       284.44
      18.159     0.996875        79652       320.00
      18.687     0.997266        79682       365.71
      19.167     0.997656        79714       426.67
      19.695     0.998047        79744       512.00
      20.063     0.998242        79760       568.89
      20.415     0.998437        79776       640.00
      20.895     0.998633        79791       731.43
      21.247     0.998828        79807       853.33
      21.663     0.999023        79822      1024.00
      21.871     0.999121        79830      1137.78
      22.303     0.999219        79838      1280.00
      22.543     0.999316        79846      1462.86
      23.055     0.999414        79854      1706.67
      23.503     0.999512        79861      2048.00
      23.823     0.999561        79865      2275.56
      24.047     0.999609        79869      2560.00
      24.207     0.999658        79873      2925.71
      24.639     0.999707        79877      3413.33
      25.007     0.999756        79881      4096.00
      25.279     0.999780        79884      4551.11
      25.343     0.999805        79885      5120.00
      25.455     0.999829        79887      5851.43
      25.631     0.999854        79890      6826.67
      25.743     0.999878        79892      8192.00
      25.743     0.999890        79892      9102.22
      25.759     0.999902        79893     10240.00
      25.791     0.999915        79894     11702.86
      26.111     0.999927        79895     13653.33
      26.143     0.999939        79897     16384.00
      26.143     0.999945        79897     18204.44
      26.143     0.999951        79897     20480.00
      26.143     0.999957        79897     23405.71
      26.639     0.999963        79898     27306.67
      26.639     0.999969        79898     32768.00
      26.639     0.999973        79898     36408.89
      26.719     0.999976        79899     40960.00
      26.719     0.999979        79899     46811.43
      26.719     0.999982        79899     54613.33
      26.719     0.999985        79899     65536.00
      26.719     0.999986        79899     72817.78
      27.039     0.999988        79900     81920.00
      27.039     1.000000        79900          inf
#[Mean    =        2.619, StdDeviation   =        2.543]
#[Max     =       27.024, Total count    =        79900]
#[Buckets =           27, SubBuckets     =         2048]
----------------------------------------------------------
  79905 requests in 10.00s, 13.34MB read
Requests/sec:   7990.64
Transfer/sec:      1.33MB
