Running 10s test @ http://localhost
  2 threads and 10 connections
  Thread Stats   Avg      Stdev     Max   +/- Stdev
    Latency     1.61ms    1.30ms  22.06ms   93.79%
    Req/Sec       -nan      -nan   0.00      0.00%
  Latency Distribution (HdrHistogram - Recorded Latency)
 50.000%    1.39ms
 75.000%    1.90ms
 90.000%    2.46ms
 99.000%    7.47ms
 99.900%   14.66ms
 99.990%   19.76ms
 99.999%   21.61ms
100.000%   22.08ms

  Detailed Percentile spectrum:
       Value   Percentile   TotalCount 1/(1-Percentile)

       0.124     0.000000            1         1.00
       0.661     0.100000         8009         1.11
       0.868     0.200000        15991         1.25
       1.050     0.300000        23991         1.43
       1.218     0.400000        31976         1.67
       1.392     0.500000        40002         2.00
       1.481     0.550000        43960         2.22
       1.575     0.600000        47966         2.50
       1.675     0.650000        51950         2.86
       1.784     0.700000        55972         3.33
       1.903     0.750000        59969         4.00
       1.966     0.775000        61944         4.44
       2.036     0.800000        63958         5.00
       2.115     0.825000        65977         5.71
       2.203     0.850000        67945         6.67
       2.315     0.875000        69930         8.00
       2.383     0.887500        70933         8.89
       2.457     0.900000        71929        10.00
       2.547     0.912500        72932        11.43
       2.659     0.925000        73930        13.33
       2.809     0.937500        74927        16.00
       2.897     0.943750        75425        17.78
       3.009     0.950000        75932        20.00
       3.147     0.956250        76424        22.86
       3.331     0.962500        76920        26.67
       3.623     0.968750        77421        32.00
       3.815     0.971875        77669        35.56
       4.095     0.975000        77920        40.00
       4.459     0.978125        78169        45.71
       5.015     0.981250        78419        53.33
       5.687     0.984375        78669        64.00
       6.107     0.985938        78793        71.11
       6.539     0.987500        78918        80.00
       7.083     0.989062        79042        91.43
       7.715     0.990625        79168       106.67
       8.567     0.992188        79292       128.00
       9.119     0.992969        79355       142.22
       9.743     0.993750        79417       160.00
      10.439     0.994531        79480       182.86
      11.007     0.995313        79542       213.33
      11.607     0.996094        79604       256.00
      11.967     0.996484        79636       284.44
      12.207     0.996875        79667       320.00
      12.415     0.997266        79698       365.71
      12.687     0.997656        79730       426.67
      12.983     0.998047        79760       512.00
      13.159     0.998242        79776       568.89
      13.471     0.998437        79792       640.00
      13.655     0.998633        79807       731.43
      14.199     0.998828        79823       853.33
      14.727     0.999023        79838      1024.00
      15.199     0.999121        79846      1137.78
      15.655     0.999219        79854      1280.00
      16.039     0.999316        79862      1462.86
      16.751     0.999414        79870      1706.67
      17.247     0.999512        79877      2048.00
      17.487     0.999561        79881      2275.56
      17.807     0.999609        79885      2560.00
      18.335     0.999658        79889      2925.71
      18.607     0.999707        79894      3413.33
      18.831     0.999756        79897      4096.00
      18.927     0.999780        79899      4551.11
      19.071     0.999805        79901      5120.00
      19.199     0.999829        79903      5851.43
      19.615     0.999854        79905      6826.67
      19.695     0.999878        79907      8192.00
      19.759     0.999890        79908      9102.22
      20.047     0.999902        79909     10240.00
      20.063     0.999915        79910     11702.86
      20.127     0.999927        79911     13653.33
      20.719     0.999939        79912     16384.00
      20.719     0.999945        79912     18204.44
      20.895     0.999951        79913     20480.00
      20.895     0.999957        79913     23405.71
      21.215     0.999963        79914     27306.67
      21.215     0.999969        79914     32768.00
      21.215     0.999973        79914     36408.89
      21.615     0.999976        79915     40960.00
      21.615     0.999979        79915     46811.43
      21.615     0.999982        79915     54613.33
      21.615     0.999985        79915     65536.00
      21.615     0.999986        79915     72817.78
      22.079     0.999988        79916     81920.00
      22.079     1.000000        79916          inf
#[Mean    =        1.607, StdDeviation   =        1.296]
#[Max     =       22.064, Total count    =        79916]
#[Buckets =           27, SubBuckets     =         2048]
----------------------------------------------------------
  79918 requests in 10.00s, 13.34MB read
Requests/sec:   7991.80
Transfer/sec:      1.33MB
