Running 10s test @ http://localhost
  2 threads and 10 connections
  Thread Stats   Avg      Stdev     Max   +/- Stdev
    Latency     1.83ms    3.06ms  58.75ms   97.62%
    Req/Sec       -nan      -nan   0.00      0.00%
  Latency Distribution (HdrHistogram - Recorded Latency)
 50.000%    1.40ms
 75.000%    1.91ms
 90.000%    2.47ms
 99.000%   13.97ms
 99.900%   37.73ms
 99.990%   57.18ms
 99.999%   58.56ms
100.000%   58.78ms

  Detailed Percentile spectrum:
       Value   Percentile   TotalCount 1/(1-Percentile)

       0.136     0.000000            1         1.00
       0.658     0.100000         8011         1.11
       0.869     0.200000        16001         1.25
       1.051     0.300000        24007         1.43
       1.222     0.400000        31989         1.67
       1.398     0.500000        39985         2.00
       1.487     0.550000        43990         2.22
       1.580     0.600000        47977         2.50
       1.680     0.650000        51967         2.86
       1.789     0.700000        55949         3.33
       1.906     0.750000        59966         4.00
       1.971     0.775000        61949         4.44
       2.040     0.800000        63926         5.00
       2.123     0.825000        65950         5.71
       2.217     0.850000        67928         6.67
       2.329     0.875000        69941         8.00
       2.395     0.887500        70926         8.89
       2.475     0.900000        71932        10.00
       2.567     0.912500        72928        11.43
       2.681     0.925000        73929        13.33
       2.827     0.937500        74917        16.00
       2.933     0.943750        75421        17.78
       3.061     0.950000        75917        20.00
       3.235     0.956250        76413        22.86
       3.515     0.962500        76910        26.67
       3.945     0.968750        77409        32.00
       4.267     0.971875        77659        35.56
       4.671     0.975000        77909        40.00
       5.311     0.978125        78159        45.71
       6.539     0.981250        78409        53.33
       8.695     0.984375        78658        64.00
      10.159     0.985938        78783        71.11
      11.527     0.987500        78909        80.00
      13.031     0.989062        79033        91.43
      14.639     0.990625        79157       106.67
      19.375     0.992188        79282       128.00
      23.231     0.992969        79345       142.22
      26.879     0.993750        79407       160.00
      29.183     0.994531        79471       182.86
      30.911     0.995313        79532       213.33
      31.999     0.996094        79594       256.00
      32.591     0.996484        79626       284.44
      33.119     0.996875        79657       320.00
      33.823     0.997266        79688       365.71
      34.591     0.997656        79719       426.67
      35.519     0.998047        79751       512.00
      35.871     0.998242        79766       568.89
      36.287     0.998437        79782       640.00
      36.767     0.998633        79797       731.43
      37.279     0.998828        79813       853.33
      37.791     0.999023        79828      1024.00
      38.207     0.999121        79836      1137.78
      38.943     0.999219        79844      1280.00
      39.743     0.999316        79852      1462.86
      40.383     0.999414        79860      1706.67
      41.119     0.999512        79867      2048.00
      41.823     0.999561        79871      2275.56
      44.831     0.999609        79875      2560.00
      47.807     0.999658        79879      2925.71
      51.007     0.999707        79883      3413.33
      53.983     0.999756        79887      4096.00
      54.623     0.999780        79889      4551.11
      55.263     0.999805        79891      5120.00
      55.935     0.999829        79893      5851.43
      56.543     0.999854        79895      6826.67
      57.087     0.999878        79897      8192.00
      57.183     0.999890        79898      9102.22
      57.215     0.999902        79899     10240.00
      57.439     0.999915        79900     11702.86
      58.079     0.999927        79902     13653.33
      58.079     0.999939        79902     16384.00
      58.079     0.999945        79902     18204.44
      58.271     0.999951        79903     20480.00
      58.271     0.999957        79903     23405.71
      58.495     0.999963        79904     27306.67
      58.495     0.999969        79904     32768.00
      58.495     0.999973        79904     36408.89
      58.559     0.999976        79905     40960.00
      58.559     0.999979        79905     46811.43
      58.559     0.999982        79905     54613.33
      58.559     0.999985        79905     65536.00
      58.559     0.999986        79905     72817.78
      58.783     0.999988        79906     81920.00
      58.783     1.000000        79906          inf
#[Mean    =        1.832, StdDeviation   =        3.063]
#[Max     =       58.752, Total count    =        79906]
#[Buckets =           27, SubBuckets     =         2048]
----------------------------------------------------------
  79908 requests in 10.00s, 13.34MB read
Requests/sec:   7990.76
Transfer/sec:      1.33MB
