Running 10s test @ http://localhost
  2 threads and 10 connections
  Thread Stats   Avg      Stdev     Max   +/- Stdev
    Latency     4.18ms    6.00ms  54.72ms   92.00%
    Req/Sec       -nan      -nan   0.00      0.00%
  Latency Distribution (HdrHistogram - Recorded Latency)
 50.000%    2.15ms
 75.000%    4.48ms
 90.000%    8.80ms
 99.000%   35.23ms
 99.900%   48.67ms
 99.990%   53.12ms
 99.999%   54.59ms
100.000%   54.75ms

  Detailed Percentile spectrum:
       Value   Percentile   TotalCount 1/(1-Percentile)

       0.106     0.000000            1         1.00
       0.865     0.100000         8003         1.11
       1.161     0.200000        16006         1.25
       1.436     0.300000        23988         1.43
       1.748     0.400000        31966         1.67
       2.155     0.500000        39977         2.00
       2.429     0.550000        43942         2.22
       2.777     0.600000        47944         2.50
       3.241     0.650000        51940         2.86
       3.789     0.700000        55931         3.33
       4.479     0.750000        59920         4.00
       4.887     0.775000        61922         4.44
       5.347     0.800000        63920         5.00
       5.947     0.825000        65918         5.71
       6.679     0.850000        67910         6.67
       7.631     0.875000        69910         8.00
       8.167     0.887500        70911         8.89
       8.799     0.900000        71905        10.00
       9.591     0.912500        72903        11.43
      10.639     0.925000        73906        13.33
      11.935     0.937500        74901        16.00
      12.735     0.943750        75405        17.78
      13.735     0.950000        75902        20.00
      15.055     0.956250        76398        22.86
      16.991     0.962500        76899        26.67
      19.631     0.968750        77396        32.00
      21.055     0.971875        77646        35.56
      22.831     0.975000        77896        40.00
      24.831     0.978125        78146        45.71
      27.311     0.981250        78395        53.33
      30.111     0.984375        78644        64.00
      31.423     0.985938        78769        71.11
      33.055     0.987500        78894        80.00
      34.495     0.989062        79023        91.43
      36.031     0.990625        79147       106.67
      37.887     0.992188        79270       128.00
      38.783     0.992969        79335       142.22
      39.807     0.993750        79393       160.00
      40.895     0.994531        79457       182.86
      41.695     0.995313        79518       213.33
      42.911     0.996094        79583       256.00
      43.487     0.996484        79612       284.44
      43.999     0.996875        79643       320.00
      44.799     0.997266        79676       365.71
      45.727     0.997656        79705       426.67
      46.623     0.998047        79736       512.00
      46.943     0.998242        79752       568.89
      47.359     0.998437        79768       640.00
      47.743     0.998633        79783       731.43
      48.095     0.998828        79799       853.33
      48.703     0.999023        79814      1024.00
      48.927     0.999121        79822      1137.78
      49.119     0.999219        79830      1280.00
      49.343     0.999316        79839      1462.86
      49.599     0.999414        79847      1706.67
      49.791     0.999512        79853      2048.00
      49.983     0.999561        79857      2275.56
      50.175     0.999609        79861      2560.00
      50.559     0.999658        79865      2925.71
      50.975     0.999707        79869      3413.33
      51.263     0.999756        79873      4096.00
      51.487     0.999780        79875      4551.11
      51.711     0.999805        79877      5120.00
      52.255     0.999829        79879      5851.43
      52.575     0.999854        79881      6826.67
      53.023     0.999878        79883      8192.00
      53.119     0.999890        79884      9102.22
      53.695     0.999902        79885     10240.00
      53.951     0.999915        79886     11702.86
      54.175     0.999927        79887     13653.33
      54.239     0.999939        79888     16384.00
      54.239     0.999945        79888     18204.44
      54.335     0.999951        79890     20480.00
      54.335     0.999957        79890     23405.71
      54.335     0.999963        79890     27306.67
      54.335     0.999969        79890     32768.00
      54.335     0.999973        79890     36408.89
      54.591     0.999976        79891     40960.00
      54.591     0.999979        79891     46811.43
      54.591     0.999982        79891     54613.33
      54.591     0.999985        79891     65536.00
      54.591     0.999986        79891     72817.78
      54.751     0.999988        79892     81920.00
      54.751     1.000000        79892          inf
#[Mean    =        4.178, StdDeviation   =        6.000]
#[Max     =       54.720, Total count    =        79892]
#[Buckets =           27, SubBuckets     =         2048]
----------------------------------------------------------
  79898 requests in 10.00s, 13.33MB read
Requests/sec:   7990.39
Transfer/sec:      1.33MB
