Running 10s test @ http://localhost
  2 threads and 10 connections
  Thread Stats   Avg      Stdev     Max   +/- Stdev
    Latency     1.75ms    2.19ms  35.97ms   96.88%
    Req/Sec       -nan      -nan   0.00      0.00%
  Latency Distribution (HdrHistogram - Recorded Latency)
 50.000%    1.40ms
 75.000%    1.92ms
 90.000%    2.50ms
 99.000%   12.44ms
 99.900%   29.50ms
 99.990%   34.59ms
 99.999%   35.90ms
100.000%   36.00ms

  Detailed Percentile spectrum:
       Value   Percentile   TotalCount 1/(1-Percentile)

       0.099     0.000000            1         1.00
       0.666     0.100000         8014         1.11
       0.879     0.200000        15987         1.25
       1.060     0.300000        23991         1.43
       1.228     0.400000        31969         1.67
       1.402     0.500000        39976         2.00
       1.493     0.550000        43981         2.22
       1.589     0.600000        47981         2.50
       1.691     0.650000        51982         2.86
       1.799     0.700000        55937         3.33
       1.918     0.750000        59935         4.00
       1.985     0.775000        61951         4.44
       2.059     0.800000        63974         5.00
       2.139     0.825000        65939         5.71
       2.237     0.850000        67929         6.67
       2.351     0.875000        69941         8.00
       2.419     0.887500        70943         8.89
       2.499     0.900000        71931        10.00
       2.589     0.912500        72927        11.43
       2.713     0.925000        73925        13.33
       2.867     0.937500        74916        16.00
       2.967     0.943750        75420        17.78
       3.097     0.950000        75918        20.00
       3.279     0.956250        76414        22.86
       3.533     0.962500        76914        26.67
       3.923     0.968750        77413        32.00
       4.263     0.971875        77663        35.56
       4.727     0.975000        77913        40.00
       5.447     0.978125        78162        45.71
       6.575     0.981250        78412        53.33
       8.011     0.984375        78662        64.00
       8.999     0.985938        78787        71.11
      10.319     0.987500        78913        80.00
      11.703     0.989062        79037        91.43
      12.991     0.990625        79161       106.67
      14.263     0.992188        79286       128.00
      15.007     0.992969        79349       142.22
      15.999     0.993750        79411       160.00
      17.119     0.994531        79474       182.86
      18.367     0.995313        79536       213.33
      20.143     0.996094        79598       256.00
      21.263     0.996484        79630       284.44
      22.639     0.996875        79661       320.00
      23.759     0.997266        79692       365.71
      24.943     0.997656        79723       426.67
      26.191     0.998047        79754       512.00
      27.007     0.998242        79770       568.89
      27.839     0.998437        79786       640.00
      28.463     0.998633        79802       731.43
      28.943     0.998828        79817       853.33
      29.551     0.999023        79832      1024.00
      29.903     0.999121        79841      1137.78
      30.159     0.999219        79848      1280.00
      30.479     0.999316        79856      1462.86
      30.863     0.999414        79864      1706.67
      31.455     0.999512        79871      2048.00
      31.775     0.999561        79875      2275.56
      32.159     0.999609        79879      2560.00
      32.623     0.999658        79883      2925.71
      32.959     0.999707        79887      3413.33
      33.663     0.999756        79891      4096.00
      33.855     0.999780        79894      4551.11
      34.175     0.999805        79896      5120.00
      34.271     0.999829        79897      5851.43
      34.431     0.999854        79899      6826.67
      34.495     0.999878        79901      8192.00
      34.591     0.999890        79902      9102.22
      34.815     0.999902        79903     10240.00
      35.199     0.999915        79904     11702.86
      35.327     0.999927        79905     13653.33
      35.423     0.999939        79906     16384.00
      35.423     0.999945        79906     18204.44
      35.551     0.999951        79907     20480.00
      35.551     0.999957        79907     23405.71
      35.775     0.999963        79908     27306.67
      35.775     0.999969        79908     32768.00
      35.775     0.999973        79908     36408.89
      35.903     0.999976        79909     40960.00
      35.903     0.999979        79909     46811.43
      35.903     0.999982        79909     54613.33
      35.903     0.999985        79909     65536.00
      35.903     0.999986        79909     72817.78
      35.999     0.999988        79910     81920.00
      35.999     1.000000        79910          inf
#[Mean    =        1.748, StdDeviation   =        2.188]
#[Max     =       35.968, Total count    =        79910]
#[Buckets =           27, SubBuckets     =         2048]
----------------------------------------------------------
  79912 requests in 10.00s, 13.34MB read
Requests/sec:   7991.13
Transfer/sec:      1.33MB
