Running 10s test @ http://localhost
  2 threads and 10 connections
  Thread Stats   Avg      Stdev     Max   +/- Stdev
    Latency     1.58ms    1.12ms  17.95ms   89.72%
    Req/Sec       -nan      -nan   0.00      0.00%
  Latency Distribution (HdrHistogram - Recorded Latency)
 50.000%    1.39ms
 75.000%    1.91ms
 90.000%    2.47ms
 99.000%    6.12ms
 99.900%   13.02ms
 99.990%   16.38ms
 99.999%   17.10ms
100.000%   17.97ms

  Detailed Percentile spectrum:
       Value   Percentile   TotalCount 1/(1-Percentile)

       0.143     0.000000            1         1.00
       0.659     0.100000         8003         1.11
       0.865     0.200000        16035         1.25
       1.046     0.300000        24010         1.43
       1.217     0.400000        31979         1.67
       1.392     0.500000        39983         2.00
       1.485     0.550000        43977         2.22
       1.583     0.600000        47990         2.50
       1.683     0.650000        51954         2.86
       1.793     0.700000        55954         3.33
       1.911     0.750000        59958         4.00
       1.974     0.775000        61964         4.44
       2.046     0.800000        63937         5.00
       2.127     0.825000        65949         5.71
       2.217     0.850000        67966         6.67
       2.325     0.875000        69933         8.00
       2.393     0.887500        70934         8.89
       2.469     0.900000        71937        10.00
       2.557     0.912500        72923        11.43
       2.669     0.925000        73925        13.33
       2.813     0.937500        74935        16.00
       2.903     0.943750        75417        17.78
       3.009     0.950000        75921        20.00
       3.137     0.956250        76419        22.86
       3.315     0.962500        76917        26.67
       3.561     0.968750        77416        32.00
       3.721     0.971875        77667        35.56
       3.931     0.975000        77915        40.00
       4.195     0.978125        78170        45.71
       4.523     0.981250        78416        53.33
       4.991     0.984375        78664        64.00
       5.235     0.985938        78789        71.11
       5.531     0.987500        78917        80.00
       5.899     0.989062        79039        91.43
       6.323     0.990625        79163       106.67
       6.871     0.992188        79288       128.00
       7.187     0.992969        79351       142.22
       7.495     0.993750        79413       160.00
       7.943     0.994531        79475       182.86
       8.439     0.995313        79538       213.33
       9.143     0.996094        79603       256.00
       9.543     0.996484        79632       284.44
       9.967     0.996875        79664       320.00
      10.439     0.997266        79694       365.71
      10.983     0.997656        79726       426.67
      11.487     0.998047        79756       512.00
      11.799     0.998242        79773       568.89
      12.023     0.998437        79788       640.00
      12.399     0.998633        79803       731.43
      12.735     0.998828        79820       853.33
      13.063     0.999023        79834      1024.00
      13.295     0.999121        79842      1137.78
      13.423     0.999219        79850      1280.00
      13.647     0.999316        79858      1462.86
      13.911     0.999414        79866      1706.67
      14.215     0.999512        79873      2048.00
      14.463     0.999561        79877      2275.56
      14.655     0.999609        79881      2560.00
      14.999     0.999658        79885      2925.71
      15.303     0.999707        79889      3413.33
      15.495     0.999756        79893      4096.00
      15.575     0.999780        79895      4551.11
      15.695     0.999805        79897      5120.00
      15.927     0.999829        79899      5851.43
      16.207     0.999854        79901      6826.67
      16.279     0.999878        79903      8192.00
      16.383     0.999890        79904      9102.22
      16.447     0.999902        79905     10240.00
      16.607     0.999915        79906     11702.86
      16.687     0.999927        79907     13653.33
      16.959     0.999939        79908     16384.00
      16.959     0.999945        79908     18204.44
      16.975     0.999951        79909     20480.00
      16.975     0.999957        79909     23405.71
      17.087     0.999963        79910     27306.67
      17.087     0.999969        79910     32768.00
      17.087     0.999973        79910     36408.89
      17.103     0.999976        79911     40960.00
      17.103     0.999979        79911     46811.43
      17.103     0.999982        79911     54613.33
      17.103     0.999985        79911     65536.00
      17.103     0.999986        79911     72817.78
      17.967     0.999988        79912     81920.00
      17.967     1.000000        79912          inf
#[Mean    =        1.580, StdDeviation   =        1.116]
#[Max     =       17.952, Total count    =        79912]
#[Buckets =           27, SubBuckets     =         2048]
----------------------------------------------------------
  79914 requests in 10.00s, 13.34MB read
Requests/sec:   7991.32
Transfer/sec:      1.33MB
