Running 10s test @ http://localhost
  2 threads and 10 connections
  Thread Stats   Avg      Stdev     Max   +/- Stdev
    Latency     3.25ms    4.90ms  54.53ms   92.88%
    Req/Sec       -nan      -nan   0.00      0.00%
  Latency Distribution (HdrHistogram - Recorded Latency)
 50.000%    1.79ms
 75.000%    3.11ms
 90.000%    6.26ms
 99.000%   28.37ms
 99.900%   46.30ms
 99.990%   52.13ms
 99.999%   54.49ms
100.000%   54.56ms

  Detailed Percentile spectrum:
       Value   Percentile   TotalCount 1/(1-Percentile)

       0.108     0.000000            1         1.00
       0.772     0.100000         7995         1.11
       1.041     0.200000        15984         1.25
       1.278     0.300000        23994         1.43
       1.520     0.400000        31974         1.67
       1.790     0.500000        39975         2.00
       1.949     0.550000        43958         2.22
       2.133     0.600000        47974         2.50
       2.359     0.650000        51952         2.86
       2.671     0.700000        55945         3.33
       3.113     0.750000        59931         4.00
       3.411     0.775000        61941         4.44
       3.755     0.800000        63929         5.00
       4.183     0.825000        65933         5.71
       4.687     0.850000        67930         6.67
       5.335     0.875000        69923         8.00
       5.747     0.887500        70926         8.89
       6.259     0.900000        71921        10.00
       6.875     0.912500        72918        11.43
       7.803     0.925000        73922        13.33
       9.167     0.937500        74914        16.00
      10.151     0.943750        75416        17.78
      11.287     0.950000        75916        20.00
      12.543     0.956250        76414        22.86
      13.903     0.962500        76912        26.67
      15.551     0.968750        77412        32.00
      16.511     0.971875        77662        35.56
      17.791     0.975000        77912        40.00
      19.359     0.978125        78161        45.71
      21.391     0.981250        78411        53.33
      23.567     0.984375        78661        64.00
      24.559     0.985938        78786        71.11
      25.871     0.987500        78910        80.00
      27.423     0.989062        79036        91.43
      29.071     0.990625        79159       106.67
      30.815     0.992188        79285       128.00
      31.663     0.992969        79347       142.22
      32.575     0.993750        79410       160.00
      33.599     0.994531        79473       182.86
      34.719     0.995313        79534       213.33
      36.287     0.996094        79597       256.00
      37.343     0.996484        79628       284.44
      38.271     0.996875        79659       320.00
      39.199     0.997266        79690       365.71
      40.479     0.997656        79721       426.67
      41.823     0.998047        79752       512.00
      42.527     0.998242        79768       568.89
      43.423     0.998437        79784       640.00
      44.447     0.998633        79799       731.43
      45.343     0.998828        79815       853.33
      46.431     0.999023        79830      1024.00
      46.783     0.999121        79838      1137.78
      47.231     0.999219        79847      1280.00
      47.743     0.999316        79854      1462.86
      48.287     0.999414        79862      1706.67
      49.087     0.999512        79869      2048.00
      49.215     0.999561        79873      2275.56
      49.535     0.999609        79877      2560.00
      49.855     0.999658        79881      2925.71
      49.983     0.999707        79885      3413.33
      50.655     0.999756        79890      4096.00
      50.911     0.999780        79891      4551.11
      51.071     0.999805        79893      5120.00
      51.391     0.999829        79896      5851.43
      51.967     0.999854        79897      6826.67
      52.063     0.999878        79899      8192.00
      52.127     0.999890        79900      9102.22
      52.639     0.999902        79901     10240.00
      52.671     0.999915        79902     11702.86
      53.055     0.999927        79903     13653.33
      53.439     0.999939        79904     16384.00
      53.439     0.999945        79904     18204.44
      53.503     0.999951        79905     20480.00
      53.503     0.999957        79905     23405.71
      54.143     0.999963        79906     27306.67
      54.143     0.999969        79906     32768.00
      54.143     0.999973        79906     36408.89
      54.495     0.999976        79907     40960.00
      54.495     0.999979        79907     46811.43
      54.495     0.999982        79907     54613.33
      54.495     0.999985        79907     65536.00
      54.495     0.999986        79907     72817.78
      54.559     0.999988        79908     81920.00
      54.559     1.000000        79908          inf
#[Mean    =        3.252, StdDeviation   =        4.900]
#[Max     =       54.528, Total count    =        79908]
#[Buckets =           27, SubBuckets     =         2048]
----------------------------------------------------------
  79910 requests in 10.00s, 13.34MB read
Requests/sec:   7990.85
Transfer/sec:      1.33MB
