Running 10s test @ http://localhost
  2 threads and 10 connections
  Thread Stats   Avg      Stdev     Max   +/- Stdev
    Latency     2.86ms    2.55ms  23.78ms   87.27%
    Req/Sec       -nan      -nan   0.00      0.00%
  Latency Distribution (HdrHistogram - Recorded Latency)
 50.000%    2.00ms
 75.000%    3.57ms
 90.000%    6.03ms
 99.000%   12.94ms
 99.900%   19.26ms
 99.990%   21.97ms
 99.999%   23.31ms
100.000%   23.79ms

  Detailed Percentile spectrum:
       Value   Percentile   TotalCount 1/(1-Percentile)

       0.153     0.000000            1         1.00
       0.831     0.100000         8013         1.11
       1.115     0.200000        15988         1.25
       1.386     0.300000        23997         1.43
       1.668     0.400000        31967         1.67
       2.001     0.500000        39961         2.00
       2.199     0.550000        43969         2.22
       2.437     0.600000        47973         2.50
       2.733     0.650000        51959         2.86
       3.107     0.700000        55947         3.33
       3.569     0.750000        59941         4.00
       3.855     0.775000        61934         4.44
       4.159     0.800000        63941         5.00
       4.523     0.825000        65932         5.71
       4.951     0.850000        67939         6.67
       5.427     0.875000        69923         8.00
       5.715     0.887500        70930         8.89
       6.027     0.900000        71922        10.00
       6.383     0.912500        72920        11.43
       6.815     0.925000        73916        13.33
       7.319     0.937500        74917        16.00
       7.595     0.943750        75423        17.78
       7.915     0.950000        75914        20.00
       8.263     0.956250        76421        22.86
       8.695     0.962500        76917        26.67
       9.215     0.968750        77417        32.00
       9.495     0.971875        77663        35.56
       9.831     0.975000        77922        40.00
      10.207     0.978125        78165        45.71
      10.735     0.981250        78414        53.33
      11.359     0.984375        78666        64.00
      11.767     0.985938        78787        71.11
      12.135     0.987500        78911        80.00
      12.615     0.989062        79038        91.43
      13.223     0.990625        79160       106.67
      13.911     0.992188        79287       128.00
      14.279     0.992969        79348       142.22
      14.703     0.993750        79411       160.00
      15.183     0.994531        79472       182.86
      15.663     0.995313        79537       213.33
      16.319     0.996094        79597       256.00
      16.735     0.996484        79630       284.44
      17.087     0.996875        79660       320.00
      17.391     0.997266        79692       365.71
      17.759     0.997656        79723       426.67
      18.079     0.998047        79755       512.00
      18.223     0.998242        79771       568.89
      18.479     0.998437        79785       640.00
      18.735     0.998633        79803       731.43
      18.959     0.998828        79816       853.33
      19.295     0.999023        79831      1024.00
      19.407     0.999121        79840      1137.78
      19.663     0.999219        79847      1280.00
      19.871     0.999316        79856      1462.86
      19.999     0.999414        79863      1706.67
      20.335     0.999512        79870      2048.00
      20.431     0.999561        79874      2275.56
      20.463     0.999609        79878      2560.00
      20.719     0.999658        79882      2925.71
      20.815     0.999707        79886      3413.33
      21.199     0.999756        79890      4096.00
      21.215     0.999780        79892      4551.11
      21.247     0.999805        79894      5120.00
      21.295     0.999829        79896      5851.43
      21.695     0.999854        79898      6826.67
      21.775     0.999878        79900      8192.00
      21.967     0.999890        79902      9102.22
      21.967     0.999902        79902     10240.00
      22.031     0.999915        79903     11702.86
      22.047     0.999927        79904     13653.33
      22.463     0.999939        79905     16384.00
      22.463     0.999945        79905     18204.44
      22.591     0.999951        79906     20480.00
      22.591     0.999957        79906     23405.71
      22.863     0.999963        79907     27306.67
      22.863     0.999969        79907     32768.00
      22.863     0.999973        79907     36408.89
      23.311     0.999976        79908     40960.00
      23.311     0.999979        79908     46811.43
      23.311     0.999982        79908     54613.33
      23.311     0.999985        79908     65536.00
      23.311     0.999986        79908     72817.78
      23.791     0.999988        79909     81920.00
      23.791     1.000000        79909          inf
#[Mean    =        2.863, StdDeviation   =        2.546]
#[Max     =       23.776, Total count    =        79909]
#[Buckets =           27, SubBuckets     =         2048]
----------------------------------------------------------
  79915 requests in 10.00s, 13.34MB read
Requests/sec:   7989.76
Transfer/sec:      1.33MB
