Running 10s test @ http://localhost
  2 threads and 10 connections
  Thread Stats   Avg      Stdev     Max   +/- Stdev
    Latency     1.52ms    1.19ms  20.19ms   94.09%
    Req/Sec       -nan      -nan   0.00      0.00%
  Latency Distribution (HdrHistogram - Recorded Latency)
 50.000%    1.35ms
 75.000%    1.83ms
 90.000%    2.32ms
 99.000%    6.08ms
 99.900%   15.05ms
 99.990%   17.38ms
 99.999%   19.20ms
100.000%   20.21ms

  Detailed Percentile spectrum:
       Value   Percentile   TotalCount 1/(1-Percentile)

       0.106     0.000000            1         1.00
       0.639     0.100000         8004         1.11
       0.848     0.200000        16006         1.25
       1.024     0.300000        23991         1.43
       1.191     0.400000        31977         1.67
       1.353     0.500000        39971         2.00
       1.437     0.550000        43982         2.22
       1.526     0.600000        47961         2.50
       1.618     0.650000        51964         2.86
       1.718     0.700000        55943         3.33
       1.828     0.750000        59945         4.00
       1.888     0.775000        61933         4.44
       1.954     0.800000        63936         5.00
       2.025     0.825000        65948         5.71
       2.105     0.850000        67948         6.67
       2.201     0.875000        69923         8.00
       2.257     0.887500        70934         8.89
       2.317     0.900000        71920        10.00
       2.387     0.912500        72923        11.43
       2.467     0.925000        73936        13.33
       2.567     0.937500        74928        16.00
       2.627     0.943750        75419        17.78
       2.697     0.950000        75925        20.00
       2.783     0.956250        76413        22.86
       2.885     0.962500        76912        26.67
       3.025     0.968750        77415        32.00
       3.117     0.971875        77660        35.56
       3.243     0.975000        77914        40.00
       3.411     0.978125        78161        45.71
       3.669     0.981250        78410        53.33
       4.005     0.984375        78659        64.00
       4.279     0.985938        78785        71.11
       4.787     0.987500        78909        80.00
       5.499     0.989062        79034        91.43
       6.527     0.990625        79158       106.67
       7.891     0.992188        79283       128.00
       8.543     0.992969        79347       142.22
       9.175     0.993750        79410       160.00
       9.943     0.994531        79471       182.86
      10.687     0.995313        79533       213.33
      11.559     0.996094        79595       256.00
      11.951     0.996484        79627       284.44
      12.455     0.996875        79658       320.00
      12.951     0.997266        79690       365.71
      13.487     0.997656        79721       426.67
      13.863     0.998047        79751       512.00
      14.151     0.998242        79767       568.89
      14.311     0.998437        79783       640.00
      14.511     0.998633        79798       731.43
      14.879     0.998828        79814       853.33
      15.063     0.999023        79830      1024.00
      15.151     0.999121        79837      1137.78
      15.239     0.999219        79845      1280.00
      15.423     0.999316        79853      1462.86
      15.647     0.999414        79861      1706.67
      15.775     0.999512        79868      2048.00
      15.967     0.999561        79872      2275.56
      16.095     0.999609        79876      2560.00
      16.295     0.999658        79880      2925.71
      16.479     0.999707        79884      3413.33
      16.655     0.999756        79888      4096.00
      16.735     0.999780        79890      4551.11
      17.023     0.999805        79892      5120.00
      17.055     0.999829        79894      5851.43
      17.135     0.999854        79896      6826.67
      17.215     0.999878        79898      8192.00
      17.375     0.999890        79900      9102.22
      17.375     0.999902        79900     10240.00
      17.599     0.999915        79901     11702.86
      17.743     0.999927        79902     13653.33
      17.759     0.999939        79903     16384.00
      17.759     0.999945        79903     18204.44
      18.015     0.999951        79904     20480.00
      18.015     0.999957        79904     23405.71
      18.847     0.999963        79905     27306.67
      18.847     0.999969        79905     32768.00
      18.847     0.999973        79905     36408.89
      19.199     0.999976        79906     40960.00
      19.199     0.999979        79906     46811.43
      19.199     0.999982        79906     54613.33
      19.199     0.999985        79906     65536.00
      19.199     0.999986        79906     72817.78
      20.207     0.999988        79907     81920.00
      20.207     1.000000        79907          inf
#[Mean    =        1.520, StdDeviation   =        1.189]
#[Max     =       20.192, Total count    =        79907]
#[Buckets =           27, SubBuckets     =         2048]
----------------------------------------------------------
  79914 requests in 10.00s, 13.34MB read
Requests/sec:   7991.16
Transfer/sec:      1.33MB
