Running 10s test @ http://localhost
  2 threads and 10 connections
  Thread Stats   Avg      Stdev     Max   +/- Stdev
    Latency     1.48ms    0.89ms  15.55ms   83.28%
    Req/Sec       -nan      -nan   0.00      0.00%
  Latency Distribution (HdrHistogram - Recorded Latency)
 50.000%    1.37ms
 75.000%    1.84ms
 90.000%    2.32ms
 99.000%    4.22ms
 99.900%   10.98ms
 99.990%   13.94ms
 99.999%   15.43ms
100.000%   15.56ms

  Detailed Percentile spectrum:
       Value   Percentile   TotalCount 1/(1-Percentile)

       0.111     0.000000            1         1.00
       0.643     0.100000         7996         1.11
       0.853     0.200000        16002         1.25
       1.029     0.300000        23992         1.43
       1.196     0.400000        31989         1.67
       1.366     0.500000        39971         2.00
       1.450     0.550000        43988         2.22
       1.536     0.600000        47947         2.50
       1.629     0.650000        51963         2.86
       1.733     0.700000        55949         3.33
       1.844     0.750000        59958         4.00
       1.904     0.775000        61939         4.44
       1.968     0.800000        63935         5.00
       2.040     0.825000        65950         5.71
       2.121     0.850000        67941         6.67
       2.211     0.875000        69924         8.00
       2.263     0.887500        70935         8.89
       2.321     0.900000        71932        10.00
       2.385     0.912500        72940        11.43
       2.463     0.925000        73923        13.33
       2.559     0.937500        74916        16.00
       2.617     0.943750        75433        17.78
       2.683     0.950000        75921        20.00
       2.755     0.956250        76416        22.86
       2.857     0.962500        76920        26.67
       2.973     0.968750        77424        32.00
       3.039     0.971875        77665        35.56
       3.129     0.975000        77914        40.00
       3.241     0.978125        78165        45.71
       3.373     0.981250        78413        53.33
       3.551     0.984375        78666        64.00
       3.669     0.985938        78788        71.11
       3.829     0.987500        78914        80.00
       4.049     0.989062        79037        91.43
       4.347     0.990625        79161       106.67
       4.799     0.992188        79287       128.00
       5.107     0.992969        79349       142.22
       5.523     0.993750        79412       160.00
       6.011     0.994531        79473       182.86
       6.511     0.995313        79536       213.33
       7.091     0.996094        79598       256.00
       7.487     0.996484        79630       284.44
       7.791     0.996875        79661       320.00
       8.095     0.997266        79692       365.71
       8.543     0.997656        79723       426.67
       9.119     0.998047        79754       512.00
       9.455     0.998242        79770       568.89
       9.919     0.998437        79786       640.00
      10.215     0.998633        79801       731.43
      10.719     0.998828        79817       853.33
      11.055     0.999023        79832      1024.00
      11.359     0.999121        79840      1137.78
      11.591     0.999219        79849      1280.00
      11.711     0.999316        79856      1462.86
      12.047     0.999414        79864      1706.67
      12.335     0.999512        79871      2048.00
      12.607     0.999561        79875      2275.56
      12.759     0.999609        79879      2560.00
      12.855     0.999658        79883      2925.71
      13.087     0.999707        79887      3413.33
      13.311     0.999756        79891      4096.00
      13.463     0.999780        79893      4551.11
      13.639     0.999805        79895      5120.00
      13.695     0.999829        79897      5851.43
      13.815     0.999854        79899      6826.67
      13.839     0.999878        79901      8192.00
      13.943     0.999890        79902      9102.22
      13.967     0.999902        79903     10240.00
      14.247     0.999915        79904     11702.86
      14.575     0.999927        79905     13653.33
      14.655     0.999939        79906     16384.00
      14.655     0.999945        79906     18204.44
      14.703     0.999951        79907     20480.00
      14.703     0.999957        79907     23405.71
      15.327     0.999963        79908     27306.67
      15.327     0.999969        79908     32768.00
      15.327     0.999973        79908     36408.89
      15.431     0.999976        79909     40960.00
      15.431     0.999979        79909     46811.43
      15.431     0.999982        79909     54613.33
      15.431     0.999985        79909     65536.00
      15.431     0.999986        79909     72817.78
      15.559     0.999988        79910     81920.00
      15.559     1.000000        79910          inf
#[Mean    =        1.482, StdDeviation   =        0.891]
#[Max     =       15.552, Total count    =        79910]
#[Buckets =           27, SubBuckets     =         2048]
----------------------------------------------------------
  79912 requests in 10.00s, 13.34MB read
Requests/sec:   7991.70
Transfer/sec:      1.33MB
