Running 10s test @ http://localhost
  2 threads and 10 connections
  Thread Stats   Avg      Stdev     Max   +/- Stdev
    Latency     1.79ms    1.86ms  28.16ms   94.79%
    Req/Sec       -nan      -nan   0.00      0.00%
  Latency Distribution (HdrHistogram - Recorded Latency)
 50.000%    1.42ms
 75.000%    1.97ms
 90.000%    2.70ms
 99.000%   11.00ms
 99.900%   21.25ms
 99.990%   26.21ms
 99.999%   27.95ms
100.000%   28.17ms

  Detailed Percentile spectrum:
       Value   Percentile   TotalCount 1/(1-Percentile)

       0.103     0.000000            1         1.00
       0.678     0.100000         7996         1.11
       0.896     0.200000        16006         1.25
       1.078     0.300000        23995         1.43
       1.252     0.400000        32000         1.67
       1.424     0.500000        39959         2.00
       1.518     0.550000        43962         2.22
       1.614     0.600000        47962         2.50
       1.720     0.650000        51947         2.86
       1.839     0.700000        55946         3.33
       1.974     0.750000        59942         4.00
       2.051     0.775000        61962         4.44
       2.137     0.800000        63956         5.00
       2.235     0.825000        65967         5.71
       2.349     0.850000        67945         6.67
       2.497     0.875000        69937         8.00
       2.587     0.887500        70929         8.89
       2.699     0.900000        71931        10.00
       2.833     0.912500        72930        11.43
       3.023     0.925000        73925        13.33
       3.285     0.937500        74921        16.00
       3.483     0.943750        75422        17.78
       3.739     0.950000        75923        20.00
       4.091     0.956250        76418        22.86
       4.567     0.962500        76920        26.67
       5.267     0.968750        77419        32.00
       5.711     0.971875        77667        35.56
       6.223     0.975000        77917        40.00
       6.847     0.978125        78166        45.71
       7.579     0.981250        78416        53.33
       8.663     0.984375        78668        64.00
       9.183     0.985938        78791        71.11
       9.831     0.987500        78916        80.00
      10.503     0.989062        79041        91.43
      11.375     0.990625        79166       106.67
      12.367     0.992188        79290       128.00
      12.831     0.992969        79354       142.22
      13.319     0.993750        79415       160.00
      14.015     0.994531        79477       182.86
      14.791     0.995313        79541       213.33
      15.823     0.996094        79603       256.00
      16.463     0.996484        79634       284.44
      16.959     0.996875        79665       320.00
      17.567     0.997266        79696       365.71
      18.191     0.997656        79728       426.67
      18.959     0.998047        79758       512.00
      19.359     0.998242        79775       568.89
      19.759     0.998437        79790       640.00
      20.159     0.998633        79805       731.43
      20.719     0.998828        79821       853.33
      21.295     0.999023        79836      1024.00
      21.551     0.999121        79844      1137.78
      22.063     0.999219        79852      1280.00
      22.527     0.999316        79860      1462.86
      23.023     0.999414        79868      1706.67
      23.503     0.999512        79875      2048.00
      23.791     0.999561        79879      2275.56
      23.919     0.999609        79884      2560.00
      24.191     0.999658        79887      2925.71
      24.543     0.999707        79891      3413.33
      25.039     0.999756        79896      4096.00
      25.151     0.999780        79897      4551.11
      25.167     0.999805        79899      5120.00
      25.407     0.999829        79902      5851.43
      25.423     0.999854        79903      6826.67
      25.743     0.999878        79905      8192.00
      26.207     0.999890        79906      9102.22
      26.271     0.999902        79907     10240.00
      26.591     0.999915        79908     11702.86
      26.703     0.999927        79909     13653.33
      27.071     0.999939        79910     16384.00
      27.071     0.999945        79910     18204.44
      27.455     0.999951        79911     20480.00
      27.455     0.999957        79911     23405.71
      27.823     0.999963        79912     27306.67
      27.823     0.999969        79912     32768.00
      27.823     0.999973        79912     36408.89
      27.951     0.999976        79913     40960.00
      27.951     0.999979        79913     46811.43
      27.951     0.999982        79913     54613.33
      27.951     0.999985        79913     65536.00
      27.951     0.999986        79913     72817.78
      28.175     0.999988        79914     81920.00
      28.175     1.000000        79914          inf
#[Mean    =        1.789, StdDeviation   =        1.856]
#[Max     =       28.160, Total count    =        79914]
#[Buckets =           27, SubBuckets     =         2048]
----------------------------------------------------------
  79916 requests in 10.00s, 13.34MB read
Requests/sec:   7990.99
Transfer/sec:      1.33MB
