Running 10s test @ http://localhost
  2 threads and 10 connections
  Thread Stats   Avg      Stdev     Max   +/- Stdev
    Latency     1.59ms    1.24ms  17.70ms   93.58%
    Req/Sec       -nan      -nan   0.00      0.00%
  Latency Distribution (HdrHistogram - Recorded Latency)
 50.000%    1.38ms
 75.000%    1.89ms
 90.000%    2.42ms
 99.000%    7.22ms
 99.900%   14.42ms
 99.990%   16.88ms
 99.999%   17.66ms
100.000%   17.71ms

  Detailed Percentile spectrum:
       Value   Percentile   TotalCount 1/(1-Percentile)

       0.088     0.000000            1         1.00
       0.663     0.100000         8006         1.11
       0.866     0.200000        16011         1.25
       1.043     0.300000        23974         1.43
       1.214     0.400000        31969         1.67
       1.385     0.500000        39954         2.00
       1.473     0.550000        43982         2.22
       1.567     0.600000        47963         2.50
       1.665     0.650000        51987         2.86
       1.769     0.700000        55956         3.33
       1.886     0.750000        59944         4.00
       1.951     0.775000        61951         4.44
       2.018     0.800000        63946         5.00
       2.093     0.825000        65930         5.71
       2.187     0.850000        67974         6.67
       2.289     0.875000        69933         8.00
       2.353     0.887500        70928         8.89
       2.425     0.900000        71934        10.00
       2.507     0.912500        72916        11.43
       2.607     0.925000        73926        13.33
       2.741     0.937500        74917        16.00
       2.827     0.943750        75428        17.78
       2.927     0.950000        75916        20.00
       3.053     0.956250        76417        22.86
       3.211     0.962500        76911        26.67
       3.477     0.968750        77410        32.00
       3.643     0.971875        77660        35.56
       3.847     0.975000        77914        40.00
       4.167     0.978125        78160        45.71
       4.611     0.981250        78410        53.33
       5.267     0.984375        78660        64.00
       5.675     0.985938        78784        71.11
       6.195     0.987500        78909        80.00
       6.819     0.989062        79034        91.43
       7.451     0.990625        79158       106.67
       8.279     0.992188        79284       128.00
       8.823     0.992969        79346       142.22
       9.399     0.993750        79408       160.00
      10.055     0.994531        79471       182.86
      10.807     0.995313        79534       213.33
      11.519     0.996094        79595       256.00
      11.863     0.996484        79628       284.44
      12.239     0.996875        79659       320.00
      12.671     0.997266        79691       365.71
      13.039     0.997656        79720       426.67
      13.399     0.998047        79752       512.00
      13.575     0.998242        79767       568.89
      13.775     0.998437        79784       640.00
      13.983     0.998633        79799       731.43
      14.231     0.998828        79815       853.33
      14.447     0.999023        79829      1024.00
      14.535     0.999121        79837      1137.78
      14.703     0.999219        79845      1280.00
      14.855     0.999316        79853      1462.86
      15.143     0.999414        79861      1706.67
      15.367     0.999512        79868      2048.00
      15.479     0.999561        79872      2275.56
      15.615     0.999609        79877      2560.00
      15.679     0.999658        79880      2925.71
      15.951     0.999707        79884      3413.33
      16.127     0.999756        79888      4096.00
      16.231     0.999780        79890      4551.11
      16.359     0.999805        79892      5120.00
      16.447     0.999829        79894      5851.43
      16.607     0.999854        79896      6826.67
      16.735     0.999878        79898      8192.00
      16.879     0.999890        79899      9102.22
      16.895     0.999902        79900     10240.00
      16.911     0.999915        79901     11702.86
      17.183     0.999927        79902     13653.33
      17.231     0.999939        79903     16384.00
      17.231     0.999945        79903     18204.44
      17.247     0.999951        79904     20480.00
      17.247     0.999957        79904     23405.71
      17.631     0.999963        79905     27306.67
      17.631     0.999969        79905     32768.00
      17.631     0.999973        79905     36408.89
      17.663     0.999976        79906     40960.00
      17.663     0.999979        79906     46811.43
      17.663     0.999982        79906     54613.33
      17.663     0.999985        79906     65536.00
      17.663     0.999986        79906     72817.78
      17.711     0.999988        79907     81920.00
      17.711     1.000000        79907          inf
#[Mean    =        1.587, StdDeviation   =        1.244]
#[Max     =       17.696, Total count    =        79907]
#[Buckets =           27, SubBuckets     =         2048]
----------------------------------------------------------
  79909 requests in 10.00s, 13.34MB read
Requests/sec:   7991.10
Transfer/sec:      1.33MB
