Running 10s test @ http://localhost
  2 threads and 10 connections
  Thread Stats   Avg      Stdev     Max   +/- Stdev
    Latency     1.56ms    1.15ms  20.05ms   92.06%
    Req/Sec       -nan      -nan   0.00      0.00%
  Latency Distribution (HdrHistogram - Recorded Latency)
 50.000%    1.38ms
 75.000%    1.89ms
 90.000%    2.40ms
 99.000%    5.97ms
 99.900%   14.26ms
 99.990%   17.20ms
 99.999%   19.25ms
100.000%   20.06ms

  Detailed Percentile spectrum:
       Value   Percentile   TotalCount 1/(1-Percentile)

       0.149     0.000000            1         1.00
       0.669     0.100000         8013         1.11
       0.872     0.200000        16000         1.25
       1.048     0.300000        23984         1.43
       1.216     0.400000        32020         1.67
       1.385     0.500000        39959         2.00
       1.474     0.550000        43962         2.22
       1.567     0.600000        47951         2.50
       1.667     0.650000        51969         2.86
       1.772     0.700000        55961         3.33
       1.886     0.750000        59958         4.00
       1.947     0.775000        61935         4.44
       2.018     0.800000        63950         5.00
       2.093     0.825000        65973         5.71
       2.177     0.850000        67931         6.67
       2.277     0.875000        69948         8.00
       2.333     0.887500        70939         8.89
       2.403     0.900000        71941        10.00
       2.477     0.912500        72932        11.43
       2.575     0.925000        73937        13.33
       2.693     0.937500        74925        16.00
       2.763     0.943750        75417        17.78
       2.841     0.950000        75928        20.00
       2.943     0.956250        76427        22.86
       3.059     0.962500        76918        26.67
       3.225     0.968750        77414        32.00
       3.335     0.971875        77663        35.56
       3.469     0.975000        77914        40.00
       3.635     0.978125        78163        45.71
       3.881     0.981250        78412        53.33
       4.239     0.984375        78663        64.00
       4.499     0.985938        78787        71.11
       4.923     0.987500        78914        80.00
       5.467     0.989062        79036        91.43
       6.267     0.990625        79161       106.67
       7.043     0.992188        79286       128.00
       7.623     0.992969        79349       142.22
       8.279     0.993750        79411       160.00
       8.919     0.994531        79474       182.86
       9.599     0.995313        79536       213.33
      10.615     0.996094        79599       256.00
      11.159     0.996484        79630       284.44
      11.727     0.996875        79661       320.00
      12.199     0.997266        79693       365.71
      12.631     0.997656        79723       426.67
      13.095     0.998047        79754       512.00
      13.279     0.998242        79772       568.89
      13.455     0.998437        79786       640.00
      13.703     0.998633        79801       731.43
      13.991     0.998828        79817       853.33
      14.311     0.999023        79832      1024.00
      14.471     0.999121        79840      1137.78
      14.751     0.999219        79848      1280.00
      14.855     0.999316        79856      1462.86
      15.039     0.999414        79865      1706.67
      15.295     0.999512        79871      2048.00
      15.407     0.999561        79875      2275.56
      15.511     0.999609        79879      2560.00
      15.703     0.999658        79883      2925.71
      15.807     0.999707        79887      3413.33
      16.071     0.999756        79891      4096.00
      16.175     0.999780        79893      4551.11
      16.431     0.999805        79895      5120.00
      16.527     0.999829        79897      5851.43
      16.639     0.999854        79899      6826.67
      16.815     0.999878        79901      8192.00
      17.199     0.999890        79902      9102.22
      17.279     0.999902        79903     10240.00
      17.359     0.999915        79904     11702.86
      17.439     0.999927        79905     13653.33
      17.631     0.999939        79906     16384.00
      17.631     0.999945        79906     18204.44
      17.903     0.999951        79907     20480.00
      17.903     0.999957        79907     23405.71
      18.495     0.999963        79908     27306.67
      18.495     0.999969        79908     32768.00
      18.495     0.999973        79908     36408.89
      19.247     0.999976        79909     40960.00
      19.247     0.999979        79909     46811.43
      19.247     0.999982        79909     54613.33
      19.247     0.999985        79909     65536.00
      19.247     0.999986        79909     72817.78
      20.063     0.999988        79910     81920.00
      20.063     1.000000        79910          inf
#[Mean    =        1.560, StdDeviation   =        1.145]
#[Max     =       20.048, Total count    =        79910]
#[Buckets =           27, SubBuckets     =         2048]
----------------------------------------------------------
  79913 requests in 10.00s, 13.34MB read
Requests/sec:   7990.99
Transfer/sec:      1.33MB
