Running 10s test @ http://localhost
  2 threads and 10 connections
  Thread Stats   Avg      Stdev     Max   +/- Stdev
    Latency     1.56ms    1.00ms  17.31ms   85.62%
    Req/Sec       -nan      -nan   0.00      0.00%
  Latency Distribution (HdrHistogram - Recorded Latency)
 50.000%    1.40ms
 75.000%    1.90ms
 90.000%    2.45ms
 99.000%    5.64ms
 99.900%   10.72ms
 99.990%   14.53ms
 99.999%   16.54ms
100.000%   17.33ms

  Detailed Percentile spectrum:
       Value   Percentile   TotalCount 1/(1-Percentile)

       0.128     0.000000            1         1.00
       0.665     0.100000         8015         1.11
       0.870     0.200000        16031         1.25
       1.047     0.300000        24011         1.43
       1.221     0.400000        31989         1.67
       1.396     0.500000        39993         2.00
       1.486     0.550000        43953         2.22
       1.579     0.600000        47955         2.50
       1.680     0.650000        51959         2.86
       1.787     0.700000        55972         3.33
       1.905     0.750000        59935         4.00
       1.970     0.775000        61949         4.44
       2.043     0.800000        63931         5.00
       2.121     0.825000        65944         5.71
       2.211     0.850000        67954         6.67
       2.313     0.875000        69935         8.00
       2.379     0.887500        70947         8.89
       2.451     0.900000        71942        10.00
       2.531     0.912500        72919        11.43
       2.637     0.925000        73923        13.33
       2.759     0.937500        74934        16.00
       2.833     0.943750        75417        17.78
       2.921     0.950000        75922        20.00
       3.035     0.956250        76418        22.86
       3.187     0.962500        76922        26.67
       3.387     0.968750        77416        32.00
       3.517     0.971875        77665        35.56
       3.685     0.975000        77914        40.00
       3.887     0.978125        78163        45.71
       4.171     0.981250        78417        53.33
       4.547     0.984375        78663        64.00
       4.775     0.985938        78791        71.11
       5.071     0.987500        78914        80.00
       5.387     0.989062        79037        91.43
       5.771     0.990625        79162       106.67
       6.235     0.992188        79287       128.00
       6.479     0.992969        79351       142.22
       6.755     0.993750        79413       160.00
       7.095     0.994531        79474       182.86
       7.519     0.995313        79537       213.33
       7.955     0.996094        79599       256.00
       8.191     0.996484        79631       284.44
       8.407     0.996875        79662       320.00
       8.807     0.997266        79695       365.71
       9.167     0.997656        79724       426.67
       9.543     0.998047        79755       512.00
       9.791     0.998242        79771       568.89
      10.063     0.998437        79788       640.00
      10.279     0.998633        79803       731.43
      10.599     0.998828        79818       853.33
      10.751     0.999023        79833      1024.00
      10.919     0.999121        79841      1137.78
      11.111     0.999219        79849      1280.00
      11.351     0.999316        79857      1462.86
      11.527     0.999414        79865      1706.67
      11.759     0.999512        79872      2048.00
      11.959     0.999561        79876      2275.56
      12.071     0.999609        79880      2560.00
      12.199     0.999658        79884      2925.71
      12.495     0.999707        79888      3413.33
      12.935     0.999756        79892      4096.00
      13.215     0.999780        79894      4551.11
      13.623     0.999805        79896      5120.00
      13.695     0.999829        79898      5851.43
      13.935     0.999854        79900      6826.67
      14.495     0.999878        79902      8192.00
      14.535     0.999890        79903      9102.22
      14.583     0.999902        79904     10240.00
      14.951     0.999915        79905     11702.86
      15.287     0.999927        79906     13653.33
      15.439     0.999939        79907     16384.00
      15.439     0.999945        79907     18204.44
      15.535     0.999951        79908     20480.00
      15.535     0.999957        79908     23405.71
      15.743     0.999963        79909     27306.67
      15.743     0.999969        79909     32768.00
      15.743     0.999973        79909     36408.89
      16.543     0.999976        79910     40960.00
      16.543     0.999979        79910     46811.43
      16.543     0.999982        79910     54613.33
      16.543     0.999985        79910     65536.00
      16.543     0.999986        79910     72817.78
      17.327     0.999988        79911     81920.00
      17.327     1.000000        79911          inf
#[Mean    =        1.556, StdDeviation   =        0.999]
#[Max     =       17.312, Total count    =        79911]
#[Buckets =           27, SubBuckets     =         2048]
----------------------------------------------------------
  79914 requests in 10.00s, 13.34MB read
Requests/sec:   7990.89
Transfer/sec:      1.33MB
