Running 10s test @ http://localhost
  2 threads and 10 connections
  Thread Stats   Avg      Stdev     Max   +/- Stdev
    Latency     2.66ms    3.16ms  30.77ms   92.69%
    Req/Sec       -nan      -nan   0.00      0.00%
  Latency Distribution (HdrHistogram - Recorded Latency)
 50.000%    1.76ms
 75.000%    2.87ms
 90.000%    5.03ms
 99.000%   19.49ms
 99.900%   26.96ms
 99.990%   29.22ms
 99.999%   30.33ms
100.000%   30.78ms

  Detailed Percentile spectrum:
       Value   Percentile   TotalCount 1/(1-Percentile)

       0.073     0.000000            1         1.00
       0.774     0.100000         7997         1.11
       1.032     0.200000        15993         1.25
       1.263     0.300000        23974         1.43
       1.497     0.400000        31976         1.67
       1.758     0.500000        39975         2.00
       1.910     0.550000        43969         2.22
       2.079     0.600000        47942         2.50
       2.281     0.650000        51960         2.86
       2.533     0.700000        55937         3.33
       2.873     0.750000        59931         4.00
       3.087     0.775000        61926         4.44
       3.349     0.800000        63925         5.00
       3.657     0.825000        65919         5.71
       4.027     0.850000        67914         6.67
       4.467     0.875000        69932         8.00
       4.731     0.887500        70912         8.89
       5.027     0.900000        71915        10.00
       5.355     0.912500        72917        11.43
       5.763     0.925000        73911        13.33
       6.287     0.937500        74914        16.00
       6.627     0.943750        75404        17.78
       7.015     0.950000        75904        20.00
       7.587     0.956250        76403        22.86
       8.407     0.962500        76902        26.67
       9.743     0.968750        77403        32.00
      10.911     0.971875        77651        35.56
      12.503     0.975000        77902        40.00
      14.015     0.978125        78151        45.71
      15.295     0.981250        78400        53.33
      16.703     0.984375        78653        64.00
      17.391     0.985938        78775        71.11
      18.047     0.987500        78900        80.00
      19.007     0.989062        79028        91.43
      19.871     0.990625        79150       106.67
      20.751     0.992188        79275       128.00
      21.327     0.992969        79338       142.22
      21.903     0.993750        79400       160.00
      22.367     0.994531        79465       182.86
      22.943     0.995313        79525       213.33
      23.647     0.996094        79589       256.00
      23.903     0.996484        79620       284.44
      24.239     0.996875        79649       320.00
      24.687     0.997266        79681       365.71
      25.135     0.997656        79711       426.67
      25.695     0.998047        79742       512.00
      25.935     0.998242        79758       568.89
      26.255     0.998437        79774       640.00
      26.575     0.998633        79790       731.43
      26.799     0.998828        79805       853.33
      26.975     0.999023        79820      1024.00
      27.103     0.999121        79829      1137.78
      27.263     0.999219        79836      1280.00
      27.407     0.999316        79844      1462.86
      27.551     0.999414        79852      1706.67
      27.823     0.999512        79859      2048.00
      27.903     0.999561        79863      2275.56
      27.967     0.999609        79867      2560.00
      28.095     0.999658        79871      2925.71
      28.239     0.999707        79875      3413.33
      28.495     0.999756        79879      4096.00
      28.575     0.999780        79881      4551.11
      28.751     0.999805        79883      5120.00
      28.863     0.999829        79885      5851.43
      28.895     0.999854        79887      6826.67
      29.087     0.999878        79889      8192.00
      29.215     0.999890        79890      9102.22
      29.247     0.999902        79891     10240.00
      29.279     0.999915        79892     11702.86
      29.343     0.999927        79893     13653.33
      29.631     0.999939        79894     16384.00
      29.631     0.999945        79894     18204.44
      29.695     0.999951        79895     20480.00
      29.695     0.999957        79895     23405.71
      29.743     0.999963        79896     27306.67
      29.743     0.999969        79896     32768.00
      29.743     0.999973        79896     36408.89
      30.335     0.999976        79897     40960.00
      30.335     0.999979        79897     46811.43
      30.335     0.999982        79897     54613.33
      30.335     0.999985        79897     65536.00
      30.335     0.999986        79897     72817.78
      30.783     0.999988        79898     81920.00
      30.783     1.000000        79898          inf
#[Mean    =        2.665, StdDeviation   =        3.165]
#[Max     =       30.768, Total count    =        79898]
#[Buckets =           27, SubBuckets     =         2048]
----------------------------------------------------------
  79904 requests in 10.00s, 13.34MB read
Requests/sec:   7990.87
Transfer/sec:      1.33MB
