Running 10s test @ http://localhost
  2 threads and 10 connections
  Thread Stats   Avg      Stdev     Max   +/- Stdev
    Latency     1.59ms    1.21ms  25.95ms   92.24%
    Req/Sec       -nan      -nan   0.00      0.00%
  Latency Distribution (HdrHistogram - Recorded Latency)
 50.000%    1.40ms
 75.000%    1.91ms
 90.000%    2.47ms
 99.000%    6.24ms
 99.900%   15.19ms
 99.990%   22.54ms
 99.999%   25.74ms
100.000%   25.97ms

  Detailed Percentile spectrum:
       Value   Percentile   TotalCount 1/(1-Percentile)

       0.109     0.000000            1         1.00
       0.662     0.100000         8022         1.11
       0.870     0.200000        16001         1.25
       1.053     0.300000        23982         1.43
       1.227     0.400000        31982         1.67
       1.400     0.500000        39970         2.00
       1.489     0.550000        43955         2.22
       1.581     0.600000        47954         2.50
       1.682     0.650000        51954         2.86
       1.794     0.700000        55973         3.33
       1.914     0.750000        59951         4.00
       1.980     0.775000        61950         4.44
       2.053     0.800000        63956         5.00
       2.133     0.825000        65970         5.71
       2.223     0.850000        67942         6.67
       2.337     0.875000        69961         8.00
       2.399     0.887500        70945         8.89
       2.473     0.900000        71942        10.00
       2.561     0.912500        72943        11.43
       2.667     0.925000        73930        13.33
       2.807     0.937500        74923        16.00
       2.891     0.943750        75423        17.78
       2.997     0.950000        75921        20.00
       3.117     0.956250        76421        22.86
       3.283     0.962500        76924        26.67
       3.497     0.968750        77420        32.00
       3.641     0.971875        77669        35.56
       3.859     0.975000        77919        40.00
       4.079     0.978125        78167        45.71
       4.407     0.981250        78419        53.33
       4.867     0.984375        78667        64.00
       5.195     0.985938        78792        71.11
       5.511     0.987500        78918        80.00
       5.915     0.989062        79041        91.43
       6.423     0.990625        79167       106.67
       7.139     0.992188        79291       128.00
       7.707     0.992969        79354       142.22
       8.187     0.993750        79417       160.00
       8.751     0.994531        79478       182.86
       9.463     0.995313        79541       213.33
      10.175     0.996094        79603       256.00
      10.751     0.996484        79635       284.44
      11.399     0.996875        79666       320.00
      11.983     0.997266        79697       365.71
      12.655     0.997656        79728       426.67
      13.239     0.998047        79759       512.00
      13.503     0.998242        79775       568.89
      13.887     0.998437        79793       640.00
      14.199     0.998633        79806       731.43
      14.775     0.998828        79822       853.33
      15.199     0.999023        79837      1024.00
      15.423     0.999121        79845      1137.78
      15.639     0.999219        79853      1280.00
      15.767     0.999316        79861      1462.86
      15.967     0.999414        79869      1706.67
      16.375     0.999512        79876      2048.00
      16.527     0.999561        79880      2275.56
      16.847     0.999609        79884      2560.00
      16.975     0.999658        79888      2925.71
      17.551     0.999707        79892      3413.33
      17.647     0.999756        79896      4096.00
      17.791     0.999780        79898      4551.11
      18.079     0.999805        79900      5120.00
      19.167     0.999829        79902      5851.43
      20.495     0.999854        79904      6826.67
      22.127     0.999878        79906      8192.00
      22.543     0.999890        79907      9102.22
      23.375     0.999902        79908     10240.00
      23.855     0.999915        79909     11702.86
      24.303     0.999927        79910     13653.33
      24.431     0.999939        79911     16384.00
      24.431     0.999945        79911     18204.44
      24.959     0.999951        79912     20480.00
      24.959     0.999957        79912     23405.71
      25.231     0.999963        79913     27306.67
      25.231     0.999969        79913     32768.00
      25.231     0.999973        79913     36408.89
      25.743     0.999976        79914     40960.00
      25.743     0.999979        79914     46811.43
      25.743     0.999982        79914     54613.33
      25.743     0.999985        79914     65536.00
      25.743     0.999986        79914     72817.78
      25.967     0.999988        79915     81920.00
      25.967     1.000000        79915          inf
#[Mean    =        1.592, StdDeviation   =        1.209]
#[Max     =       25.952, Total count    =        79915]
#[Buckets =           27, SubBuckets     =         2048]
----------------------------------------------------------
  79922 requests in 10.00s, 13.34MB read
Requests/sec:   7991.25
Transfer/sec:      1.33MB
