Running 10s test @ http://localhost
  2 threads and 10 connections
  Thread Stats   Avg      Stdev     Max   +/- Stdev
    Latency     1.83ms    2.96ms  50.66ms   97.17%
    Req/Sec       -nan      -nan   0.00      0.00%
  Latency Distribution (HdrHistogram - Recorded Latency)
 50.000%    1.40ms
 75.000%    1.92ms
 90.000%    2.54ms
 99.000%   11.84ms
 99.900%   44.64ms
 99.990%   49.63ms
 99.999%   50.30ms
100.000%   50.69ms

  Detailed Percentile spectrum:
       Value   Percentile   TotalCount 1/(1-Percentile)

       0.136     0.000000            1         1.00
       0.669     0.100000         8024         1.11
       0.880     0.200000        16018         1.25
       1.059     0.300000        23990         1.43
       1.231     0.400000        31972         1.67
       1.404     0.500000        39976         2.00
       1.494     0.550000        43970         2.22
       1.587     0.600000        47982         2.50
       1.688     0.650000        51970         2.86
       1.795     0.700000        55941         3.33
       1.917     0.750000        59940         4.00
       1.988     0.775000        61950         4.44
       2.067     0.800000        63957         5.00
       2.151     0.825000        65958         5.71
       2.249     0.850000        67930         6.67
       2.371     0.875000        69929         8.00
       2.447     0.887500        70935         8.89
       2.539     0.900000        71932        10.00
       2.645     0.912500        72917        11.43
       2.795     0.925000        73923        13.33
       2.983     0.937500        74917        16.00
       3.125     0.943750        75415        17.78
       3.301     0.950000        75914        20.00
       3.547     0.956250        76414        22.86
       3.919     0.962500        76912        26.67
       4.435     0.968750        77415        32.00
       4.815     0.971875        77661        35.56
       5.283     0.975000        77912        40.00
       5.923     0.978125        78161        45.71
       6.763     0.981250        78411        53.33
       8.043     0.984375        78660        64.00
       8.927     0.985938        78785        71.11
       9.927     0.987500        78910        80.00
      10.967     0.989062        79035        91.43
      12.671     0.990625        79159       106.67
      14.983     0.992188        79284       128.00
      17.119     0.992969        79347       142.22
      19.567     0.993750        79409       160.00
      22.543     0.994531        79472       182.86
      25.919     0.995313        79534       213.33
      29.775     0.996094        79597       256.00
      31.839     0.996484        79628       284.44
      33.599     0.996875        79659       320.00
      35.263     0.997266        79690       365.71
      37.055     0.997656        79721       426.67
      39.135     0.998047        79752       512.00
      39.903     0.998242        79769       568.89
      41.087     0.998437        79784       640.00
      42.399     0.998633        79799       731.43
      43.647     0.998828        79815       853.33
      44.863     0.999023        79830      1024.00
      45.343     0.999121        79838      1137.78
      45.983     0.999219        79846      1280.00
      46.623     0.999316        79854      1462.86
      47.039     0.999414        79862      1706.67
      47.551     0.999512        79869      2048.00
      47.807     0.999561        79873      2275.56
      48.255     0.999609        79879      2560.00
      48.383     0.999658        79881      2925.71
      48.575     0.999707        79885      3413.33
      48.895     0.999756        79889      4096.00
      48.927     0.999780        79891      4551.11
      49.023     0.999805        79895      5120.00
      49.023     0.999829        79895      5851.43
      49.311     0.999854        79897      6826.67
      49.503     0.999878        79899      8192.00
      49.631     0.999890        79900      9102.22
      49.663     0.999902        79901     10240.00
      49.695     0.999915        79902     11702.86
      49.727     0.999927        79903     13653.33
      49.887     0.999939        79904     16384.00
      49.887     0.999945        79904     18204.44
      50.047     0.999951        79905     20480.00
      50.047     0.999957        79905     23405.71
      50.239     0.999963        79906     27306.67
      50.239     0.999969        79906     32768.00
      50.239     0.999973        79906     36408.89
      50.303     0.999976        79907     40960.00
      50.303     0.999979        79907     46811.43
      50.303     0.999982        79907     54613.33
      50.303     0.999985        79907     65536.00
      50.303     0.999986        79907     72817.78
      50.687     0.999988        79908     81920.00
      50.687     1.000000        79908          inf
#[Mean    =        1.835, StdDeviation   =        2.962]
#[Max     =       50.656, Total count    =        79908]
#[Buckets =           27, SubBuckets     =         2048]
----------------------------------------------------------
  79913 requests in 10.00s, 13.34MB read
Requests/sec:   7991.26
Transfer/sec:      1.33MB
