Running 10s test @ http://localhost
  2 threads and 10 connections
  Thread Stats   Avg      Stdev     Max   +/- Stdev
    Latency     1.52ms    1.09ms  20.02ms   91.25%
    Req/Sec       -nan      -nan   0.00      0.00%
  Latency Distribution (HdrHistogram - Recorded Latency)
 50.000%    1.37ms
 75.000%    1.84ms
 90.000%    2.35ms
 99.000%    5.36ms
 99.900%   14.42ms
 99.990%   19.45ms
 99.999%   19.90ms
100.000%   20.03ms

  Detailed Percentile spectrum:
       Value   Percentile   TotalCount 1/(1-Percentile)

       0.136     0.000000            1         1.00
       0.667     0.100000         8011         1.11
       0.871     0.200000        15994         1.25
       1.043     0.300000        23977         1.43
       1.204     0.400000        31975         1.67
       1.367     0.500000        40006         2.00
       1.449     0.550000        43951         2.22
       1.536     0.600000        47946         2.50
       1.631     0.650000        51963         2.86
       1.731     0.700000        55954         3.33
       1.836     0.750000        59934         4.00
       1.896     0.775000        61946         4.44
       1.962     0.800000        63938         5.00
       2.035     0.825000        65930         5.71
       2.119     0.850000        67952         6.67
       2.215     0.875000        69926         8.00
       2.273     0.887500        70935         8.89
       2.345     0.900000        71931        10.00
       2.415     0.912500        72918        11.43
       2.501     0.925000        73926        13.33
       2.607     0.937500        74916        16.00
       2.669     0.943750        75413        17.78
       2.753     0.950000        75913        20.00
       2.847     0.956250        76421        22.86
       2.963     0.962500        76912        26.67
       3.131     0.968750        77409        32.00
       3.233     0.971875        77658        35.56
       3.361     0.975000        77910        40.00
       3.565     0.978125        78159        45.71
       3.795     0.981250        78411        53.33
       4.167     0.984375        78658        64.00
       4.363     0.985938        78783        71.11
       4.659     0.987500        78907        80.00
       5.099     0.989062        79032        91.43
       5.599     0.990625        79157       106.67
       6.307     0.992188        79281       128.00
       6.811     0.992969        79344       142.22
       7.343     0.993750        79406       160.00
       7.899     0.994531        79469       182.86
       8.567     0.995313        79531       213.33
       9.239     0.996094        79594       256.00
       9.623     0.996484        79626       284.44
       9.975     0.996875        79656       320.00
      10.535     0.997266        79687       365.71
      11.103     0.997656        79719       426.67
      11.791     0.998047        79749       512.00
      12.319     0.998242        79766       568.89
      12.967     0.998437        79781       640.00
      13.423     0.998633        79796       731.43
      14.127     0.998828        79812       853.33
      14.543     0.999023        79827      1024.00
      15.071     0.999121        79835      1137.78
      15.271     0.999219        79843      1280.00
      15.767     0.999316        79851      1462.86
      16.135     0.999414        79859      1706.67
      16.527     0.999512        79866      2048.00
      16.623     0.999561        79870      2275.56
      17.215     0.999609        79874      2560.00
      17.615     0.999658        79878      2925.71
      18.255     0.999707        79882      3413.33
      18.511     0.999756        79886      4096.00
      18.799     0.999780        79888      4551.11
      19.023     0.999805        79890      5120.00
      19.183     0.999829        79892      5851.43
      19.215     0.999854        79894      6826.67
      19.343     0.999878        79896      8192.00
      19.455     0.999890        79897      9102.22
      19.487     0.999902        79898     10240.00
      19.695     0.999915        79899     11702.86
      19.727     0.999927        79900     13653.33
      19.807     0.999939        79901     16384.00
      19.807     0.999945        79901     18204.44
      19.855     0.999951        79902     20480.00
      19.855     0.999957        79902     23405.71
      19.887     0.999963        79903     27306.67
      19.887     0.999969        79903     32768.00
      19.887     0.999973        79903     36408.89
      19.903     0.999976        79904     40960.00
      19.903     0.999979        79904     46811.43
      19.903     0.999982        79904     54613.33
      19.903     0.999985        79904     65536.00
      19.903     0.999986        79904     72817.78
      20.031     0.999988        79905     81920.00
      20.031     1.000000        79905          inf
#[Mean    =        1.524, StdDeviation   =        1.087]
#[Max     =       20.016, Total count    =        79905]
#[Buckets =           27, SubBuckets     =         2048]
----------------------------------------------------------
  79908 requests in 10.00s, 13.34MB read
Requests/sec:   7991.32
Transfer/sec:      1.33MB
