Running 10s test @ http://localhost
  2 threads and 10 connections
  Thread Stats   Avg      Stdev     Max   +/- Stdev
    Latency     1.46ms    0.87ms  15.92ms   83.06%
    Req/Sec       -nan      -nan   0.00      0.00%
  Latency Distribution (HdrHistogram - Recorded Latency)
 50.000%    1.35ms
 75.000%    1.82ms
 90.000%    2.28ms
 99.000%    3.99ms
 99.900%   10.96ms
 99.990%   14.95ms
 99.999%   15.70ms
100.000%   15.93ms

  Detailed Percentile spectrum:
       Value   Percentile   TotalCount 1/(1-Percentile)

       0.108     0.000000            1         1.00
       0.649     0.100000         8026         1.11
       0.860     0.200000        16020         1.25
       1.033     0.300000        23978         1.43
       1.193     0.400000        31982         1.67
       1.353     0.500000        39968         2.00
       1.435     0.550000        43954         2.22
       1.520     0.600000        47954         2.50
       1.612     0.650000        51950         2.86
       1.709     0.700000        55941         3.33
       1.816     0.750000        59958         4.00
       1.874     0.775000        61953         4.44
       1.937     0.800000        63954         5.00
       2.007     0.825000        65952         5.71
       2.089     0.850000        67956         6.67
       2.177     0.875000        69958         8.00
       2.227     0.887500        70958         8.89
       2.283     0.900000        71925        10.00
       2.349     0.912500        72937        11.43
       2.423     0.925000        73922        13.33
       2.513     0.937500        74923        16.00
       2.567     0.943750        75419        17.78
       2.627     0.950000        75920        20.00
       2.697     0.956250        76423        22.86
       2.779     0.962500        76924        26.67
       2.887     0.968750        77417        32.00
       2.961     0.971875        77671        35.56
       3.037     0.975000        77919        40.00
       3.139     0.978125        78170        45.71
       3.273     0.981250        78416        53.33
       3.449     0.984375        78669        64.00
       3.553     0.985938        78794        71.11
       3.701     0.987500        78917        80.00
       3.855     0.989062        79040        91.43
       4.103     0.990625        79166       106.67
       4.471     0.992188        79291       128.00
       4.763     0.992969        79354       142.22
       5.095     0.993750        79416       160.00
       5.439     0.994531        79477       182.86
       6.039     0.995313        79540       213.33
       6.727     0.996094        79602       256.00
       7.151     0.996484        79634       284.44
       7.579     0.996875        79665       320.00
       8.019     0.997266        79696       365.71
       8.559     0.997656        79727       426.67
       9.063     0.998047        79759       512.00
       9.415     0.998242        79774       568.89
       9.727     0.998437        79790       640.00
      10.127     0.998633        79805       731.43
      10.591     0.998828        79821       853.33
      11.031     0.999023        79837      1024.00
      11.231     0.999121        79844      1137.78
      11.655     0.999219        79852      1280.00
      11.967     0.999316        79860      1462.86
      12.567     0.999414        79868      1706.67
      12.767     0.999512        79875      2048.00
      12.951     0.999561        79879      2275.56
      13.111     0.999609        79883      2560.00
      13.375     0.999658        79887      2925.71
      13.567     0.999707        79891      3413.33
      13.903     0.999756        79895      4096.00
      14.039     0.999780        79897      4551.11
      14.287     0.999805        79899      5120.00
      14.551     0.999829        79901      5851.43
      14.647     0.999854        79903      6826.67
      14.863     0.999878        79905      8192.00
      14.951     0.999890        79906      9102.22
      15.055     0.999902        79907     10240.00
      15.103     0.999915        79908     11702.86
      15.463     0.999927        79909     13653.33
      15.591     0.999939        79910     16384.00
      15.591     0.999945        79910     18204.44
      15.599     0.999951        79911     20480.00
      15.599     0.999957        79911     23405.71
      15.687     0.999963        79912     27306.67
      15.687     0.999969        79912     32768.00
      15.687     0.999973        79912     36408.89
      15.703     0.999976        79913     40960.00
      15.703     0.999979        79913     46811.43
      15.703     0.999982        79913     54613.33
      15.703     0.999985        79913     65536.00
      15.703     0.999986        79913     72817.78
      15.927     0.999988        79914     81920.00
      15.927     1.000000        79914          inf
#[Mean    =        1.465, StdDeviation   =        0.869]
#[Max     =       15.920, Total count    =        79914]
#[Buckets =           27, SubBuckets     =         2048]
----------------------------------------------------------
  79916 requests in 10.00s, 13.34MB read
Requests/sec:   7990.98
Transfer/sec:      1.33MB
