Running 10s test @ http://localhost
  2 threads and 10 connections
  Thread Stats   Avg      Stdev     Max   +/- Stdev
    Latency     1.53ms    1.06ms  19.86ms   89.90%
    Req/Sec       -nan      -nan   0.00      0.00%
  Latency Distribution (HdrHistogram - Recorded Latency)
 50.000%    1.38ms
 75.000%    1.88ms
 90.000%    2.38ms
 99.000%    4.78ms
 99.900%   13.84ms
 99.990%   18.62ms
 99.999%   19.61ms
100.000%   19.87ms

  Detailed Percentile spectrum:
       Value   Percentile   TotalCount 1/(1-Percentile)

       0.124     0.000000            1         1.00
       0.665     0.100000         8032         1.11
       0.870     0.200000        16009         1.25
       1.043     0.300000        23999         1.43
       1.212     0.400000        32000         1.67
       1.381     0.500000        39963         2.00
       1.472     0.550000        43972         2.22
       1.567     0.600000        47950         2.50
       1.665     0.650000        51965         2.86
       1.769     0.700000        55983         3.33
       1.877     0.750000        59940         4.00
       1.941     0.775000        61960         4.44
       2.006     0.800000        63959         5.00
       2.081     0.825000        65960         5.71
       2.163     0.850000        67959         6.67
       2.257     0.875000        69927         8.00
       2.315     0.887500        70937         8.89
       2.381     0.900000        71940        10.00
       2.449     0.912500        72939        11.43
       2.533     0.925000        73943        13.33
       2.639     0.937500        74930        16.00
       2.701     0.943750        75440        17.78
       2.777     0.950000        75922        20.00
       2.867     0.956250        76421        22.86
       2.981     0.962500        76923        26.67
       3.119     0.968750        77419        32.00
       3.211     0.971875        77668        35.56
       3.315     0.975000        77922        40.00
       3.451     0.978125        78167        45.71
       3.605     0.981250        78419        53.33
       3.859     0.984375        78667        64.00
       4.035     0.985938        78792        71.11
       4.267     0.987500        78918        80.00
       4.527     0.989062        79043        91.43
       4.963     0.990625        79166       106.67
       5.483     0.992188        79293       128.00
       5.875     0.992969        79354       142.22
       6.399     0.993750        79416       160.00
       7.175     0.994531        79478       182.86
       8.103     0.995313        79541       213.33
       9.303     0.996094        79603       256.00
      10.047     0.996484        79636       284.44
      10.663     0.996875        79667       320.00
      11.151     0.997266        79697       365.71
      11.727     0.997656        79730       426.67
      12.191     0.998047        79759       512.00
      12.463     0.998242        79776       568.89
      12.695     0.998437        79791       640.00
      12.999     0.998633        79807       731.43
      13.351     0.998828        79822       853.33
      13.919     0.999023        79838      1024.00
      14.079     0.999121        79845      1137.78
      14.447     0.999219        79853      1280.00
      14.687     0.999316        79861      1462.86
      14.983     0.999414        79869      1706.67
      15.471     0.999512        79876      2048.00
      15.583     0.999561        79880      2275.56
      16.127     0.999609        79884      2560.00
      16.559     0.999658        79888      2925.71
      17.055     0.999707        79892      3413.33
      17.599     0.999756        79896      4096.00
      17.807     0.999780        79898      4551.11
      17.983     0.999805        79900      5120.00
      18.127     0.999829        79902      5851.43
      18.367     0.999854        79904      6826.67
      18.591     0.999878        79906      8192.00
      18.623     0.999890        79907      9102.22
      18.655     0.999902        79908     10240.00
      18.847     0.999915        79909     11702.86
      18.927     0.999927        79911     13653.33
      18.927     0.999939        79911     16384.00
      18.927     0.999945        79911     18204.44
      19.071     0.999951        79912     20480.00
      19.071     0.999957        79912     23405.71
      19.183     0.999963        79913     27306.67
      19.183     0.999969        79913     32768.00
      19.183     0.999973        79913     36408.89
      19.615     0.999976        79914     40960.00
      19.615     0.999979        79914     46811.43
      19.615     0.999982        79914     54613.33
      19.615     0.999985        79914     65536.00
      19.615     0.999986        79914     72817.78
      19.871     0.999988        79915     81920.00
      19.871     1.000000        79915          inf
#[Mean    =        1.533, StdDeviation   =        1.058]
#[Max     =       19.856, Total count    =        79915]
#[Buckets =           27, SubBuckets     =         2048]
----------------------------------------------------------
  79919 requests in 10.00s, 13.34MB read
Requests/sec:   7991.23
Transfer/sec:      1.33MB
