Running 10s test @ http://localhost
  2 threads and 10 connections
  Thread Stats   Avg      Stdev     Max   +/- Stdev
    Latency     1.49ms  815.41us  15.19ms   78.27%
    Req/Sec       -nan      -nan   0.00      0.00%
  Latency Distribution (HdrHistogram - Recorded Latency)
 50.000%    1.38ms
 75.000%    1.87ms
 90.000%    2.37ms
 99.000%    3.96ms
 99.900%    9.41ms
 99.990%   12.81ms
 99.999%   14.38ms
100.000%   15.20ms

  Detailed Percentile spectrum:
       Value   Percentile   TotalCount 1/(1-Percentile)

       0.139     0.000000            1         1.00
       0.658     0.100000         8014         1.11
       0.859     0.200000        16015         1.25
       1.037     0.300000        24010         1.43
       1.206     0.400000        32004         1.67
       1.375     0.500000        40009         2.00
       1.462     0.550000        43968         2.22
       1.554     0.600000        47959         2.50
       1.653     0.650000        51972         2.86
       1.758     0.700000        55973         3.33
       1.869     0.750000        59942         4.00
       1.930     0.775000        61952         4.44
       1.998     0.800000        63945         5.00
       2.069     0.825000        65942         5.71
       2.153     0.850000        67951         6.67
       2.245     0.875000        69934         8.00
       2.301     0.887500        70952         8.89
       2.365     0.900000        71939        10.00
       2.435     0.912500        72925        11.43
       2.517     0.925000        73925        13.33
       2.617     0.937500        74917        16.00
       2.675     0.943750        75416        17.78
       2.739     0.950000        75916        20.00
       2.813     0.956250        76420        22.86
       2.907     0.962500        76918        26.67
       3.019     0.968750        77418        32.00
       3.091     0.971875        77666        35.56
       3.171     0.975000        77913        40.00
       3.269     0.978125        78166        45.71
       3.387     0.981250        78413        53.33
       3.553     0.984375        78662        64.00
       3.643     0.985938        78788        71.11
       3.741     0.987500        78912        80.00
       3.865     0.989062        79037        91.43
       4.017     0.990625        79161       106.67
       4.231     0.992188        79286       128.00
       4.395     0.992969        79349       142.22
       4.539     0.993750        79413       160.00
       4.715     0.994531        79473       182.86
       5.063     0.995313        79537       213.33
       5.371     0.996094        79598       256.00
       5.623     0.996484        79632       284.44
       5.895     0.996875        79661       320.00
       6.215     0.997266        79692       365.71
       6.679     0.997656        79723       426.67
       7.383     0.998047        79754       512.00
       7.663     0.998242        79770       568.89
       7.991     0.998437        79787       640.00
       8.415     0.998633        79802       731.43
       8.767     0.998828        79817       853.33
       9.439     0.999023        79832      1024.00
       9.679     0.999121        79840      1137.78
      10.095     0.999219        79849      1280.00
      10.215     0.999316        79856      1462.86
      10.487     0.999414        79864      1706.67
      10.791     0.999512        79872      2048.00
      10.911     0.999561        79875      2275.56
      11.215     0.999609        79879      2560.00
      11.335     0.999658        79883      2925.71
      11.535     0.999707        79887      3413.33
      11.783     0.999756        79891      4096.00
      11.927     0.999780        79893      4551.11
      12.103     0.999805        79895      5120.00
      12.247     0.999829        79897      5851.43
      12.439     0.999854        79899      6826.67
      12.783     0.999878        79901      8192.00
      12.815     0.999890        79902      9102.22
      13.023     0.999902        79903     10240.00
      13.391     0.999915        79904     11702.86
      13.575     0.999927        79905     13653.33
      13.655     0.999939        79906     16384.00
      13.655     0.999945        79906     18204.44
      14.143     0.999951        79907     20480.00
      14.143     0.999957        79907     23405.71
      14.215     0.999963        79908     27306.67
      14.215     0.999969        79908     32768.00
      14.215     0.999973        79908     36408.89
      14.383     0.999976        79909     40960.00
      14.383     0.999979        79909     46811.43
      14.383     0.999982        79909     54613.33
      14.383     0.999985        79909     65536.00
      14.383     0.999986        79909     72817.78
      15.199     0.999988        79910     81920.00
      15.199     1.000000        79910          inf
#[Mean    =        1.488, StdDeviation   =        0.815]
#[Max     =       15.192, Total count    =        79910]
#[Buckets =           27, SubBuckets     =         2048]
----------------------------------------------------------
  79915 requests in 10.00s, 13.34MB read
Requests/sec:   7991.66
Transfer/sec:      1.33MB
