Running 10s test @ http://localhost
  2 threads and 10 connections
  Thread Stats   Avg      Stdev     Max   +/- Stdev
    Latency     1.73ms    1.76ms  28.43ms   95.47%
    Req/Sec       -nan      -nan   0.00      0.00%
  Latency Distribution (HdrHistogram - Recorded Latency)
 50.000%    1.42ms
 75.000%    1.96ms
 90.000%    2.58ms
 99.000%    9.66ms
 99.900%   21.50ms
 99.990%   24.78ms
 99.999%   27.81ms
100.000%   28.45ms

  Detailed Percentile spectrum:
       Value   Percentile   TotalCount 1/(1-Percentile)

       0.112     0.000000            1         1.00
       0.682     0.100000         7995         1.11
       0.890     0.200000        15982         1.25
       1.071     0.300000        23981         1.43
       1.241     0.400000        31989         1.67
       1.418     0.500000        39986         2.00
       1.514     0.550000        43961         2.22
       1.611     0.600000        47948         2.50
       1.711     0.650000        51942         2.86
       1.826     0.700000        55953         3.33
       1.955     0.750000        59951         4.00
       2.022     0.775000        61951         4.44
       2.099     0.800000        63929         5.00
       2.185     0.825000        65931         5.71
       2.287     0.850000        67946         6.67
       2.409     0.875000        69936         8.00
       2.483     0.887500        70923         8.89
       2.577     0.900000        71937        10.00
       2.695     0.912500        72925        11.43
       2.841     0.925000        73919        13.33
       3.037     0.937500        74917        16.00
       3.161     0.943750        75421        17.78
       3.337     0.950000        75920        20.00
       3.547     0.956250        76414        22.86
       3.841     0.962500        76912        26.67
       4.295     0.968750        77413        32.00
       4.575     0.971875        77662        35.56
       4.971     0.975000        77913        40.00
       5.459     0.978125        78161        45.71
       6.011     0.981250        78411        53.33
       6.819     0.984375        78660        64.00
       7.347     0.985938        78786        71.11
       7.963     0.987500        78910        80.00
       8.823     0.989062        79035        91.43
      10.223     0.990625        79159       106.67
      11.671     0.992188        79284       128.00
      12.575     0.992969        79347       142.22
      13.431     0.993750        79409       160.00
      14.639     0.994531        79472       182.86
      15.799     0.995313        79534       213.33
      17.199     0.996094        79598       256.00
      17.791     0.996484        79629       284.44
      18.383     0.996875        79659       320.00
      19.007     0.997266        79690       365.71
      19.503     0.997656        79721       426.67
      20.175     0.998047        79752       512.00
      20.543     0.998242        79769       568.89
      20.687     0.998437        79784       640.00
      20.991     0.998633        79799       731.43
      21.263     0.998828        79816       853.33
      21.567     0.999023        79833      1024.00
      21.631     0.999121        79838      1137.78
      21.871     0.999219        79846      1280.00
      22.095     0.999316        79855      1462.86
      22.223     0.999414        79862      1706.67
      22.415     0.999512        79869      2048.00
      22.527     0.999561        79873      2275.56
      22.735     0.999609        79877      2560.00
      22.911     0.999658        79881      2925.71
      23.071     0.999707        79885      3413.33
      23.503     0.999756        79889      4096.00
      23.631     0.999780        79891      4551.11
      23.839     0.999805        79893      5120.00
      23.951     0.999829        79895      5851.43
      24.031     0.999854        79897      6826.67
      24.655     0.999878        79899      8192.00
      24.783     0.999890        79900      9102.22
      24.863     0.999902        79901     10240.00
      25.199     0.999915        79902     11702.86
      25.263     0.999927        79903     13653.33
      25.295     0.999939        79904     16384.00
      25.295     0.999945        79904     18204.44
      26.047     0.999951        79905     20480.00
      26.047     0.999957        79905     23405.71
      26.991     0.999963        79906     27306.67
      26.991     0.999969        79906     32768.00
      26.991     0.999973        79906     36408.89
      27.807     0.999976        79907     40960.00
      27.807     0.999979        79907     46811.43
      27.807     0.999982        79907     54613.33
      27.807     0.999985        79907     65536.00
      27.807     0.999986        79907     72817.78
      28.447     0.999988        79908     81920.00
      28.447     1.000000        79908          inf
#[Mean    =        1.727, StdDeviation   =        1.763]
#[Max     =       28.432, Total count    =        79908]
#[Buckets =           27, SubBuckets     =         2048]
----------------------------------------------------------
  79912 requests in 10.00s, 13.34MB read
Requests/sec:   7991.56
Transfer/sec:      1.33MB
