Running 10s test @ http://localhost
  2 threads and 10 connections
  Thread Stats   Avg      Stdev     Max   +/- Stdev
    Latency     1.57ms    1.12ms  19.46ms   90.51%
    Req/Sec       -nan      -nan   0.00      0.00%
  Latency Distribution (HdrHistogram - Recorded Latency)
 50.000%    1.39ms
 75.000%    1.88ms
 90.000%    2.43ms
 99.000%    6.37ms
 99.900%   12.55ms
 99.990%   15.66ms
 99.999%   18.64ms
100.000%   19.47ms

  Detailed Percentile spectrum:
       Value   Percentile   TotalCount 1/(1-Percentile)

       0.128     0.000000            1         1.00
       0.669     0.100000         8013         1.11
       0.876     0.200000        16000         1.25
       1.054     0.300000        23979         1.43
       1.221     0.400000        31998         1.67
       1.391     0.500000        39965         2.00
       1.477     0.550000        43955         2.22
       1.567     0.600000        47954         2.50
       1.665     0.650000        51959         2.86
       1.769     0.700000        55934         3.33
       1.884     0.750000        59953         4.00
       1.950     0.775000        61942         4.44
       2.020     0.800000        63939         5.00
       2.099     0.825000        65929         5.71
       2.191     0.850000        67939         6.67
       2.297     0.875000        69920         8.00
       2.361     0.887500        70914         8.89
       2.435     0.900000        71926        10.00
       2.519     0.912500        72918        11.43
       2.615     0.925000        73907        13.33
       2.743     0.937500        74904        16.00
       2.829     0.943750        75406        17.78
       2.935     0.950000        75905        20.00
       3.059     0.956250        76405        22.86
       3.233     0.962500        76904        26.67
       3.491     0.968750        77401        32.00
       3.631     0.971875        77650        35.56
       3.853     0.975000        77900        40.00
       4.115     0.978125        78150        45.71
       4.491     0.981250        78399        53.33
       5.015     0.984375        78649        64.00
       5.307     0.985938        78774        71.11
       5.691     0.987500        78899        80.00
       6.075     0.989062        79024        91.43
       6.551     0.990625        79148       106.67
       7.191     0.992188        79273       128.00
       7.643     0.992969        79336       142.22
       8.103     0.993750        79398       160.00
       8.583     0.994531        79461       182.86
       9.159     0.995313        79523       213.33
       9.823     0.996094        79585       256.00
      10.143     0.996484        79618       284.44
      10.431     0.996875        79648       320.00
      10.751     0.997266        79680       365.71
      11.087     0.997656        79710       426.67
      11.495     0.998047        79741       512.00
      11.671     0.998242        79758       568.89
      11.887     0.998437        79773       640.00
      12.095     0.998633        79788       731.43
      12.295     0.998828        79804       853.33
      12.591     0.999023        79819      1024.00
      12.783     0.999121        79827      1137.78
      12.919     0.999219        79835      1280.00
      13.111     0.999316        79843      1462.86
      13.367     0.999414        79851      1706.67
      13.591     0.999512        79858      2048.00
      13.727     0.999561        79863      2275.56
      13.775     0.999609        79866      2560.00
      14.063     0.999658        79870      2925.71
      14.367     0.999707        79874      3413.33
      14.583     0.999756        79878      4096.00
      14.671     0.999780        79880      4551.11
      14.735     0.999805        79882      5120.00
      14.903     0.999829        79884      5851.43
      14.959     0.999854        79886      6826.67
      15.151     0.999878        79888      8192.00
      15.663     0.999890        79889      9102.22
      16.047     0.999902        79890     10240.00
      16.959     0.999915        79892     11702.86
      16.959     0.999927        79892     13653.33
      17.471     0.999939        79893     16384.00
      17.471     0.999945        79893     18204.44
      17.519     0.999951        79894     20480.00
      17.519     0.999957        79894     23405.71
      17.983     0.999963        79895     27306.67
      17.983     0.999969        79895     32768.00
      17.983     0.999973        79895     36408.89
      18.639     0.999976        79896     40960.00
      18.639     0.999979        79896     46811.43
      18.639     0.999982        79896     54613.33
      18.639     0.999985        79896     65536.00
      18.639     0.999986        79896     72817.78
      19.471     0.999988        79897     81920.00
      19.471     1.000000        79897          inf
#[Mean    =        1.573, StdDeviation   =        1.120]
#[Max     =       19.456, Total count    =        79897]
#[Buckets =           27, SubBuckets     =         2048]
----------------------------------------------------------
  79903 requests in 10.00s, 13.34MB read
Requests/sec:   7991.08
Transfer/sec:      1.33MB
