Running 10s test @ http://localhost
  2 threads and 10 connections
  Thread Stats   Avg      Stdev     Max   +/- Stdev
    Latency     1.52ms    0.93ms  17.66ms   83.78%
    Req/Sec       -nan      -nan   0.00      0.00%
  Latency Distribution (HdrHistogram - Recorded Latency)
 50.000%    1.38ms
 75.000%    1.88ms
 90.000%    2.39ms
 99.000%    4.82ms
 99.900%   10.70ms
 99.990%   14.06ms
 99.999%   16.83ms
100.000%   17.68ms

  Detailed Percentile spectrum:
       Value   Percentile   TotalCount 1/(1-Percentile)

       0.099     0.000000            1         1.00
       0.652     0.100000         7997         1.11
       0.858     0.200000        16003         1.25
       1.036     0.300000        24006         1.43
       1.205     0.400000        31975         1.67
       1.375     0.500000        39990         2.00
       1.464     0.550000        43980         2.22
       1.557     0.600000        47968         2.50
       1.656     0.650000        51975         2.86
       1.759     0.700000        55947         3.33
       1.875     0.750000        59958         4.00
       1.939     0.775000        61954         4.44
       2.007     0.800000        63957         5.00
       2.083     0.825000        65975         5.71
       2.165     0.850000        67967         6.67
       2.271     0.875000        69954         8.00
       2.327     0.887500        70952         8.89
       2.393     0.900000        71941        10.00
       2.469     0.912500        72940        11.43
       2.561     0.925000        73933        13.33
       2.665     0.937500        74923        16.00
       2.737     0.943750        75424        17.78
       2.815     0.950000        75925        20.00
       2.913     0.956250        76429        22.86
       3.033     0.962500        76922        26.67
       3.179     0.968750        77424        32.00
       3.267     0.971875        77670        35.56
       3.393     0.975000        77920        40.00
       3.525     0.978125        78166        45.71
       3.725     0.981250        78416        53.33
       3.995     0.984375        78666        64.00
       4.167     0.985938        78793        71.11
       4.363     0.987500        78916        80.00
       4.623     0.989062        79041        91.43
       4.995     0.990625        79166       106.67
       5.411     0.992188        79290       128.00
       5.731     0.992969        79354       142.22
       6.059     0.993750        79417       160.00
       6.443     0.994531        79477       182.86
       6.943     0.995313        79541       213.33
       7.423     0.996094        79602       256.00
       7.675     0.996484        79634       284.44
       7.911     0.996875        79665       320.00
       8.171     0.997266        79696       365.71
       8.511     0.997656        79727       426.67
       8.943     0.998047        79758       512.00
       9.207     0.998242        79774       568.89
       9.447     0.998437        79790       640.00
       9.727     0.998633        79805       731.43
      10.319     0.998828        79821       853.33
      10.759     0.999023        79836      1024.00
      10.959     0.999121        79844      1137.78
      11.407     0.999219        79852      1280.00
      11.639     0.999316        79860      1462.86
      11.903     0.999414        79868      1706.67
      12.095     0.999512        79876      2048.00
      12.223     0.999561        79879      2275.56
      12.303     0.999609        79883      2560.00
      12.671     0.999658        79887      2925.71
      12.823     0.999707        79891      3413.33
      12.999     0.999756        79895      4096.00
      13.183     0.999780        79897      4551.11
      13.255     0.999805        79899      5120.00
      13.599     0.999829        79901      5851.43
      13.719     0.999854        79903      6826.67
      13.783     0.999878        79905      8192.00
      14.055     0.999890        79906      9102.22
      14.327     0.999902        79907     10240.00
      14.367     0.999915        79908     11702.86
      14.527     0.999927        79909     13653.33
      14.583     0.999939        79910     16384.00
      14.583     0.999945        79910     18204.44
      15.055     0.999951        79911     20480.00
      15.055     0.999957        79911     23405.71
      15.839     0.999963        79912     27306.67
      15.839     0.999969        79912     32768.00
      15.839     0.999973        79912     36408.89
      16.831     0.999976        79913     40960.00
      16.831     0.999979        79913     46811.43
      16.831     0.999982        79913     54613.33
      16.831     0.999985        79913     65536.00
      16.831     0.999986        79913     72817.78
      17.679     0.999988        79914     81920.00
      17.679     1.000000        79914          inf
#[Mean    =        1.516, StdDeviation   =        0.933]
#[Max     =       17.664, Total count    =        79914]
#[Buckets =           27, SubBuckets     =         2048]
----------------------------------------------------------
  79916 requests in 10.00s, 13.34MB read
Requests/sec:   7991.32
Transfer/sec:      1.33MB
