Running 10s test @ http://localhost
  2 threads and 10 connections
  Thread Stats   Avg      Stdev     Max   +/- Stdev
    Latency     1.56ms    1.00ms  14.77ms   85.25%
    Req/Sec       -nan      -nan   0.00      0.00%
  Latency Distribution (HdrHistogram - Recorded Latency)
 50.000%    1.39ms
 75.000%    1.90ms
 90.000%    2.46ms
 99.000%    5.49ms
 99.900%   11.28ms
 99.990%   13.44ms
 99.999%   14.49ms
100.000%   14.77ms

  Detailed Percentile spectrum:
       Value   Percentile   TotalCount 1/(1-Percentile)

       0.099     0.000000            1         1.00
       0.661     0.100000         8024         1.11
       0.872     0.200000        15993         1.25
       1.053     0.300000        24018         1.43
       1.220     0.400000        32007         1.67
       1.390     0.500000        39958         2.00
       1.478     0.550000        43966         2.22
       1.571     0.600000        47948         2.50
       1.673     0.650000        51955         2.86
       1.785     0.700000        55960         3.33
       1.904     0.750000        59944         4.00
       1.971     0.775000        61937         4.44
       2.043     0.800000        63940         5.00
       2.125     0.825000        65965         5.71
       2.217     0.850000        67921         6.67
       2.329     0.875000        69926         8.00
       2.393     0.887500        70945         8.89
       2.463     0.900000        71923        10.00
       2.557     0.912500        72932        11.43
       2.657     0.925000        73920        13.33
       2.789     0.937500        74919        16.00
       2.869     0.943750        75418        17.78
       2.963     0.950000        75914        20.00
       3.093     0.956250        76410        22.86
       3.253     0.962500        76909        26.67
       3.465     0.968750        77411        32.00
       3.603     0.971875        77658        35.56
       3.737     0.975000        77910        40.00
       3.951     0.978125        78160        45.71
       4.227     0.981250        78409        53.33
       4.591     0.984375        78659        64.00
       4.799     0.985938        78785        71.11
       5.035     0.987500        78907        80.00
       5.307     0.989062        79032        91.43
       5.651     0.990625        79156       106.67
       6.051     0.992188        79281       128.00
       6.299     0.992969        79344       142.22
       6.599     0.993750        79407       160.00
       6.867     0.994531        79469       182.86
       7.195     0.995313        79531       213.33
       7.687     0.996094        79593       256.00
       8.007     0.996484        79626       284.44
       8.279     0.996875        79658       320.00
       8.671     0.997266        79688       365.71
       9.111     0.997656        79718       426.67
       9.679     0.998047        79750       512.00
       9.911     0.998242        79765       568.89
      10.327     0.998437        79781       640.00
      10.607     0.998633        79797       731.43
      10.967     0.998828        79812       853.33
      11.287     0.999023        79827      1024.00
      11.471     0.999121        79835      1137.78
      11.663     0.999219        79843      1280.00
      11.751     0.999316        79851      1462.86
      12.079     0.999414        79859      1706.67
      12.191     0.999512        79866      2048.00
      12.303     0.999561        79870      2275.56
      12.359     0.999609        79874      2560.00
      12.599     0.999658        79878      2925.71
      12.743     0.999707        79882      3413.33
      12.935     0.999756        79886      4096.00
      12.991     0.999780        79888      4551.11
      13.103     0.999805        79890      5120.00
      13.191     0.999829        79892      5851.43
      13.231     0.999854        79895      6826.67
      13.367     0.999878        79896      8192.00
      13.439     0.999890        79897      9102.22
      13.471     0.999902        79898     10240.00
      13.479     0.999915        79899     11702.86
      13.719     0.999927        79900     13653.33
      14.023     0.999939        79901     16384.00
      14.023     0.999945        79901     18204.44
      14.071     0.999951        79902     20480.00
      14.071     0.999957        79902     23405.71
      14.351     0.999963        79903     27306.67
      14.351     0.999969        79903     32768.00
      14.351     0.999973        79903     36408.89
      14.495     0.999976        79904     40960.00
      14.495     0.999979        79904     46811.43
      14.495     0.999982        79904     54613.33
      14.495     0.999985        79904     65536.00
      14.495     0.999986        79904     72817.78
      14.775     0.999988        79905     81920.00
      14.775     1.000000        79905          inf
#[Mean    =        1.558, StdDeviation   =        0.999]
#[Max     =       14.768, Total count    =        79905]
#[Buckets =           27, SubBuckets     =         2048]
----------------------------------------------------------
  79907 requests in 10.00s, 13.34MB read
Requests/sec:   7990.41
Transfer/sec:      1.33MB
