Running 10s test @ http://localhost
  2 threads and 10 connections
  Thread Stats   Avg      Stdev     Max   +/- Stdev
    Latency     1.59ms    1.31ms  31.62ms   94.47%
    Req/Sec       -nan      -nan   0.00      0.00%
  Latency Distribution (HdrHistogram - Recorded Latency)
 50.000%    1.39ms
 75.000%    1.89ms
 90.000%    2.44ms
 99.000%    6.68ms
 99.900%   17.44ms
 99.990%   27.85ms
 99.999%   31.04ms
100.000%   31.63ms

  Detailed Percentile spectrum:
       Value   Percentile   TotalCount 1/(1-Percentile)

       0.091     0.000000            1         1.00
       0.668     0.100000         8008         1.11
       0.872     0.200000        15983         1.25
       1.049     0.300000        23990         1.43
       1.217     0.400000        31983         1.67
       1.390     0.500000        39987         2.00
       1.478     0.550000        43953         2.22
       1.571     0.600000        47970         2.50
       1.667     0.650000        51949         2.86
       1.775     0.700000        55966         3.33
       1.893     0.750000        59935         4.00
       1.960     0.775000        61932         4.44
       2.034     0.800000        63943         5.00
       2.111     0.825000        65927         5.71
       2.203     0.850000        67938         6.67
       2.311     0.875000        69952         8.00
       2.373     0.887500        70935         8.89
       2.445     0.900000        71940        10.00
       2.529     0.912500        72914        11.43
       2.635     0.925000        73935        13.33
       2.761     0.937500        74927        16.00
       2.841     0.943750        75417        17.78
       2.937     0.950000        75919        20.00
       3.057     0.956250        76412        22.86
       3.207     0.962500        76914        26.67
       3.417     0.968750        77409        32.00
       3.567     0.971875        77659        35.56
       3.755     0.975000        77911        40.00
       3.965     0.978125        78159        45.71
       4.251     0.981250        78409        53.33
       4.735     0.984375        78658        64.00
       5.075     0.985938        78783        71.11
       5.551     0.987500        78908        80.00
       6.211     0.989062        79032        91.43
       7.063     0.990625        79156       106.67
       8.027     0.992188        79281       128.00
       8.519     0.992969        79344       142.22
       9.063     0.993750        79407       160.00
       9.783     0.994531        79471       182.86
      10.455     0.995313        79533       213.33
      11.271     0.996094        79593       256.00
      11.631     0.996484        79625       284.44
      12.079     0.996875        79656       320.00
      12.399     0.997266        79687       365.71
      12.975     0.997656        79718       426.67
      13.623     0.998047        79750       512.00
      14.191     0.998242        79765       568.89
      14.855     0.998437        79781       640.00
      15.831     0.998633        79796       731.43
      16.943     0.998828        79812       853.33
      17.471     0.999023        79827      1024.00
      17.887     0.999121        79835      1137.78
      18.175     0.999219        79843      1280.00
      18.575     0.999316        79851      1462.86
      19.215     0.999414        79859      1706.67
      19.503     0.999512        79866      2048.00
      19.791     0.999561        79870      2275.56
      20.655     0.999609        79874      2560.00
      21.503     0.999658        79879      2925.71
      21.935     0.999707        79882      3413.33
      22.575     0.999756        79886      4096.00
      24.095     0.999780        79888      4551.11
      24.239     0.999805        79890      5120.00
      24.815     0.999829        79892      5851.43
      26.575     0.999854        79894      6826.67
      27.247     0.999878        79896      8192.00
      27.855     0.999890        79897      9102.22
      27.951     0.999902        79898     10240.00
      28.623     0.999915        79899     11702.86
      28.655     0.999927        79900     13653.33
      29.039     0.999939        79901     16384.00
      29.039     0.999945        79901     18204.44
      29.759     0.999951        79902     20480.00
      29.759     0.999957        79902     23405.71
      30.495     0.999963        79903     27306.67
      30.495     0.999969        79903     32768.00
      30.495     0.999973        79903     36408.89
      31.039     0.999976        79904     40960.00
      31.039     0.999979        79904     46811.43
      31.039     0.999982        79904     54613.33
      31.039     0.999985        79904     65536.00
      31.039     0.999986        79904     72817.78
      31.631     0.999988        79905     81920.00
      31.631     1.000000        79905          inf
#[Mean    =        1.591, StdDeviation   =        1.308]
#[Max     =       31.616, Total count    =        79905]
#[Buckets =           27, SubBuckets     =         2048]
----------------------------------------------------------
  79913 requests in 10.00s, 13.34MB read
Requests/sec:   7991.30
Transfer/sec:      1.33MB
