Running 10s test @ http://localhost
  2 threads and 10 connections
  Thread Stats   Avg      Stdev     Max   +/- Stdev
    Latency     1.56ms    1.48ms  39.68ms   96.71%
    Req/Sec       -nan      -nan   0.00      0.00%
  Latency Distribution (HdrHistogram - Recorded Latency)
 50.000%    1.36ms
 75.000%    1.83ms
 90.000%    2.31ms
 99.000%    8.79ms
 99.900%   16.78ms
 99.990%   33.53ms
 99.999%   38.81ms
100.000%   39.71ms

  Detailed Percentile spectrum:
       Value   Percentile   TotalCount 1/(1-Percentile)

       0.086     0.000000            1         1.00
       0.629     0.100000         8019         1.11
       0.840     0.200000        16024         1.25
       1.017     0.300000        24025         1.43
       1.186     0.400000        32000         1.67
       1.355     0.500000        39978         2.00
       1.442     0.550000        43980         2.22
       1.532     0.600000        47986         2.50
       1.624     0.650000        51954         2.86
       1.723     0.700000        55966         3.33
       1.829     0.750000        59954         4.00
       1.888     0.775000        61954         4.44
       1.950     0.800000        63944         5.00
       2.019     0.825000        65938         5.71
       2.097     0.850000        67963         6.67
       2.191     0.875000        69968         8.00
       2.245     0.887500        70928         8.89
       2.305     0.900000        71937        10.00
       2.375     0.912500        72931        11.43
       2.461     0.925000        73925        13.33
       2.561     0.937500        74925        16.00
       2.625     0.943750        75422        17.78
       2.695     0.950000        75923        20.00
       2.787     0.956250        76428        22.86
       2.911     0.962500        76923        26.67
       3.115     0.968750        77424        32.00
       3.275     0.971875        77670        35.56
       3.551     0.975000        77921        40.00
       4.043     0.978125        78170        45.71
       4.743     0.981250        78420        53.33
       5.723     0.984375        78669        64.00
       6.363     0.985938        78794        71.11
       7.215     0.987500        78919        80.00
       8.199     0.989062        79044        91.43
       9.135     0.990625        79168       106.67
      10.367     0.992188        79293       128.00
      10.959     0.992969        79356       142.22
      11.455     0.993750        79419       160.00
      12.055     0.994531        79480       182.86
      12.759     0.995313        79543       213.33
      13.383     0.996094        79605       256.00
      13.679     0.996484        79637       284.44
      14.039     0.996875        79668       320.00
      14.319     0.997266        79699       365.71
      14.695     0.997656        79730       426.67
      15.119     0.998047        79762       512.00
      15.423     0.998242        79777       568.89
      15.711     0.998437        79793       640.00
      16.047     0.998633        79809       731.43
      16.511     0.998828        79824       853.33
      16.879     0.999023        79839      1024.00
      17.055     0.999121        79847      1137.78
      17.375     0.999219        79855      1280.00
      17.871     0.999316        79864      1462.86
      18.431     0.999414        79871      1706.67
      18.975     0.999512        79878      2048.00
      19.167     0.999561        79882      2275.56
      20.015     0.999609        79886      2560.00
      21.727     0.999658        79890      2925.71
      22.895     0.999707        79894      3413.33
      25.503     0.999756        79898      4096.00
      27.567     0.999780        79900      4551.11
      28.431     0.999805        79902      5120.00
      30.047     0.999829        79904      5851.43
      31.215     0.999854        79906      6826.67
      32.719     0.999878        79908      8192.00
      33.535     0.999890        79909      9102.22
      34.527     0.999902        79910     10240.00
      35.295     0.999915        79911     11702.86
      36.319     0.999927        79912     13653.33
      37.311     0.999939        79913     16384.00
      37.311     0.999945        79913     18204.44
      37.727     0.999951        79914     20480.00
      37.727     0.999957        79914     23405.71
      38.335     0.999963        79915     27306.67
      38.335     0.999969        79915     32768.00
      38.335     0.999973        79915     36408.89
      38.815     0.999976        79916     40960.00
      38.815     0.999979        79916     46811.43
      38.815     0.999982        79916     54613.33
      38.815     0.999985        79916     65536.00
      38.815     0.999986        79916     72817.78
      39.711     0.999988        79917     81920.00
      39.711     1.000000        79917          inf
#[Mean    =        1.564, StdDeviation   =        1.478]
#[Max     =       39.680, Total count    =        79917]
#[Buckets =           27, SubBuckets     =         2048]
----------------------------------------------------------
  79920 requests in 10.00s, 13.34MB read
Requests/sec:   7991.63
Transfer/sec:      1.33MB
