Running 10s test @ http://localhost
  2 threads and 10 connections
  Thread Stats   Avg      Stdev     Max   +/- Stdev
    Latency     1.73ms    1.74ms  34.82ms   94.97%
    Req/Sec       -nan      -nan   0.00      0.00%
  Latency Distribution (HdrHistogram - Recorded Latency)
 50.000%    1.42ms
 75.000%    1.96ms
 90.000%    2.64ms
 99.000%    8.77ms
 99.900%   22.61ms
 99.990%   30.85ms
 99.999%   34.01ms
100.000%   34.85ms

  Detailed Percentile spectrum:
       Value   Percentile   TotalCount 1/(1-Percentile)

       0.147     0.000000            1         1.00
       0.661     0.100000         8006         1.11
       0.877     0.200000        16022         1.25
       1.058     0.300000        23974         1.43
       1.237     0.400000        31976         1.67
       1.420     0.500000        39960         2.00
       1.514     0.550000        43978         2.22
       1.616     0.600000        47980         2.50
       1.723     0.650000        51961         2.86
       1.838     0.700000        55958         3.33
       1.963     0.750000        59944         4.00
       2.036     0.775000        61944         4.44
       2.115     0.800000        63923         5.00
       2.209     0.825000        65930         5.71
       2.319     0.850000        67950         6.67
       2.457     0.875000        69945         8.00
       2.539     0.887500        70920         8.89
       2.643     0.900000        71927        10.00
       2.765     0.912500        72919        11.43
       2.921     0.925000        73924        13.33
       3.143     0.937500        74910        16.00
       3.297     0.943750        75414        17.78
       3.481     0.950000        75909        20.00
       3.711     0.956250        76408        22.86
       4.037     0.962500        76907        26.67
       4.511     0.968750        77407        32.00
       4.819     0.971875        77657        35.56
       5.179     0.975000        77906        40.00
       5.643     0.978125        78156        45.71
       6.203     0.981250        78405        53.33
       6.831     0.984375        78655        64.00
       7.211     0.985938        78780        71.11
       7.679     0.987500        78905        80.00
       8.335     0.989062        79030        91.43
       9.175     0.990625        79154       106.67
      10.295     0.992188        79280       128.00
      11.031     0.992969        79342       142.22
      11.911     0.993750        79404       160.00
      12.943     0.994531        79468       182.86
      13.999     0.995313        79529       213.33
      15.231     0.996094        79591       256.00
      16.031     0.996484        79623       284.44
      16.991     0.996875        79654       320.00
      18.047     0.997266        79685       365.71
      19.215     0.997656        79716       426.67
      20.127     0.998047        79747       512.00
      20.479     0.998242        79763       568.89
      20.783     0.998437        79779       640.00
      21.375     0.998633        79794       731.43
      21.935     0.998828        79810       853.33
      22.671     0.999023        79825      1024.00
      22.863     0.999121        79833      1137.78
      23.311     0.999219        79841      1280.00
      23.615     0.999316        79849      1462.86
      24.079     0.999414        79857      1706.67
      24.351     0.999512        79864      2048.00
      24.831     0.999561        79868      2275.56
      25.519     0.999609        79872      2560.00
      26.319     0.999658        79876      2925.71
      26.831     0.999707        79880      3413.33
      27.519     0.999756        79884      4096.00
      28.239     0.999780        79886      4551.11
      29.023     0.999805        79888      5120.00
      29.407     0.999829        79890      5851.43
      30.079     0.999854        79892      6826.67
      30.399     0.999878        79894      8192.00
      30.847     0.999890        79895      9102.22
      30.895     0.999902        79896     10240.00
      31.167     0.999915        79897     11702.86
      31.615     0.999927        79898     13653.33
      32.079     0.999939        79899     16384.00
      32.079     0.999945        79899     18204.44
      32.895     0.999951        79900     20480.00
      32.895     0.999957        79900     23405.71
      33.407     0.999963        79901     27306.67
      33.407     0.999969        79901     32768.00
      33.407     0.999973        79901     36408.89
      34.015     0.999976        79902     40960.00
      34.015     0.999979        79902     46811.43
      34.015     0.999982        79902     54613.33
      34.015     0.999985        79902     65536.00
      34.015     0.999986        79902     72817.78
      34.847     0.999988        79903     81920.00
      34.847     1.000000        79903          inf
#[Mean    =        1.728, StdDeviation   =        1.742]
#[Max     =       34.816, Total count    =        79903]
#[Buckets =           27, SubBuckets     =         2048]
----------------------------------------------------------
  79905 requests in 10.00s, 13.34MB read
Requests/sec:   7990.27
Transfer/sec:      1.33MB
