Running 10s test @ http://localhost
  2 threads and 10 connections
  Thread Stats   Avg      Stdev     Max   +/- Stdev
    Latency     1.87ms    2.67ms  49.76ms   96.14%
    Req/Sec       -nan      -nan   0.00      0.00%
  Latency Distribution (HdrHistogram - Recorded Latency)
 50.000%    1.42ms
 75.000%    1.95ms
 90.000%    2.65ms
 99.000%   12.58ms
 99.900%   36.03ms
 99.990%   47.62ms
 99.999%   49.63ms
100.000%   49.79ms

  Detailed Percentile spectrum:
       Value   Percentile   TotalCount 1/(1-Percentile)

       0.128     0.000000            1         1.00
       0.674     0.100000         8028         1.11
       0.882     0.200000        15993         1.25
       1.064     0.300000        24011         1.43
       1.239     0.400000        31993         1.67
       1.416     0.500000        39964         2.00
       1.509     0.550000        43982         2.22
       1.607     0.600000        47966         2.50
       1.711     0.650000        51939         2.86
       1.825     0.700000        55939         3.33
       1.952     0.750000        59949         4.00
       2.026     0.775000        61940         4.44
       2.111     0.800000        63958         5.00
       2.203     0.825000        65925         5.71
       2.313     0.850000        67946         6.67
       2.447     0.875000        69923         8.00
       2.537     0.887500        70931         8.89
       2.651     0.900000        71916        10.00
       2.789     0.912500        72913        11.43
       2.965     0.925000        73916        13.33
       3.223     0.937500        74911        16.00
       3.435     0.943750        75408        17.78
       3.693     0.950000        75909        20.00
       4.085     0.956250        76409        22.86
       4.639     0.962500        76907        26.67
       5.463     0.968750        77406        32.00
       5.991     0.971875        77656        35.56
       6.571     0.975000        77906        40.00
       7.243     0.978125        78156        45.71
       8.163     0.981250        78405        53.33
       9.319     0.984375        78658        64.00
       9.903     0.985938        78779        71.11
      10.711     0.987500        78904        80.00
      11.759     0.989062        79029        91.43
      13.319     0.990625        79153       106.67
      15.815     0.992188        79279       128.00
      17.215     0.992969        79341       142.22
      18.559     0.993750        79403       160.00
      20.847     0.994531        79466       182.86
      23.103     0.995313        79528       213.33
      25.695     0.996094        79590       256.00
      26.639     0.996484        79622       284.44
      27.711     0.996875        79653       320.00
      29.343     0.997266        79685       365.71
      30.943     0.997656        79715       426.67
      32.015     0.998047        79746       512.00
      32.607     0.998242        79762       568.89
      33.407     0.998437        79778       640.00
      34.015     0.998633        79794       731.43
      34.911     0.998828        79809       853.33
      36.095     0.999023        79824      1024.00
      36.543     0.999121        79832      1137.78
      36.863     0.999219        79840      1280.00
      37.599     0.999316        79848      1462.86
      38.047     0.999414        79856      1706.67
      38.975     0.999512        79863      2048.00
      39.551     0.999561        79867      2275.56
      40.831     0.999609        79871      2560.00
      41.535     0.999658        79875      2925.71
      43.231     0.999707        79879      3413.33
      44.895     0.999756        79883      4096.00
      45.183     0.999780        79885      4551.11
      45.407     0.999805        79887      5120.00
      46.239     0.999829        79889      5851.43
      46.943     0.999854        79892      6826.67
      47.487     0.999878        79893      8192.00
      47.615     0.999890        79894      9102.22
      47.743     0.999902        79895     10240.00
      48.287     0.999915        79896     11702.86
      48.319     0.999927        79897     13653.33
      48.543     0.999939        79898     16384.00
      48.543     0.999945        79898     18204.44
      48.703     0.999951        79899     20480.00
      48.703     0.999957        79899     23405.71
      49.567     0.999963        79900     27306.67
      49.567     0.999969        79900     32768.00
      49.567     0.999973        79900     36408.89
      49.631     0.999976        79901     40960.00
      49.631     0.999979        79901     46811.43
      49.631     0.999982        79901     54613.33
      49.631     0.999985        79901     65536.00
      49.631     0.999986        79901     72817.78
      49.791     0.999988        79902     81920.00
      49.791     1.000000        79902          inf
#[Mean    =        1.869, StdDeviation   =        2.672]
#[Max     =       49.760, Total count    =        79902]
#[Buckets =           27, SubBuckets     =         2048]
----------------------------------------------------------
  79905 requests in 10.00s, 13.34MB read
Requests/sec:   7990.73
Transfer/sec:      1.33MB
