Running 10s test @ http://localhost
  2 threads and 10 connections
  Thread Stats   Avg      Stdev     Max   +/- Stdev
    Latency     1.50ms    0.96ms  16.45ms   85.82%
    Req/Sec       -nan      -nan   0.00      0.00%
  Latency Distribution (HdrHistogram - Recorded Latency)
 50.000%    1.36ms
 75.000%    1.85ms
 90.000%    2.36ms
 99.000%    4.93ms
 99.900%   11.22ms
 99.990%   13.78ms
 99.999%   15.77ms
100.000%   16.46ms

  Detailed Percentile spectrum:
       Value   Percentile   TotalCount 1/(1-Percentile)

       0.136     0.000000            1         1.00
       0.641     0.100000         7991         1.11
       0.848     0.200000        16008         1.25
       1.025     0.300000        23976         1.43
       1.193     0.400000        31992         1.67
       1.361     0.500000        39968         2.00
       1.448     0.550000        43952         2.22
       1.540     0.600000        47955         2.50
       1.637     0.650000        51942         2.86
       1.739     0.700000        55952         3.33
       1.850     0.750000        59930         4.00
       1.912     0.775000        61932         4.44
       1.976     0.800000        63941         5.00
       2.051     0.825000        65949         5.71
       2.135     0.850000        67925         6.67
       2.233     0.875000        69929         8.00
       2.293     0.887500        70929         8.89
       2.355     0.900000        71921        10.00
       2.427     0.912500        72926        11.43
       2.519     0.925000        73932        13.33
       2.625     0.937500        74913        16.00
       2.691     0.943750        75419        17.78
       2.761     0.950000        75913        20.00
       2.845     0.956250        76414        22.86
       2.957     0.962500        76912        26.67
       3.101     0.968750        77411        32.00
       3.193     0.971875        77662        35.56
       3.305     0.975000        77908        40.00
       3.447     0.978125        78159        45.71
       3.627     0.981250        78409        53.33
       3.901     0.984375        78659        64.00
       4.093     0.985938        78783        71.11
       4.315     0.987500        78908        80.00
       4.639     0.989062        79033        91.43
       5.139     0.990625        79156       106.67
       5.791     0.992188        79281       128.00
       6.171     0.992969        79345       142.22
       6.591     0.993750        79407       160.00
       7.055     0.994531        79469       182.86
       7.587     0.995313        79531       213.33
       8.207     0.996094        79594       256.00
       8.543     0.996484        79625       284.44
       8.839     0.996875        79656       320.00
       9.207     0.997266        79687       365.71
       9.567     0.997656        79718       426.67
       9.927     0.998047        79749       512.00
      10.231     0.998242        79765       568.89
      10.423     0.998437        79781       640.00
      10.695     0.998633        79796       731.43
      10.951     0.998828        79812       853.33
      11.239     0.999023        79827      1024.00
      11.439     0.999121        79835      1137.78
      11.575     0.999219        79843      1280.00
      11.807     0.999316        79851      1462.86
      12.031     0.999414        79859      1706.67
      12.215     0.999512        79866      2048.00
      12.287     0.999561        79871      2275.56
      12.439     0.999609        79874      2560.00
      12.607     0.999658        79878      2925.71
      12.879     0.999707        79882      3413.33
      13.199     0.999756        79886      4096.00
      13.247     0.999780        79888      4551.11
      13.327     0.999805        79890      5120.00
      13.535     0.999829        79892      5851.43
      13.623     0.999854        79894      6826.67
      13.767     0.999878        79896      8192.00
      13.783     0.999890        79897      9102.22
      13.823     0.999902        79898     10240.00
      13.919     0.999915        79899     11702.86
      14.183     0.999927        79900     13653.33
      14.207     0.999939        79901     16384.00
      14.207     0.999945        79901     18204.44
      14.599     0.999951        79902     20480.00
      14.599     0.999957        79902     23405.71
      15.143     0.999963        79903     27306.67
      15.143     0.999969        79903     32768.00
      15.143     0.999973        79903     36408.89
      15.775     0.999976        79904     40960.00
      15.775     0.999979        79904     46811.43
      15.775     0.999982        79904     54613.33
      15.775     0.999985        79904     65536.00
      15.775     0.999986        79904     72817.78
      16.463     0.999988        79905     81920.00
      16.463     1.000000        79905          inf
#[Mean    =        1.502, StdDeviation   =        0.961]
#[Max     =       16.448, Total count    =        79905]
#[Buckets =           27, SubBuckets     =         2048]
----------------------------------------------------------
  79908 requests in 10.00s, 13.34MB read
Requests/sec:   7990.97
Transfer/sec:      1.33MB
