Running 10s test @ http://localhost
  2 threads and 10 connections
  Thread Stats   Avg      Stdev     Max   +/- Stdev
    Latency     1.52ms    0.94ms  14.64ms   85.51%
    Req/Sec       -nan      -nan   0.00      0.00%
  Latency Distribution (HdrHistogram - Recorded Latency)
 50.000%    1.38ms
 75.000%    1.83ms
 90.000%    2.35ms
 99.000%    5.22ms
 99.900%   11.11ms
 99.990%   13.70ms
 99.999%   14.49ms
100.000%   14.65ms

  Detailed Percentile spectrum:
       Value   Percentile   TotalCount 1/(1-Percentile)

       0.128     0.000000            1         1.00
       0.687     0.100000         7992         1.11
       0.896     0.200000        16026         1.25
       1.068     0.300000        24001         1.43
       1.227     0.400000        32017         1.67
       1.377     0.500000        39987         2.00
       1.454     0.550000        43992         2.22
       1.534     0.600000        47946         2.50
       1.619     0.650000        51947         2.86
       1.720     0.700000        55960         3.33
       1.831     0.750000        59931         4.00
       1.894     0.775000        61947         4.44
       1.961     0.800000        63940         5.00
       2.038     0.825000        65950         5.71
       2.125     0.850000        67949         6.67
       2.227     0.875000        69933         8.00
       2.285     0.887500        70918         8.89
       2.353     0.900000        71934        10.00
       2.429     0.912500        72921        11.43
       2.511     0.925000        73929        13.33
       2.611     0.937500        74929        16.00
       2.671     0.943750        75416        17.78
       2.747     0.950000        75920        20.00
       2.833     0.956250        76413        22.86
       2.947     0.962500        76908        26.67
       3.095     0.968750        77408        32.00
       3.191     0.971875        77659        35.56
       3.333     0.975000        77911        40.00
       3.515     0.978125        78157        45.71
       3.733     0.981250        78407        53.33
       4.115     0.984375        78656        64.00
       4.351     0.985938        78783        71.11
       4.623     0.987500        78906        80.00
       4.979     0.989062        79031        91.43
       5.343     0.990625        79155       106.67
       5.759     0.992188        79280       128.00
       6.003     0.992969        79343       142.22
       6.331     0.993750        79405       160.00
       6.671     0.994531        79468       182.86
       7.171     0.995313        79530       213.33
       7.715     0.996094        79592       256.00
       8.071     0.996484        79624       284.44
       8.359     0.996875        79655       320.00
       8.695     0.997266        79686       365.71
       9.167     0.997656        79717       426.67
       9.575     0.998047        79748       512.00
      10.015     0.998242        79764       568.89
      10.255     0.998437        79780       640.00
      10.543     0.998633        79795       731.43
      10.935     0.998828        79812       853.33
      11.143     0.999023        79826      1024.00
      11.295     0.999121        79834      1137.78
      11.455     0.999219        79842      1280.00
      11.655     0.999316        79850      1462.86
      11.815     0.999414        79858      1706.67
      11.967     0.999512        79866      2048.00
      11.991     0.999561        79869      2275.56
      12.071     0.999609        79873      2560.00
      12.215     0.999658        79877      2925.71
      12.559     0.999707        79881      3413.33
      12.839     0.999756        79885      4096.00
      12.911     0.999780        79887      4551.11
      13.175     0.999805        79889      5120.00
      13.319     0.999829        79891      5851.43
      13.471     0.999854        79893      6826.67
      13.535     0.999878        79895      8192.00
      13.703     0.999890        79896      9102.22
      13.735     0.999902        79897     10240.00
      13.791     0.999915        79898     11702.86
      13.839     0.999927        79899     13653.33
      13.855     0.999939        79900     16384.00
      13.855     0.999945        79900     18204.44
      14.159     0.999951        79901     20480.00
      14.159     0.999957        79901     23405.71
      14.471     0.999963        79902     27306.67
      14.471     0.999969        79902     32768.00
      14.471     0.999973        79902     36408.89
      14.487     0.999976        79903     40960.00
      14.487     0.999979        79903     46811.43
      14.487     0.999982        79903     54613.33
      14.487     0.999985        79903     65536.00
      14.487     0.999986        79903     72817.78
      14.647     0.999988        79904     81920.00
      14.647     1.000000        79904          inf
#[Mean    =        1.517, StdDeviation   =        0.937]
#[Max     =       14.640, Total count    =        79904]
#[Buckets =           27, SubBuckets     =         2048]
----------------------------------------------------------
  79906 requests in 10.00s, 13.34MB read
Requests/sec:   7991.26
Transfer/sec:      1.33MB
