Running 10s test @ http://localhost
  2 threads and 10 connections
  Thread Stats   Avg      Stdev     Max   +/- Stdev
    Latency     1.63ms    1.29ms  18.42ms   93.08%
    Req/Sec       -nan      -nan   0.00      0.00%
  Latency Distribution (HdrHistogram - Recorded Latency)
 50.000%    1.40ms
 75.000%    1.91ms
 90.000%    2.51ms
 99.000%    7.70ms
 99.900%   14.59ms
 99.990%   17.07ms
 99.999%   17.81ms
100.000%   18.43ms

  Detailed Percentile spectrum:
       Value   Percentile   TotalCount 1/(1-Percentile)

       0.087     0.000000            1         1.00
       0.665     0.100000         8013         1.11
       0.874     0.200000        16006         1.25
       1.058     0.300000        23986         1.43
       1.229     0.400000        31993         1.67
       1.402     0.500000        39964         2.00
       1.493     0.550000        43996         2.22
       1.589     0.600000        47955         2.50
       1.691     0.650000        51985         2.86
       1.798     0.700000        55973         3.33
       1.915     0.750000        59953         4.00
       1.981     0.775000        61945         4.44
       2.055     0.800000        63934         5.00
       2.143     0.825000        65958         5.71
       2.243     0.850000        67967         6.67
       2.357     0.875000        69951         8.00
       2.425     0.887500        70937         8.89
       2.513     0.900000        71949        10.00
       2.607     0.912500        72923        11.43
       2.729     0.925000        73930        13.33
       2.891     0.937500        74927        16.00
       3.001     0.943750        75424        17.78
       3.133     0.950000        75920        20.00
       3.295     0.956250        76418        22.86
       3.535     0.962500        76917        26.67
       3.871     0.968750        77416        32.00
       4.091     0.971875        77665        35.56
       4.371     0.975000        77915        40.00
       4.751     0.978125        78164        45.71
       5.291     0.981250        78416        53.33
       5.907     0.984375        78664        64.00
       6.251     0.985938        78789        71.11
       6.735     0.987500        78915        80.00
       7.279     0.989062        79038        91.43
       7.975     0.990625        79163       106.67
       8.783     0.992188        79290       128.00
       9.199     0.992969        79351       142.22
       9.671     0.993750        79414       160.00
      10.175     0.994531        79475       182.86
      10.663     0.995313        79538       213.33
      11.319     0.996094        79600       256.00
      11.623     0.996484        79632       284.44
      11.919     0.996875        79663       320.00
      12.279     0.997266        79694       365.71
      12.623     0.997656        79725       426.67
      13.023     0.998047        79756       512.00
      13.287     0.998242        79773       568.89
      13.567     0.998437        79788       640.00
      13.807     0.998633        79803       731.43
      14.311     0.998828        79819       853.33
      14.607     0.999023        79834      1024.00
      14.775     0.999121        79842      1137.78
      14.935     0.999219        79850      1280.00
      15.127     0.999316        79858      1462.86
      15.399     0.999414        79866      1706.67
      15.615     0.999512        79873      2048.00
      15.687     0.999561        79877      2275.56
      15.823     0.999609        79881      2560.00
      15.991     0.999658        79885      2925.71
      16.079     0.999707        79889      3413.33
      16.279     0.999756        79893      4096.00
      16.311     0.999780        79895      4551.11
      16.447     0.999805        79897      5120.00
      16.479     0.999829        79899      5851.43
      16.543     0.999854        79901      6826.67
      16.975     0.999878        79903      8192.00
      17.071     0.999890        79904      9102.22
      17.119     0.999902        79905     10240.00
      17.215     0.999915        79906     11702.86
      17.567     0.999927        79907     13653.33
      17.679     0.999939        79908     16384.00
      17.679     0.999945        79908     18204.44
      17.711     0.999951        79909     20480.00
      17.711     0.999957        79909     23405.71
      17.791     0.999963        79910     27306.67
      17.791     0.999969        79910     32768.00
      17.791     0.999973        79910     36408.89
      17.807     0.999976        79911     40960.00
      17.807     0.999979        79911     46811.43
      17.807     0.999982        79911     54613.33
      17.807     0.999985        79911     65536.00
      17.807     0.999986        79911     72817.78
      18.431     0.999988        79912     81920.00
      18.431     1.000000        79912          inf
#[Mean    =        1.629, StdDeviation   =        1.295]
#[Max     =       18.416, Total count    =        79912]
#[Buckets =           27, SubBuckets     =         2048]
----------------------------------------------------------
  79915 requests in 10.00s, 13.34MB read
Requests/sec:   7991.77
Transfer/sec:      1.33MB
