Running 10s test @ http://localhost
  2 threads and 10 connections
  Thread Stats   Avg      Stdev     Max   +/- Stdev
    Latency     1.63ms    1.37ms  18.18ms   94.18%
    Req/Sec       -nan      -nan   0.00      0.00%
  Latency Distribution (HdrHistogram - Recorded Latency)
 50.000%    1.38ms
 75.000%    1.90ms
 90.000%    2.49ms
 99.000%    8.12ms
 99.900%   14.85ms
 99.990%   16.93ms
 99.999%   18.08ms
100.000%   18.19ms

  Detailed Percentile spectrum:
       Value   Percentile   TotalCount 1/(1-Percentile)

       0.075     0.000000            1         1.00
       0.658     0.100000         8017         1.11
       0.866     0.200000        15986         1.25
       1.044     0.300000        23981         1.43
       1.214     0.400000        31994         1.67
       1.385     0.500000        39966         2.00
       1.473     0.550000        43978         2.22
       1.567     0.600000        47966         2.50
       1.667     0.650000        51947         2.86
       1.778     0.700000        55959         3.33
       1.898     0.750000        59953         4.00
       1.967     0.775000        61936         4.44
       2.040     0.800000        63941         5.00
       2.119     0.825000        65936         5.71
       2.217     0.850000        67954         6.67
       2.335     0.875000        69947         8.00
       2.407     0.887500        70948         8.89
       2.487     0.900000        71929        10.00
       2.587     0.912500        72933        11.43
       2.711     0.925000        73921        13.33
       2.881     0.937500        74923        16.00
       2.987     0.943750        75422        17.78
       3.121     0.950000        75922        20.00
       3.299     0.956250        76424        22.86
       3.539     0.962500        76919        26.67
       3.887     0.968750        77420        32.00
       4.151     0.971875        77669        35.56
       4.511     0.975000        77917        40.00
       4.983     0.978125        78167        45.71
       5.591     0.981250        78416        53.33
       6.283     0.984375        78666        64.00
       6.679     0.985938        78792        71.11
       7.151     0.987500        78916        80.00
       7.751     0.989062        79041        91.43
       8.463     0.990625        79165       106.67
       9.279     0.992188        79290       128.00
       9.887     0.992969        79355       142.22
      10.543     0.993750        79416       160.00
      11.223     0.994531        79477       182.86
      11.791     0.995313        79540       213.33
      12.447     0.996094        79603       256.00
      12.767     0.996484        79636       284.44
      13.135     0.996875        79665       320.00
      13.431     0.997266        79696       365.71
      13.703     0.997656        79727       426.67
      14.055     0.998047        79759       512.00
      14.231     0.998242        79774       568.89
      14.383     0.998437        79790       640.00
      14.495     0.998633        79805       731.43
      14.743     0.998828        79821       853.33
      14.903     0.999023        79836      1024.00
      15.191     0.999121        79845      1137.78
      15.247     0.999219        79853      1280.00
      15.431     0.999316        79860      1462.86
      15.615     0.999414        79868      1706.67
      15.871     0.999512        79875      2048.00
      15.935     0.999561        79879      2275.56
      16.007     0.999609        79883      2560.00
      16.231     0.999658        79887      2925.71
      16.311     0.999707        79891      3413.33
      16.399     0.999756        79896      4096.00
      16.431     0.999780        79897      4551.11
      16.447     0.999805        79899      5120.00
      16.607     0.999829        79901      5851.43
      16.895     0.999854        79905      6826.67
      16.895     0.999878        79905      8192.00
      16.927     0.999890        79906      9102.22
      17.055     0.999902        79907     10240.00
      17.263     0.999915        79908     11702.86
      17.439     0.999927        79909     13653.33
      17.519     0.999939        79910     16384.00
      17.519     0.999945        79910     18204.44
      17.743     0.999951        79911     20480.00
      17.743     0.999957        79911     23405.71
      17.855     0.999963        79912     27306.67
      17.855     0.999969        79912     32768.00
      17.855     0.999973        79912     36408.89
      18.079     0.999976        79913     40960.00
      18.079     0.999979        79913     46811.43
      18.079     0.999982        79913     54613.33
      18.079     0.999985        79913     65536.00
      18.079     0.999986        79913     72817.78
      18.191     0.999988        79914     81920.00
      18.191     1.000000        79914          inf
#[Mean    =        1.627, StdDeviation   =        1.369]
#[Max     =       18.176, Total count    =        79914]
#[Buckets =           27, SubBuckets     =         2048]
----------------------------------------------------------
  79916 requests in 10.00s, 13.34MB read
Requests/sec:   7991.58
Transfer/sec:      1.33MB
