Running 10s test @ http://localhost
  2 threads and 10 connections
  Thread Stats   Avg      Stdev     Max   +/- Stdev
    Latency     1.55ms    1.09ms  17.73ms   90.17%
    Req/Sec       -nan      -nan   0.00      0.00%
  Latency Distribution (HdrHistogram - Recorded Latency)
 50.000%    1.38ms
 75.000%    1.89ms
 90.000%    2.41ms
 99.000%    5.67ms
 99.900%   14.01ms
 99.990%   16.03ms
 99.999%   17.25ms
100.000%   17.74ms

  Detailed Percentile spectrum:
       Value   Percentile   TotalCount 1/(1-Percentile)

       0.096     0.000000            1         1.00
       0.658     0.100000         8019         1.11
       0.860     0.200000        15984         1.25
       1.037     0.300000        23991         1.43
       1.206     0.400000        31971         1.67
       1.382     0.500000        39970         2.00
       1.472     0.550000        43968         2.22
       1.566     0.600000        47958         2.50
       1.666     0.650000        51956         2.86
       1.774     0.700000        55952         3.33
       1.888     0.750000        59938         4.00
       1.950     0.775000        61932         4.44
       2.019     0.800000        63947         5.00
       2.093     0.825000        65930         5.71
       2.177     0.850000        67923         6.67
       2.281     0.875000        69953         8.00
       2.341     0.887500        70941         8.89
       2.409     0.900000        71939        10.00
       2.489     0.912500        72930        11.43
       2.587     0.925000        73924        13.33
       2.707     0.937500        74921        16.00
       2.777     0.943750        75423        17.78
       2.863     0.950000        75920        20.00
       2.965     0.956250        76416        22.86
       3.087     0.962500        76913        26.67
       3.259     0.968750        77415        32.00
       3.375     0.971875        77663        35.56
       3.519     0.975000        77914        40.00
       3.695     0.978125        78163        45.71
       3.963     0.981250        78411        53.33
       4.347     0.984375        78663        64.00
       4.643     0.985938        78786        71.11
       4.963     0.987500        78913        80.00
       5.407     0.989062        79035        91.43
       5.899     0.990625        79162       106.67
       6.587     0.992188        79286       128.00
       7.027     0.992969        79348       142.22
       7.455     0.993750        79410       160.00
       7.999     0.994531        79472       182.86
       8.727     0.995313        79535       213.33
       9.391     0.996094        79597       256.00
       9.903     0.996484        79630       284.44
      10.335     0.996875        79660       320.00
      10.807     0.997266        79691       365.71
      11.327     0.997656        79723       426.67
      11.823     0.998047        79753       512.00
      12.263     0.998242        79770       568.89
      12.615     0.998437        79785       640.00
      12.975     0.998633        79800       731.43
      13.487     0.998828        79816       853.33
      14.071     0.999023        79832      1024.00
      14.423     0.999121        79840      1137.78
      14.575     0.999219        79848      1280.00
      14.735     0.999316        79855      1462.86
      14.903     0.999414        79863      1706.67
      15.079     0.999512        79870      2048.00
      15.175     0.999561        79874      2275.56
      15.287     0.999609        79878      2560.00
      15.479     0.999658        79882      2925.71
      15.543     0.999707        79886      3413.33
      15.575     0.999756        79890      4096.00
      15.599     0.999780        79892      4551.11
      15.727     0.999805        79894      5120.00
      15.815     0.999829        79896      5851.43
      15.855     0.999854        79898      6826.67
      16.015     0.999878        79900      8192.00
      16.031     0.999890        79901      9102.22
      16.103     0.999902        79902     10240.00
      16.143     0.999915        79903     11702.86
      16.223     0.999927        79904     13653.33
      16.295     0.999939        79905     16384.00
      16.295     0.999945        79905     18204.44
      16.383     0.999951        79906     20480.00
      16.383     0.999957        79906     23405.71
      16.575     0.999963        79907     27306.67
      16.575     0.999969        79907     32768.00
      16.575     0.999973        79907     36408.89
      17.247     0.999976        79908     40960.00
      17.247     0.999979        79908     46811.43
      17.247     0.999982        79908     54613.33
      17.247     0.999985        79908     65536.00
      17.247     0.999986        79908     72817.78
      17.743     0.999988        79909     81920.00
      17.743     1.000000        79909          inf
#[Mean    =        1.550, StdDeviation   =        1.094]
#[Max     =       17.728, Total count    =        79909]
#[Buckets =           27, SubBuckets     =         2048]
----------------------------------------------------------
  79913 requests in 10.00s, 13.34MB read
Requests/sec:   7991.02
Transfer/sec:      1.33MB
