Running 10s test @ http://localhost
  2 threads and 10 connections
  Thread Stats   Avg      Stdev     Max   +/- Stdev
    Latency     1.67ms    1.69ms  38.82ms   95.67%
    Req/Sec       -nan      -nan   0.00      0.00%
  Latency Distribution (HdrHistogram - Recorded Latency)
 50.000%    1.40ms
 75.000%    1.92ms
 90.000%    2.52ms
 99.000%    7.91ms
 99.900%   26.19ms
 99.990%   36.16ms
 99.999%   38.78ms
100.000%   38.85ms

  Detailed Percentile spectrum:
       Value   Percentile   TotalCount 1/(1-Percentile)

       0.127     0.000000            1         1.00
       0.664     0.100000         8017         1.11
       0.874     0.200000        15984         1.25
       1.052     0.300000        23989         1.43
       1.227     0.400000        31965         1.67
       1.400     0.500000        39974         2.00
       1.491     0.550000        43981         2.22
       1.586     0.600000        47982         2.50
       1.687     0.650000        51953         2.86
       1.799     0.700000        55940         3.33
       1.923     0.750000        59948         4.00
       1.991     0.775000        61933         4.44
       2.067     0.800000        63984         5.00
       2.151     0.825000        65936         5.71
       2.249     0.850000        67942         6.67
       2.363     0.875000        69927         8.00
       2.435     0.887500        70939         8.89
       2.515     0.900000        71937        10.00
       2.613     0.912500        72924        11.43
       2.731     0.925000        73925        13.33
       2.897     0.937500        74920        16.00
       3.013     0.943750        75421        17.78
       3.159     0.950000        75915        20.00
       3.347     0.956250        76414        22.86
       3.603     0.962500        76913        26.67
       3.983     0.968750        77414        32.00
       4.279     0.971875        77665        35.56
       4.639     0.975000        77913        40.00
       5.067     0.978125        78162        45.71
       5.579     0.981250        78412        53.33
       6.215     0.984375        78661        64.00
       6.579     0.985938        78786        71.11
       7.059     0.987500        78911        80.00
       7.527     0.989062        79035        91.43
       8.223     0.990625        79162       106.67
       9.007     0.992188        79287       128.00
       9.535     0.992969        79349       142.22
      10.031     0.993750        79410       160.00
      10.599     0.994531        79472       182.86
      11.303     0.995313        79535       213.33
      12.367     0.996094        79597       256.00
      13.023     0.996484        79629       284.44
      13.815     0.996875        79662       320.00
      14.559     0.997266        79691       365.71
      16.351     0.997656        79722       426.67
      19.519     0.998047        79753       512.00
      21.263     0.998242        79769       568.89
      22.623     0.998437        79785       640.00
      23.919     0.998633        79800       731.43
      25.359     0.998828        79816       853.33
      26.319     0.999023        79832      1024.00
      26.927     0.999121        79839      1137.78
      27.279     0.999219        79847      1280.00
      27.887     0.999316        79855      1462.86
      28.559     0.999414        79863      1706.67
      29.983     0.999512        79870      2048.00
      31.055     0.999561        79874      2275.56
      31.487     0.999609        79878      2560.00
      32.095     0.999658        79882      2925.71
      33.023     0.999707        79886      3413.33
      33.983     0.999756        79890      4096.00
      34.239     0.999780        79892      4551.11
      34.719     0.999805        79894      5120.00
      35.263     0.999829        79896      5851.43
      35.679     0.999854        79899      6826.67
      36.159     0.999878        79901      8192.00
      36.159     0.999890        79901      9102.22
      36.511     0.999902        79902     10240.00
      36.767     0.999915        79903     11702.86
      36.831     0.999927        79904     13653.33
      37.215     0.999939        79905     16384.00
      37.215     0.999945        79905     18204.44
      37.471     0.999951        79906     20480.00
      37.471     0.999957        79906     23405.71
      38.111     0.999963        79907     27306.67
      38.111     0.999969        79907     32768.00
      38.111     0.999973        79907     36408.89
      38.783     0.999976        79908     40960.00
      38.783     0.999979        79908     46811.43
      38.783     0.999982        79908     54613.33
      38.783     0.999985        79908     65536.00
      38.783     0.999986        79908     72817.78
      38.847     0.999988        79909     81920.00
      38.847     1.000000        79909          inf
#[Mean    =        1.668, StdDeviation   =        1.692]
#[Max     =       38.816, Total count    =        79909]
#[Buckets =           27, SubBuckets     =         2048]
----------------------------------------------------------
  79916 requests in 10.00s, 13.34MB read
Requests/sec:   7992.01
Transfer/sec:      1.33MB
