Running 10s test @ http://localhost
  2 threads and 10 connections
  Thread Stats   Avg      Stdev     Max   +/- Stdev
    Latency     2.79ms    2.74ms  36.00ms   89.77%
    Req/Sec       -nan      -nan   0.00      0.00%
  Latency Distribution (HdrHistogram - Recorded Latency)
 50.000%    1.95ms
 75.000%    3.43ms
 90.000%    5.59ms
 99.000%   13.42ms
 99.900%   30.94ms
 99.990%   34.75ms
 99.999%   35.68ms
100.000%   36.03ms

  Detailed Percentile spectrum:
       Value   Percentile   TotalCount 1/(1-Percentile)

       0.169     0.000000            1         1.00
       0.829     0.100000         8002         1.11
       1.110     0.200000        16001         1.25
       1.361     0.300000        23975         1.43
       1.628     0.400000        31972         1.67
       1.950     0.500000        39957         2.00
       2.139     0.550000        43938         2.22
       2.373     0.600000        47951         2.50
       2.653     0.650000        51948         2.86
       3.003     0.700000        55929         3.33
       3.435     0.750000        59928         4.00
       3.677     0.775000        61918         4.44
       3.959     0.800000        63920         5.00
       4.267     0.825000        65921         5.71
       4.635     0.850000        67912         6.67
       5.063     0.875000        69912         8.00
       5.319     0.887500        70916         8.89
       5.595     0.900000        71905        10.00
       5.919     0.912500        72906        11.43
       6.319     0.925000        73902        13.33
       6.799     0.937500        74895        16.00
       7.083     0.943750        75393        17.78
       7.391     0.950000        75893        20.00
       7.759     0.956250        76390        22.86
       8.187     0.962500        76894        26.67
       8.703     0.968750        77390        32.00
       9.039     0.971875        77639        35.56
       9.415     0.975000        77892        40.00
       9.871     0.978125        78140        45.71
      10.415     0.981250        78387        53.33
      11.223     0.984375        78638        64.00
      11.727     0.985938        78762        71.11
      12.327     0.987500        78886        80.00
      12.967     0.989062        79011        91.43
      13.735     0.990625        79137       106.67
      14.703     0.992188        79260       128.00
      15.295     0.992969        79324       142.22
      16.143     0.993750        79386       160.00
      17.311     0.994531        79448       182.86
      18.303     0.995313        79510       213.33
      19.887     0.996094        79573       256.00
      20.431     0.996484        79604       284.44
      21.071     0.996875        79635       320.00
      22.175     0.997266        79666       365.71
      23.439     0.997656        79697       426.67
      24.991     0.998047        79728       512.00
      26.495     0.998242        79744       568.89
      27.935     0.998437        79760       640.00
      29.263     0.998633        79776       731.43
      30.223     0.998828        79791       853.33
      31.023     0.999023        79806      1024.00
      31.599     0.999121        79814      1137.78
      31.743     0.999219        79822      1280.00
      32.143     0.999316        79830      1462.86
      32.511     0.999414        79838      1706.67
      32.895     0.999512        79846      2048.00
      33.215     0.999561        79851      2275.56
      33.279     0.999609        79854      2560.00
      33.599     0.999658        79857      2925.71
      33.663     0.999707        79861      3413.33
      34.015     0.999756        79866      4096.00
      34.047     0.999780        79867      4551.11
      34.207     0.999805        79869      5120.00
      34.367     0.999829        79871      5851.43
      34.431     0.999854        79873      6826.67
      34.687     0.999878        79875      8192.00
      34.751     0.999890        79876      9102.22
      34.879     0.999902        79877     10240.00
      35.103     0.999915        79878     11702.86
      35.167     0.999927        79879     13653.33
      35.231     0.999939        79880     16384.00
      35.231     0.999945        79880     18204.44
      35.295     0.999951        79881     20480.00
      35.295     0.999957        79881     23405.71
      35.615     0.999963        79882     27306.67
      35.615     0.999969        79882     32768.00
      35.615     0.999973        79882     36408.89
      35.679     0.999976        79883     40960.00
      35.679     0.999979        79883     46811.43
      35.679     0.999982        79883     54613.33
      35.679     0.999985        79883     65536.00
      35.679     0.999986        79883     72817.78
      36.031     0.999988        79884     81920.00
      36.031     1.000000        79884          inf
#[Mean    =        2.794, StdDeviation   =        2.744]
#[Max     =       36.000, Total count    =        79884]
#[Buckets =           27, SubBuckets     =         2048]
----------------------------------------------------------
  79889 requests in 10.00s, 13.33MB read
Requests/sec:   7988.64
Transfer/sec:      1.33MB
