Running 10s test @ http://localhost
  2 threads and 10 connections
  Thread Stats   Avg      Stdev     Max   +/- Stdev
    Latency     1.69ms    2.05ms  48.67ms   96.77%
    Req/Sec       -nan      -nan   0.00      0.00%
  Latency Distribution (HdrHistogram - Recorded Latency)
 50.000%    1.39ms
 75.000%    1.91ms
 90.000%    2.49ms
 99.000%    9.64ms
 99.900%   29.81ms
 99.990%   46.53ms
 99.999%   48.26ms
100.000%   48.70ms

  Detailed Percentile spectrum:
       Value   Percentile   TotalCount 1/(1-Percentile)

       0.085     0.000000            1         1.00
       0.655     0.100000         8006         1.11
       0.869     0.200000        16016         1.25
       1.051     0.300000        24004         1.43
       1.220     0.400000        31994         1.67
       1.394     0.500000        39978         2.00
       1.484     0.550000        43981         2.22
       1.579     0.600000        47998         2.50
       1.679     0.650000        51973         2.86
       1.785     0.700000        55946         3.33
       1.907     0.750000        59965         4.00
       1.975     0.775000        61963         4.44
       2.051     0.800000        63974         5.00
       2.135     0.825000        65962         5.71
       2.231     0.850000        67959         6.67
       2.347     0.875000        69932         8.00
       2.415     0.887500        70939         8.89
       2.493     0.900000        71942        10.00
       2.587     0.912500        72937        11.43
       2.703     0.925000        73928        13.33
       2.853     0.937500        74924        16.00
       2.945     0.943750        75416        17.78
       3.073     0.950000        75922        20.00
       3.231     0.956250        76422        22.86
       3.457     0.962500        76916        26.67
       3.825     0.968750        77415        32.00
       4.077     0.971875        77663        35.56
       4.379     0.975000        77913        40.00
       4.827     0.978125        78162        45.71
       5.447     0.981250        78412        53.33
       6.399     0.984375        78662        64.00
       7.115     0.985938        78787        71.11
       7.843     0.987500        78912        80.00
       8.871     0.989062        79036        91.43
      10.111     0.990625        79161       106.67
      11.735     0.992188        79286       128.00
      12.431     0.992969        79349       142.22
      13.231     0.993750        79411       160.00
      13.919     0.994531        79473       182.86
      14.999     0.995313        79536       213.33
      16.495     0.996094        79598       256.00
      17.487     0.996484        79630       284.44
      18.511     0.996875        79661       320.00
      19.791     0.997266        79692       365.71
      21.215     0.997656        79723       426.67
      22.751     0.998047        79754       512.00
      23.471     0.998242        79770       568.89
      24.319     0.998437        79786       640.00
      25.103     0.998633        79801       731.43
      27.311     0.998828        79817       853.33
      30.255     0.999023        79832      1024.00
      32.351     0.999121        79840      1137.78
      34.559     0.999219        79848      1280.00
      36.671     0.999316        79856      1462.86
      37.631     0.999414        79864      1706.67
      39.167     0.999512        79871      2048.00
      40.575     0.999561        79875      2275.56
      41.855     0.999609        79879      2560.00
      42.751     0.999658        79883      2925.71
      43.519     0.999707        79887      3413.33
      44.063     0.999756        79891      4096.00
      44.191     0.999780        79893      4551.11
      44.511     0.999805        79895      5120.00
      44.831     0.999829        79898      5851.43
      45.471     0.999854        79899      6826.67
      46.207     0.999878        79901      8192.00
      46.527     0.999890        79902      9102.22
      46.815     0.999902        79903     10240.00
      47.487     0.999915        79904     11702.86
      47.519     0.999927        79905     13653.33
      47.615     0.999939        79906     16384.00
      47.615     0.999945        79906     18204.44
      47.935     0.999951        79907     20480.00
      47.935     0.999957        79907     23405.71
      48.159     0.999963        79908     27306.67
      48.159     0.999969        79908     32768.00
      48.159     0.999973        79908     36408.89
      48.255     0.999976        79909     40960.00
      48.255     0.999979        79909     46811.43
      48.255     0.999982        79909     54613.33
      48.255     0.999985        79909     65536.00
      48.255     0.999986        79909     72817.78
      48.703     0.999988        79910     81920.00
      48.703     1.000000        79910          inf
#[Mean    =        1.694, StdDeviation   =        2.049]
#[Max     =       48.672, Total count    =        79910]
#[Buckets =           27, SubBuckets     =         2048]
----------------------------------------------------------
  79912 requests in 10.00s, 13.34MB read
Requests/sec:   7991.23
Transfer/sec:      1.33MB
