Running 10s test @ http://localhost
  2 threads and 10 connections
  Thread Stats   Avg      Stdev     Max   +/- Stdev
    Latency     1.53ms    0.99ms  15.03ms   86.19%
    Req/Sec       -nan      -nan   0.00      0.00%
  Latency Distribution (HdrHistogram - Recorded Latency)
 50.000%    1.38ms
 75.000%    1.88ms
 90.000%    2.40ms
 99.000%    5.29ms
 99.900%   11.69ms
 99.990%   14.49ms
 99.999%   14.97ms
100.000%   15.04ms

  Detailed Percentile spectrum:
       Value   Percentile   TotalCount 1/(1-Percentile)

       0.116     0.000000            1         1.00
       0.656     0.100000         8030         1.11
       0.862     0.200000        15988         1.25
       1.042     0.300000        24024         1.43
       1.208     0.400000        31991         1.67
       1.381     0.500000        39982         2.00
       1.469     0.550000        43953         2.22
       1.561     0.600000        47987         2.50
       1.662     0.650000        51942         2.86
       1.769     0.700000        55952         3.33
       1.883     0.750000        59944         4.00
       1.945     0.775000        61934         4.44
       2.010     0.800000        63924         5.00
       2.087     0.825000        65969         5.71
       2.171     0.850000        67952         6.67
       2.269     0.875000        69944         8.00
       2.331     0.887500        70918         8.89
       2.399     0.900000        71941        10.00
       2.473     0.912500        72936        11.43
       2.569     0.925000        73914        13.33
       2.691     0.937500        74926        16.00
       2.767     0.943750        75420        17.78
       2.847     0.950000        75914        20.00
       2.943     0.956250        76412        22.86
       3.069     0.962500        76918        26.67
       3.241     0.968750        77408        32.00
       3.345     0.971875        77660        35.56
       3.479     0.975000        77909        40.00
       3.649     0.978125        78158        45.71
       3.899     0.981250        78407        53.33
       4.199     0.984375        78658        64.00
       4.423     0.985938        78782        71.11
       4.691     0.987500        78909        80.00
       5.031     0.989062        79032        91.43
       5.499     0.990625        79156       106.67
       5.999     0.992188        79281       128.00
       6.343     0.992969        79344       142.22
       6.635     0.993750        79406       160.00
       6.939     0.994531        79469       182.86
       7.363     0.995313        79531       213.33
       7.883     0.996094        79593       256.00
       8.231     0.996484        79625       284.44
       8.535     0.996875        79656       320.00
       8.895     0.997266        79687       365.71
       9.351     0.997656        79719       426.67
       9.855     0.998047        79749       512.00
      10.127     0.998242        79765       568.89
      10.559     0.998437        79781       640.00
      10.895     0.998633        79796       731.43
      11.383     0.998828        79812       853.33
      11.719     0.999023        79827      1024.00
      11.967     0.999121        79835      1137.78
      12.311     0.999219        79843      1280.00
      12.567     0.999316        79851      1462.86
      12.663     0.999414        79859      1706.67
      12.951     0.999512        79867      2048.00
      13.039     0.999561        79870      2275.56
      13.255     0.999609        79874      2560.00
      13.391     0.999658        79878      2925.71
      13.479     0.999707        79882      3413.33
      13.855     0.999756        79886      4096.00
      13.863     0.999780        79888      4551.11
      13.911     0.999805        79890      5120.00
      14.063     0.999829        79892      5851.43
      14.175     0.999854        79894      6826.67
      14.303     0.999878        79896      8192.00
      14.487     0.999890        79897      9102.22
      14.655     0.999902        79898     10240.00
      14.711     0.999915        79899     11702.86
      14.727     0.999927        79900     13653.33
      14.871     0.999939        79901     16384.00
      14.871     0.999945        79901     18204.44
      14.895     0.999951        79902     20480.00
      14.895     0.999957        79902     23405.71
      14.903     0.999963        79903     27306.67
      14.903     0.999969        79903     32768.00
      14.903     0.999973        79903     36408.89
      14.967     0.999976        79904     40960.00
      14.967     0.999979        79904     46811.43
      14.967     0.999982        79904     54613.33
      14.967     0.999985        79904     65536.00
      14.967     0.999986        79904     72817.78
      15.039     0.999988        79905     81920.00
      15.039     1.000000        79905          inf
#[Mean    =        1.532, StdDeviation   =        0.985]
#[Max     =       15.032, Total count    =        79905]
#[Buckets =           27, SubBuckets     =         2048]
----------------------------------------------------------
  79907 requests in 10.00s, 13.34MB read
Requests/sec:   7991.16
Transfer/sec:      1.33MB
