Running 10s test @ http://localhost
  2 threads and 10 connections
  Thread Stats   Avg      Stdev     Max   +/- Stdev
    Latency     1.58ms    1.24ms  18.74ms   93.22%
    Req/Sec       -nan      -nan   0.00      0.00%
  Latency Distribution (HdrHistogram - Recorded Latency)
 50.000%    1.39ms
 75.000%    1.90ms
 90.000%    2.45ms
 99.000%    6.57ms
 99.900%   15.03ms
 99.990%   16.96ms
 99.999%   18.21ms
100.000%   18.75ms

  Detailed Percentile spectrum:
       Value   Percentile   TotalCount 1/(1-Percentile)

       0.085     0.000000            1         1.00
       0.651     0.100000         7994         1.11
       0.862     0.200000        16018         1.25
       1.043     0.300000        24014         1.43
       1.216     0.400000        31995         1.67
       1.389     0.500000        39983         2.00
       1.479     0.550000        43955         2.22
       1.573     0.600000        47960         2.50
       1.675     0.650000        51973         2.86
       1.782     0.700000        55953         3.33
       1.900     0.750000        59962         4.00
       1.964     0.775000        61934         4.44
       2.035     0.800000        63943         5.00
       2.113     0.825000        65967         5.71
       2.205     0.850000        67961         6.67
       2.313     0.875000        69945         8.00
       2.379     0.887500        70950         8.89
       2.449     0.900000        71938        10.00
       2.531     0.912500        72938        11.43
       2.633     0.925000        73921        13.33
       2.765     0.937500        74923        16.00
       2.849     0.943750        75420        17.78
       2.947     0.950000        75923        20.00
       3.067     0.956250        76418        22.86
       3.199     0.962500        76916        26.67
       3.411     0.968750        77418        32.00
       3.563     0.971875        77666        35.56
       3.735     0.975000        77917        40.00
       3.939     0.978125        78164        45.71
       4.235     0.981250        78416        53.33
       4.715     0.984375        78665        64.00
       5.055     0.985938        78789        71.11
       5.507     0.987500        78915        80.00
       6.087     0.989062        79038        91.43
       6.879     0.990625        79164       106.67
       7.923     0.992188        79290       128.00
       8.631     0.992969        79351       142.22
       9.327     0.993750        79413       160.00
      10.031     0.994531        79476       182.86
      10.807     0.995313        79538       213.33
      11.791     0.996094        79600       256.00
      12.295     0.996484        79632       284.44
      12.743     0.996875        79663       320.00
      13.279     0.997266        79694       365.71
      13.775     0.997656        79725       426.67
      14.191     0.998047        79756       512.00
      14.351     0.998242        79773       568.89
      14.567     0.998437        79788       640.00
      14.759     0.998633        79804       731.43
      14.903     0.998828        79820       853.33
      15.071     0.999023        79835      1024.00
      15.231     0.999121        79842      1137.78
      15.359     0.999219        79850      1280.00
      15.551     0.999316        79858      1462.86
      15.647     0.999414        79866      1706.67
      15.791     0.999512        79873      2048.00
      15.871     0.999561        79878      2275.56
      15.983     0.999609        79881      2560.00
      16.039     0.999658        79885      2925.71
      16.199     0.999707        79889      3413.33
      16.279     0.999756        79893      4096.00
      16.311     0.999780        79895      4551.11
      16.383     0.999805        79897      5120.00
      16.687     0.999829        79900      5851.43
      16.751     0.999854        79901      6826.67
      16.943     0.999878        79903      8192.00
      16.959     0.999890        79904      9102.22
      16.975     0.999902        79905     10240.00
      17.119     0.999915        79906     11702.86
      17.151     0.999927        79907     13653.33
      17.167     0.999939        79908     16384.00
      17.167     0.999945        79908     18204.44
      17.663     0.999951        79909     20480.00
      17.663     0.999957        79909     23405.71
      18.047     0.999963        79910     27306.67
      18.047     0.999969        79910     32768.00
      18.047     0.999973        79910     36408.89
      18.207     0.999976        79911     40960.00
      18.207     0.999979        79911     46811.43
      18.207     0.999982        79911     54613.33
      18.207     0.999985        79911     65536.00
      18.207     0.999986        79911     72817.78
      18.751     0.999988        79912     81920.00
      18.751     1.000000        79912          inf
#[Mean    =        1.584, StdDeviation   =        1.243]
#[Max     =       18.736, Total count    =        79912]
#[Buckets =           27, SubBuckets     =         2048]
----------------------------------------------------------
  79914 requests in 10.00s, 13.34MB read
Requests/sec:   7990.58
Transfer/sec:      1.33MB
