Running 10s test @ http://localhost
  2 threads and 10 connections
  Thread Stats   Avg      Stdev     Max   +/- Stdev
    Latency     3.62ms    5.05ms  58.72ms   92.79%
    Req/Sec       -nan      -nan   0.00      0.00%
  Latency Distribution (HdrHistogram - Recorded Latency)
 50.000%    2.07ms
 75.000%    3.91ms
 90.000%    7.07ms
 99.000%   29.26ms
 99.900%   48.29ms
 99.990%   55.20ms
 99.999%   58.05ms
100.000%   58.75ms

  Detailed Percentile spectrum:
       Value   Percentile   TotalCount 1/(1-Percentile)

       0.142     0.000000            1         1.00
       0.842     0.100000         7995         1.11
       1.138     0.200000        15989         1.25
       1.418     0.300000        23985         1.43
       1.720     0.400000        31973         1.67
       2.071     0.500000        39974         2.00
       2.289     0.550000        43951         2.22
       2.569     0.600000        47952         2.50
       2.919     0.650000        51951         2.86
       3.367     0.700000        55944         3.33
       3.913     0.750000        59934         4.00
       4.239     0.775000        61944         4.44
       4.607     0.800000        63934         5.00
       5.039     0.825000        65929         5.71
       5.559     0.850000        67934         6.67
       6.191     0.875000        69925         8.00
       6.583     0.887500        70928         8.89
       7.067     0.900000        71919        10.00
       7.679     0.912500        72919        11.43
       8.479     0.925000        73922        13.33
       9.519     0.937500        74915        16.00
      10.183     0.943750        75417        17.78
      10.967     0.950000        75914        20.00
      12.063     0.956250        76413        22.86
      13.495     0.962500        76913        26.67
      15.423     0.968750        77414        32.00
      16.639     0.971875        77662        35.56
      18.207     0.975000        77912        40.00
      19.775     0.978125        78164        45.71
      21.343     0.981250        78411        53.33
      23.375     0.984375        78661        64.00
      24.863     0.985938        78786        71.11
      26.527     0.987500        78911        80.00
      28.095     0.989062        79035        91.43
      30.031     0.990625        79160       106.67
      32.271     0.992188        79285       128.00
      33.631     0.992969        79349       142.22
      34.879     0.993750        79410       160.00
      36.031     0.994531        79473       182.86
      37.535     0.995313        79535       213.33
      38.975     0.996094        79597       256.00
      39.775     0.996484        79630       284.44
      40.575     0.996875        79660       320.00
      41.247     0.997266        79695       365.71
      42.175     0.997656        79722       426.67
      43.583     0.998047        79753       512.00
      44.703     0.998242        79769       568.89
      45.535     0.998437        79785       640.00
      46.303     0.998633        79800       731.43
      47.135     0.998828        79816       853.33
      48.383     0.999023        79831      1024.00
      48.927     0.999121        79839      1137.78
      49.727     0.999219        79848      1280.00
      50.207     0.999316        79855      1462.86
      50.879     0.999414        79864      1706.67
      51.231     0.999512        79870      2048.00
      51.583     0.999561        79874      2275.56
      51.775     0.999609        79878      2560.00
      52.447     0.999658        79882      2925.71
      52.863     0.999707        79886      3413.33
      53.343     0.999756        79890      4096.00
      53.727     0.999780        79892      4551.11
      54.111     0.999805        79895      5120.00
      54.143     0.999829        79896      5851.43
      54.719     0.999854        79898      6826.67
      54.911     0.999878        79900      8192.00
      55.199     0.999890        79901      9102.22
      55.231     0.999902        79902     10240.00
      55.487     0.999915        79903     11702.86
      55.583     0.999927        79904     13653.33
      56.031     0.999939        79905     16384.00
      56.031     0.999945        79905     18204.44
      56.767     0.999951        79906     20480.00
      56.767     0.999957        79906     23405.71
      57.247     0.999963        79907     27306.67
      57.247     0.999969        79907     32768.00
      57.247     0.999973        79907     36408.89
      58.047     0.999976        79908     40960.00
      58.047     0.999979        79908     46811.43
      58.047     0.999982        79908     54613.33
      58.047     0.999985        79908     65536.00
      58.047     0.999986        79908     72817.78
      58.751     0.999988        79909     81920.00
      58.751     1.000000        79909          inf
#[Mean    =        3.619, StdDeviation   =        5.055]
#[Max     =       58.720, Total count    =        79909]
#[Buckets =           27, SubBuckets     =         2048]
----------------------------------------------------------
  79915 requests in 10.00s, 13.34MB read
Requests/sec:   7990.71
Transfer/sec:      1.33MB
