Running 10s test @ http://localhost
  2 threads and 10 connections
  Thread Stats   Avg      Stdev     Max   +/- Stdev
    Latency     1.61ms    1.25ms  17.12ms   92.60%
    Req/Sec       -nan      -nan   0.00      0.00%
  Latency Distribution (HdrHistogram - Recorded Latency)
 50.000%    1.39ms
 75.000%    1.91ms
 90.000%    2.49ms
 99.000%    7.61ms
 99.900%   14.18ms
 99.990%   16.01ms
 99.999%   16.61ms
100.000%   17.14ms

  Detailed Percentile spectrum:
       Value   Percentile   TotalCount 1/(1-Percentile)

       0.128     0.000000            1         1.00
       0.659     0.100000         8028         1.11
       0.869     0.200000        16014         1.25
       1.047     0.300000        23986         1.43
       1.217     0.400000        31986         1.67
       1.394     0.500000        39987         2.00
       1.484     0.550000        43977         2.22
       1.579     0.600000        47951         2.50
       1.677     0.650000        51943         2.86
       1.788     0.700000        55967         3.33
       1.906     0.750000        59947         4.00
       1.972     0.775000        61947         4.44
       2.049     0.800000        63931         5.00
       2.133     0.825000        65933         5.71
       2.233     0.850000        67949         6.67
       2.345     0.875000        69925         8.00
       2.413     0.887500        70939         8.89
       2.491     0.900000        71943        10.00
       2.583     0.912500        72922        11.43
       2.699     0.925000        73920        13.33
       2.849     0.937500        74914        16.00
       2.941     0.943750        75415        17.78
       3.057     0.950000        75910        20.00
       3.189     0.956250        76419        22.86
       3.377     0.962500        76911        26.67
       3.637     0.968750        77410        32.00
       3.799     0.971875        77657        35.56
       4.013     0.975000        77909        40.00
       4.363     0.978125        78157        45.71
       4.883     0.981250        78406        53.33
       5.587     0.984375        78657        64.00
       6.115     0.985938        78782        71.11
       6.651     0.987500        78907        80.00
       7.271     0.989062        79031        91.43
       7.895     0.990625        79157       106.67
       8.439     0.992188        79280       128.00
       8.759     0.992969        79345       142.22
       9.119     0.993750        79405       160.00
       9.567     0.994531        79468       182.86
      10.127     0.995313        79530       213.33
      10.775     0.996094        79592       256.00
      11.199     0.996484        79624       284.44
      11.615     0.996875        79657       320.00
      12.007     0.997266        79686       365.71
      12.399     0.997656        79717       426.67
      12.879     0.998047        79748       512.00
      13.119     0.998242        79765       568.89
      13.311     0.998437        79780       640.00
      13.583     0.998633        79795       731.43
      13.863     0.998828        79811       853.33
      14.207     0.999023        79826      1024.00
      14.351     0.999121        79835      1137.78
      14.439     0.999219        79842      1280.00
      14.639     0.999316        79850      1462.86
      14.815     0.999414        79858      1706.67
      14.975     0.999512        79865      2048.00
      15.071     0.999561        79869      2275.56
      15.215     0.999609        79873      2560.00
      15.359     0.999658        79877      2925.71
      15.439     0.999707        79881      3413.33
      15.599     0.999756        79886      4096.00
      15.623     0.999780        79887      4551.11
      15.695     0.999805        79889      5120.00
      15.863     0.999829        79891      5851.43
      15.967     0.999854        79893      6826.67
      15.999     0.999878        79895      8192.00
      16.007     0.999890        79896      9102.22
      16.143     0.999902        79897     10240.00
      16.295     0.999915        79898     11702.86
      16.495     0.999927        79899     13653.33
      16.527     0.999939        79900     16384.00
      16.527     0.999945        79900     18204.44
      16.591     0.999951        79901     20480.00
      16.591     0.999957        79901     23405.71
      16.607     0.999963        79903     27306.67
      16.607     0.999969        79903     32768.00
      16.607     0.999973        79903     36408.89
      16.607     0.999976        79903     40960.00
      16.607     0.999979        79903     46811.43
      16.607     0.999982        79903     54613.33
      16.607     0.999985        79903     65536.00
      16.607     0.999986        79903     72817.78
      17.135     0.999988        79904     81920.00
      17.135     1.000000        79904          inf
#[Mean    =        1.606, StdDeviation   =        1.245]
#[Max     =       17.120, Total count    =        79904]
#[Buckets =           27, SubBuckets     =         2048]
----------------------------------------------------------
  79906 requests in 10.00s, 13.34MB read
Requests/sec:   7990.05
Transfer/sec:      1.33MB
