Running 10s test @ http://localhost
  2 threads and 10 connections
  Thread Stats   Avg      Stdev     Max   +/- Stdev
    Latency     1.49ms    1.11ms  21.09ms   92.68%
    Req/Sec       -nan      -nan   0.00      0.00%
  Latency Distribution (HdrHistogram - Recorded Latency)
 50.000%    1.34ms
 75.000%    1.81ms
 90.000%    2.28ms
 99.000%    5.70ms
 99.900%   13.90ms
 99.990%   17.28ms
 99.999%   20.69ms
100.000%   21.10ms

  Detailed Percentile spectrum:
       Value   Percentile   TotalCount 1/(1-Percentile)

       0.101     0.000000            1         1.00
       0.634     0.100000         8005         1.11
       0.840     0.200000        16001         1.25
       1.015     0.300000        23987         1.43
       1.179     0.400000        31977         1.67
       1.340     0.500000        40000         2.00
       1.423     0.550000        43990         2.22
       1.508     0.600000        47962         2.50
       1.599     0.650000        51945         2.86
       1.696     0.700000        55942         3.33
       1.807     0.750000        59959         4.00
       1.867     0.775000        61936         4.44
       1.932     0.800000        63952         5.00
       2.003     0.825000        65932         5.71
       2.081     0.850000        67926         6.67
       2.175     0.875000        69951         8.00
       2.223     0.887500        70923         8.89
       2.281     0.900000        71935        10.00
       2.345     0.912500        72931        11.43
       2.421     0.925000        73932        13.33
       2.513     0.937500        74916        16.00
       2.569     0.943750        75423        17.78
       2.629     0.950000        75927        20.00
       2.707     0.956250        76420        22.86
       2.801     0.962500        76919        26.67
       2.925     0.968750        77414        32.00
       3.011     0.971875        77661        35.56
       3.109     0.975000        77913        40.00
       3.247     0.978125        78161        45.71
       3.469     0.981250        78412        53.33
       3.827     0.984375        78660        64.00
       4.143     0.985938        78786        71.11
       4.587     0.987500        78910        80.00
       5.187     0.989062        79035        91.43
       6.051     0.990625        79159       106.67
       7.095     0.992188        79287       128.00
       7.691     0.992969        79348       142.22
       8.343     0.993750        79411       160.00
       8.935     0.994531        79473       182.86
       9.655     0.995313        79535       213.33
      10.439     0.996094        79596       256.00
      10.887     0.996484        79628       284.44
      11.279     0.996875        79659       320.00
      11.743     0.997266        79690       365.71
      12.159     0.997656        79722       426.67
      12.559     0.998047        79753       512.00
      12.783     0.998242        79768       568.89
      13.103     0.998437        79785       640.00
      13.279     0.998633        79799       731.43
      13.663     0.998828        79815       853.33
      14.023     0.999023        79830      1024.00
      14.351     0.999121        79838      1137.78
      14.615     0.999219        79847      1280.00
      14.911     0.999316        79854      1462.86
      15.207     0.999414        79862      1706.67
      15.559     0.999512        79869      2048.00
      15.839     0.999561        79873      2275.56
      15.983     0.999609        79878      2560.00
      16.023     0.999658        79881      2925.71
      16.223     0.999707        79885      3413.33
      16.463     0.999756        79889      4096.00
      16.607     0.999780        79891      4551.11
      16.671     0.999805        79895      5120.00
      16.671     0.999829        79895      5851.43
      16.783     0.999854        79897      6826.67
      17.103     0.999878        79899      8192.00
      17.279     0.999890        79900      9102.22
      17.295     0.999902        79901     10240.00
      17.423     0.999915        79902     11702.86
      17.983     0.999927        79903     13653.33
      18.607     0.999939        79904     16384.00
      18.607     0.999945        79904     18204.44
      19.567     0.999951        79905     20480.00
      19.567     0.999957        79905     23405.71
      20.431     0.999963        79906     27306.67
      20.431     0.999969        79906     32768.00
      20.431     0.999973        79906     36408.89
      20.687     0.999976        79907     40960.00
      20.687     0.999979        79907     46811.43
      20.687     0.999982        79907     54613.33
      20.687     0.999985        79907     65536.00
      20.687     0.999986        79907     72817.78
      21.103     0.999988        79908     81920.00
      21.103     1.000000        79908          inf
#[Mean    =        1.491, StdDeviation   =        1.110]
#[Max     =       21.088, Total count    =        79908]
#[Buckets =           27, SubBuckets     =         2048]
----------------------------------------------------------
  79910 requests in 10.00s, 13.34MB read
Requests/sec:   7991.38
Transfer/sec:      1.33MB
