Running 10s test @ http://localhost
  2 threads and 10 connections
  Thread Stats   Avg      Stdev     Max   +/- Stdev
    Latency     2.43ms    2.23ms  32.22ms   89.20%
    Req/Sec       -nan      -nan   0.00      0.00%
  Latency Distribution (HdrHistogram - Recorded Latency)
 50.000%    1.79ms
 75.000%    2.91ms
 90.000%    4.82ms
 99.000%   10.98ms
 99.900%   22.96ms
 99.990%   30.08ms
 99.999%   31.66ms
100.000%   32.24ms

  Detailed Percentile spectrum:
       Value   Percentile   TotalCount 1/(1-Percentile)

       0.113     0.000000            1         1.00
       0.770     0.100000         8008         1.11
       1.038     0.200000        16001         1.25
       1.279     0.300000        23985         1.43
       1.524     0.400000        31965         1.67
       1.790     0.500000        39965         2.00
       1.941     0.550000        43945         2.22
       2.109     0.600000        47985         2.50
       2.311     0.650000        51942         2.86
       2.575     0.700000        55937         3.33
       2.913     0.750000        59942         4.00
       3.123     0.775000        61925         4.44
       3.359     0.800000        63924         5.00
       3.643     0.825000        65920         5.71
       3.975     0.850000        67917         6.67
       4.343     0.875000        69918         8.00
       4.579     0.887500        70908         8.89
       4.823     0.900000        71917        10.00
       5.091     0.912500        72915        11.43
       5.403     0.925000        73915        13.33
       5.779     0.937500        74906        16.00
       5.983     0.943750        75406        17.78
       6.227     0.950000        75904        20.00
       6.531     0.956250        76402        22.86
       6.883     0.962500        76901        26.67
       7.315     0.968750        77399        32.00
       7.603     0.971875        77653        35.56
       7.955     0.975000        77897        40.00
       8.359     0.978125        78150        45.71
       8.887     0.981250        78397        53.33
       9.455     0.984375        78646        64.00
       9.799     0.985938        78773        71.11
      10.167     0.987500        78896        80.00
      10.631     0.989062        79022        91.43
      11.279     0.990625        79146       106.67
      12.271     0.992188        79271       128.00
      12.911     0.992969        79333       142.22
      13.511     0.993750        79396       160.00
      14.239     0.994531        79459       182.86
      14.911     0.995313        79520       213.33
      15.887     0.996094        79583       256.00
      16.327     0.996484        79614       284.44
      16.943     0.996875        79646       320.00
      17.631     0.997266        79677       365.71
      18.223     0.997656        79707       426.67
      19.183     0.998047        79738       512.00
      19.807     0.998242        79754       568.89
      20.671     0.998437        79770       640.00
      21.423     0.998633        79786       731.43
      22.223     0.998828        79801       853.33
      23.039     0.999023        79816      1024.00
      23.791     0.999121        79824      1137.78
      24.335     0.999219        79832      1280.00
      24.959     0.999316        79840      1462.86
      25.695     0.999414        79848      1706.67
      26.319     0.999512        79855      2048.00
      26.447     0.999561        79859      2275.56
      26.975     0.999609        79863      2560.00
      27.455     0.999658        79867      2925.71
      27.695     0.999707        79871      3413.33
      28.559     0.999756        79875      4096.00
      28.607     0.999780        79877      4551.11
      28.847     0.999805        79879      5120.00
      29.375     0.999829        79881      5851.43
      29.487     0.999854        79883      6826.67
      30.063     0.999878        79885      8192.00
      30.079     0.999890        79886      9102.22
      30.111     0.999902        79887     10240.00
      30.687     0.999915        79888     11702.86
      30.879     0.999927        79889     13653.33
      30.959     0.999939        79890     16384.00
      30.959     0.999945        79890     18204.44
      31.023     0.999951        79891     20480.00
      31.023     0.999957        79891     23405.71
      31.199     0.999963        79892     27306.67
      31.199     0.999969        79892     32768.00
      31.199     0.999973        79892     36408.89
      31.663     0.999976        79893     40960.00
      31.663     0.999979        79893     46811.43
      31.663     0.999982        79893     54613.33
      31.663     0.999985        79893     65536.00
      31.663     0.999986        79893     72817.78
      32.239     0.999988        79894     81920.00
      32.239     1.000000        79894          inf
#[Mean    =        2.435, StdDeviation   =        2.227]
#[Max     =       32.224, Total count    =        79894]
#[Buckets =           27, SubBuckets     =         2048]
----------------------------------------------------------
  79904 requests in 10.00s, 13.34MB read
Requests/sec:   7990.24
Transfer/sec:      1.33MB
