Running 10s test @ http://localhost
  2 threads and 10 connections
  Thread Stats   Avg      Stdev     Max   +/- Stdev
    Latency     1.56ms    1.07ms  21.55ms   88.46%
    Req/Sec       -nan      -nan   0.00      0.00%
  Latency Distribution (HdrHistogram - Recorded Latency)
 50.000%    1.38ms
 75.000%    1.89ms
 90.000%    2.46ms
 99.000%    5.75ms
 99.900%   13.34ms
 99.990%   18.66ms
 99.999%   20.64ms
100.000%   21.57ms

  Detailed Percentile spectrum:
       Value   Percentile   TotalCount 1/(1-Percentile)

       0.105     0.000000            1         1.00
       0.663     0.100000         8026         1.11
       0.866     0.200000        16012         1.25
       1.044     0.300000        24012         1.43
       1.213     0.400000        32005         1.67
       1.385     0.500000        39991         2.00
       1.473     0.550000        43988         2.22
       1.564     0.600000        47950         2.50
       1.665     0.650000        51953         2.86
       1.773     0.700000        55954         3.33
       1.892     0.750000        59954         4.00
       1.959     0.775000        61937         4.44
       2.034     0.800000        63935         5.00
       2.115     0.825000        65949         5.71
       2.211     0.850000        67953         6.67
       2.321     0.875000        69942         8.00
       2.387     0.887500        70937         8.89
       2.461     0.900000        71926        10.00
       2.547     0.912500        72930        11.43
       2.649     0.925000        73939        13.33
       2.791     0.937500        74922        16.00
       2.873     0.943750        75419        17.78
       2.979     0.950000        75924        20.00
       3.105     0.956250        76416        22.86
       3.263     0.962500        76918        26.67
       3.469     0.968750        77416        32.00
       3.617     0.971875        77667        35.56
       3.791     0.975000        77916        40.00
       4.003     0.978125        78164        45.71
       4.303     0.981250        78419        53.33
       4.727     0.984375        78666        64.00
       4.995     0.985938        78791        71.11
       5.267     0.987500        78915        80.00
       5.543     0.989062        79039        91.43
       5.867     0.990625        79163       106.67
       6.295     0.992188        79289       128.00
       6.523     0.992969        79351       142.22
       6.851     0.993750        79413       160.00
       7.175     0.994531        79475       182.86
       7.603     0.995313        79538       213.33
       8.035     0.996094        79600       256.00
       8.383     0.996484        79632       284.44
       8.655     0.996875        79664       320.00
       9.007     0.997266        79694       365.71
       9.591     0.997656        79725       426.67
      10.487     0.998047        79756       512.00
      10.791     0.998242        79772       568.89
      11.495     0.998437        79789       640.00
      11.983     0.998633        79803       731.43
      12.743     0.998828        79820       853.33
      13.439     0.999023        79834      1024.00
      13.671     0.999121        79842      1137.78
      14.167     0.999219        79850      1280.00
      14.407     0.999316        79858      1462.86
      14.727     0.999414        79866      1706.67
      15.079     0.999512        79873      2048.00
      15.119     0.999561        79878      2275.56
      15.175     0.999609        79881      2560.00
      15.263     0.999658        79885      2925.71
      15.351     0.999707        79889      3413.33
      15.543     0.999756        79893      4096.00
      16.087     0.999780        79895      4551.11
      16.183     0.999805        79897      5120.00
      16.319     0.999829        79899      5851.43
      17.055     0.999854        79901      6826.67
      17.743     0.999878        79903      8192.00
      18.655     0.999890        79904      9102.22
      19.119     0.999902        79905     10240.00
      19.167     0.999915        79906     11702.86
      19.519     0.999927        79908     13653.33
      19.519     0.999939        79908     16384.00
      19.519     0.999945        79908     18204.44
      19.791     0.999951        79910     20480.00
      19.791     0.999957        79910     23405.71
      19.791     0.999963        79910     27306.67
      19.791     0.999969        79910     32768.00
      19.791     0.999973        79910     36408.89
      20.639     0.999976        79911     40960.00
      20.639     0.999979        79911     46811.43
      20.639     0.999982        79911     54613.33
      20.639     0.999985        79911     65536.00
      20.639     0.999986        79911     72817.78
      21.567     0.999988        79912     81920.00
      21.567     1.000000        79912          inf
#[Mean    =        1.562, StdDeviation   =        1.068]
#[Max     =       21.552, Total count    =        79912]
#[Buckets =           27, SubBuckets     =         2048]
----------------------------------------------------------
  79915 requests in 10.00s, 13.34MB read
Requests/sec:   7991.17
Transfer/sec:      1.33MB
