Running 10s test @ http://localhost
  2 threads and 10 connections
  Thread Stats   Avg      Stdev     Max   +/- Stdev
    Latency     2.91ms    3.17ms  37.89ms   90.93%
    Req/Sec       -nan      -nan   0.00      0.00%
  Latency Distribution (HdrHistogram - Recorded Latency)
 50.000%    1.90ms
 75.000%    3.41ms
 90.000%    5.80ms
 99.000%   17.14ms
 99.900%   29.74ms
 99.990%   36.32ms
 99.999%   37.63ms
100.000%   37.92ms

  Detailed Percentile spectrum:
       Value   Percentile   TotalCount 1/(1-Percentile)

       0.149     0.000000            1         1.00
       0.797     0.100000         7991         1.11
       1.070     0.200000        15995         1.25
       1.332     0.300000        23971         1.43
       1.601     0.400000        31968         1.67
       1.903     0.500000        39971         2.00
       2.085     0.550000        43957         2.22
       2.307     0.600000        47945         2.50
       2.585     0.650000        51937         2.86
       2.955     0.700000        55939         3.33
       3.411     0.750000        59931         4.00
       3.685     0.775000        61924         4.44
       3.983     0.800000        63920         5.00
       4.327     0.825000        65925         5.71
       4.723     0.850000        67932         6.67
       5.199     0.875000        69913         8.00
       5.471     0.887500        70921         8.89
       5.799     0.900000        71910        10.00
       6.187     0.912500        72909        11.43
       6.687     0.925000        73918        13.33
       7.339     0.937500        74908        16.00
       7.763     0.943750        75410        17.78
       8.287     0.950000        75912        20.00
       8.903     0.956250        76406        22.86
       9.775     0.962500        76908        26.67
      10.791     0.968750        77407        32.00
      11.391     0.971875        77652        35.56
      12.079     0.975000        77905        40.00
      12.863     0.978125        78152        45.71
      13.703     0.981250        78402        53.33
      14.671     0.984375        78651        64.00
      15.215     0.985938        78776        71.11
      15.815     0.987500        78903        80.00
      16.591     0.989062        79027        91.43
      17.503     0.990625        79151       106.67
      18.671     0.992188        79276       128.00
      19.327     0.992969        79338       142.22
      19.855     0.993750        79401       160.00
      20.463     0.994531        79467       182.86
      21.023     0.995313        79527       213.33
      21.919     0.996094        79589       256.00
      22.383     0.996484        79619       284.44
      23.359     0.996875        79650       320.00
      24.319     0.997266        79683       365.71
      25.487     0.997656        79712       426.67
      26.639     0.998047        79744       512.00
      27.055     0.998242        79761       568.89
      27.679     0.998437        79775       640.00
      28.463     0.998633        79790       731.43
      29.119     0.998828        79807       853.33
      29.951     0.999023        79822      1024.00
      30.287     0.999121        79829      1137.78
      30.863     0.999219        79837      1280.00
      31.871     0.999316        79845      1462.86
      32.623     0.999414        79853      1706.67
      32.991     0.999512        79860      2048.00
      33.183     0.999561        79864      2275.56
      33.375     0.999609        79869      2560.00
      33.535     0.999658        79872      2925.71
      33.791     0.999707        79876      3413.33
      34.079     0.999756        79881      4096.00
      34.111     0.999780        79882      4551.11
      34.783     0.999805        79884      5120.00
      35.583     0.999829        79886      5851.43
      36.063     0.999854        79888      6826.67
      36.255     0.999878        79890      8192.00
      36.319     0.999890        79891      9102.22
      36.351     0.999902        79892     10240.00
      36.383     0.999915        79893     11702.86
      36.415     0.999927        79894     13653.33
      36.671     0.999939        79895     16384.00
      36.671     0.999945        79895     18204.44
      36.703     0.999951        79896     20480.00
      36.703     0.999957        79896     23405.71
      37.151     0.999963        79897     27306.67
      37.151     0.999969        79897     32768.00
      37.151     0.999973        79897     36408.89
      37.631     0.999976        79898     40960.00
      37.631     0.999979        79898     46811.43
      37.631     0.999982        79898     54613.33
      37.631     0.999985        79898     65536.00
      37.631     0.999986        79898     72817.78
      37.919     0.999988        79899     81920.00
      37.919     1.000000        79899          inf
#[Mean    =        2.911, StdDeviation   =        3.174]
#[Max     =       37.888, Total count    =        79899]
#[Buckets =           27, SubBuckets     =         2048]
----------------------------------------------------------
  79908 requests in 10.00s, 13.34MB read
Requests/sec:   7989.05
Transfer/sec:      1.33MB
