Running 10s test @ http://localhost
  2 threads and 10 connections
  Thread Stats   Avg      Stdev     Max   +/- Stdev
    Latency     1.59ms    1.16ms  19.28ms   91.13%
    Req/Sec       -nan      -nan   0.00      0.00%
  Latency Distribution (HdrHistogram - Recorded Latency)
 50.000%    1.40ms
 75.000%    1.92ms
 90.000%    2.47ms
 99.000%    6.80ms
 99.900%   12.60ms
 99.990%   16.13ms
 99.999%   18.78ms
100.000%   19.30ms

  Detailed Percentile spectrum:
       Value   Percentile   TotalCount 1/(1-Percentile)

       0.092     0.000000            1         1.00
       0.662     0.100000         8024         1.11
       0.868     0.200000        16003         1.25
       1.048     0.300000        24020         1.43
       1.224     0.400000        31974         1.67
       1.401     0.500000        39984         2.00
       1.493     0.550000        43976         2.22
       1.587     0.600000        47954         2.50
       1.691     0.650000        51957         2.86
       1.799     0.700000        55957         3.33
       1.918     0.750000        59943         4.00
       1.984     0.775000        61945         4.44
       2.057     0.800000        63958         5.00
       2.135     0.825000        65954         5.71
       2.223     0.850000        67936         6.67
       2.329     0.875000        69943         8.00
       2.393     0.887500        70921         8.89
       2.471     0.900000        71945        10.00
       2.555     0.912500        72925        11.43
       2.663     0.925000        73918        13.33
       2.795     0.937500        74915        16.00
       2.881     0.943750        75423        17.78
       2.981     0.950000        75914        20.00
       3.093     0.956250        76414        22.86
       3.253     0.962500        76919        26.67
       3.479     0.968750        77413        32.00
       3.639     0.971875        77662        35.56
       3.831     0.975000        77912        40.00
       4.119     0.978125        78162        45.71
       4.519     0.981250        78411        53.33
       5.079     0.984375        78662        64.00
       5.419     0.985938        78786        71.11
       5.923     0.987500        78911        80.00
       6.439     0.989062        79036        91.43
       7.051     0.990625        79161       106.67
       7.807     0.992188        79287       128.00
       8.231     0.992969        79349       142.22
       8.727     0.993750        79410       160.00
       9.199     0.994531        79474       182.86
       9.655     0.995313        79535       213.33
      10.103     0.996094        79597       256.00
      10.391     0.996484        79629       284.44
      10.703     0.996875        79660       320.00
      10.959     0.997266        79692       365.71
      11.303     0.997656        79722       426.67
      11.639     0.998047        79753       512.00
      11.799     0.998242        79769       568.89
      12.063     0.998437        79785       640.00
      12.255     0.998633        79800       731.43
      12.415     0.998828        79816       853.33
      12.711     0.999023        79831      1024.00
      12.943     0.999121        79839      1137.78
      13.103     0.999219        79847      1280.00
      13.271     0.999316        79855      1462.86
      13.695     0.999414        79863      1706.67
      13.999     0.999512        79870      2048.00
      14.247     0.999561        79874      2275.56
      14.583     0.999609        79878      2560.00
      14.735     0.999658        79882      2925.71
      14.895     0.999707        79886      3413.33
      15.335     0.999756        79890      4096.00
      15.615     0.999780        79892      4551.11
      15.663     0.999805        79894      5120.00
      15.975     0.999829        79896      5851.43
      16.079     0.999854        79898      6826.67
      16.111     0.999878        79900      8192.00
      16.127     0.999890        79901      9102.22
      16.151     0.999902        79902     10240.00
      16.295     0.999915        79903     11702.86
      16.575     0.999927        79904     13653.33
      16.703     0.999939        79905     16384.00
      16.703     0.999945        79905     18204.44
      17.519     0.999951        79906     20480.00
      17.519     0.999957        79906     23405.71
      17.967     0.999963        79907     27306.67
      17.967     0.999969        79907     32768.00
      17.967     0.999973        79907     36408.89
      18.783     0.999976        79908     40960.00
      18.783     0.999979        79908     46811.43
      18.783     0.999982        79908     54613.33
      18.783     0.999985        79908     65536.00
      18.783     0.999986        79908     72817.78
      19.295     0.999988        79909     81920.00
      19.295     1.000000        79909          inf
#[Mean    =        1.591, StdDeviation   =        1.160]
#[Max     =       19.280, Total count    =        79909]
#[Buckets =           27, SubBuckets     =         2048]
----------------------------------------------------------
  79911 requests in 10.00s, 13.34MB read
Requests/sec:   7991.24
Transfer/sec:      1.33MB
