Running 10s test @ http://localhost
  2 threads and 10 connections
  Thread Stats   Avg      Stdev     Max   +/- Stdev
    Latency     1.62ms    1.55ms  27.65ms   96.08%
    Req/Sec       -nan      -nan   0.00      0.00%
  Latency Distribution (HdrHistogram - Recorded Latency)
 50.000%    1.38ms
 75.000%    1.88ms
 90.000%    2.42ms
 99.000%    7.90ms
 99.900%   20.40ms
 99.990%   24.91ms
 99.999%   27.25ms
100.000%   27.66ms

  Detailed Percentile spectrum:
       Value   Percentile   TotalCount 1/(1-Percentile)

       0.111     0.000000            1         1.00
       0.649     0.100000         8002         1.11
       0.857     0.200000        16012         1.25
       1.037     0.300000        24005         1.43
       1.207     0.400000        31968         1.67
       1.378     0.500000        39973         2.00
       1.467     0.550000        43978         2.22
       1.560     0.600000        47970         2.50
       1.658     0.650000        51950         2.86
       1.766     0.700000        55975         3.33
       1.882     0.750000        59973         4.00
       1.945     0.775000        61953         4.44
       2.013     0.800000        63933         5.00
       2.091     0.825000        65946         5.71
       2.179     0.850000        67934         6.67
       2.283     0.875000        69941         8.00
       2.347     0.887500        70944         8.89
       2.419     0.900000        71939        10.00
       2.501     0.912500        72928        11.43
       2.605     0.925000        73930        13.33
       2.735     0.937500        74919        16.00
       2.821     0.943750        75428        17.78
       2.925     0.950000        75918        20.00
       3.051     0.956250        76423        22.86
       3.221     0.962500        76924        26.67
       3.481     0.968750        77420        32.00
       3.689     0.971875        77671        35.56
       3.937     0.975000        77917        40.00
       4.291     0.978125        78168        45.71
       4.819     0.981250        78416        53.33
       5.559     0.984375        78665        64.00
       6.007     0.985938        78790        71.11
       6.571     0.987500        78915        80.00
       7.303     0.989062        79039        91.43
       8.471     0.990625        79164       106.67
      10.095     0.992188        79289       128.00
      10.999     0.992969        79352       142.22
      11.959     0.993750        79414       160.00
      12.783     0.994531        79476       182.86
      13.599     0.995313        79540       213.33
      14.527     0.996094        79601       256.00
      15.095     0.996484        79633       284.44
      15.831     0.996875        79664       320.00
      16.335     0.997266        79695       365.71
      17.023     0.997656        79726       426.67
      17.791     0.998047        79757       512.00
      18.079     0.998242        79773       568.89
      18.543     0.998437        79789       640.00
      18.895     0.998633        79804       731.43
      19.535     0.998828        79820       853.33
      20.511     0.999023        79835      1024.00
      20.975     0.999121        79843      1137.78
      21.343     0.999219        79851      1280.00
      21.775     0.999316        79859      1462.86
      22.175     0.999414        79867      1706.67
      22.543     0.999512        79874      2048.00
      23.023     0.999561        79878      2275.56
      23.151     0.999609        79882      2560.00
      23.423     0.999658        79886      2925.71
      23.567     0.999707        79890      3413.33
      23.695     0.999756        79894      4096.00
      23.839     0.999780        79896      4551.11
      23.919     0.999805        79898      5120.00
      24.159     0.999829        79900      5851.43
      24.319     0.999854        79902      6826.67
      24.687     0.999878        79904      8192.00
      24.911     0.999890        79905      9102.22
      25.231     0.999902        79906     10240.00
      25.391     0.999915        79907     11702.86
      25.439     0.999927        79908     13653.33
      25.791     0.999939        79909     16384.00
      25.791     0.999945        79909     18204.44
      26.079     0.999951        79910     20480.00
      26.079     0.999957        79910     23405.71
      26.799     0.999963        79911     27306.67
      26.799     0.999969        79911     32768.00
      26.799     0.999973        79911     36408.89
      27.247     0.999976        79912     40960.00
      27.247     0.999979        79912     46811.43
      27.247     0.999982        79912     54613.33
      27.247     0.999985        79912     65536.00
      27.247     0.999986        79912     72817.78
      27.663     0.999988        79913     81920.00
      27.663     1.000000        79913          inf
#[Mean    =        1.615, StdDeviation   =        1.546]
#[Max     =       27.648, Total count    =        79913]
#[Buckets =           27, SubBuckets     =         2048]
----------------------------------------------------------
  79916 requests in 10.00s, 13.34MB read
Requests/sec:   7991.31
Transfer/sec:      1.33MB
