Running 10s test @ http://localhost
  2 threads and 10 connections
  Thread Stats   Avg      Stdev     Max   +/- Stdev
    Latency     1.54ms    1.25ms  30.21ms   94.60%
    Req/Sec       -nan      -nan   0.00      0.00%
  Latency Distribution (HdrHistogram - Recorded Latency)
 50.000%    1.36ms
 75.000%    1.83ms
 90.000%    2.34ms
 99.000%    7.05ms
 99.900%   14.87ms
 99.990%   23.65ms
 99.999%   29.57ms
100.000%   30.22ms

  Detailed Percentile spectrum:
       Value   Percentile   TotalCount 1/(1-Percentile)

       0.079     0.000000            1         1.00
       0.647     0.100000         8013         1.11
       0.857     0.200000        16006         1.25
       1.034     0.300000        23975         1.43
       1.194     0.400000        31974         1.67
       1.356     0.500000        39965         2.00
       1.441     0.550000        43974         2.22
       1.527     0.600000        47986         2.50
       1.620     0.650000        51936         2.86
       1.721     0.700000        55951         3.33
       1.830     0.750000        59947         4.00
       1.893     0.775000        61949         4.44
       1.958     0.800000        63934         5.00
       2.031     0.825000        65938         5.71
       2.115     0.850000        67959         6.67
       2.215     0.875000        69926         8.00
       2.273     0.887500        70937         8.89
       2.337     0.900000        71924        10.00
       2.409     0.912500        72919        11.43
       2.499     0.925000        73910        13.33
       2.609     0.937500        74911        16.00
       2.679     0.943750        75419        17.78
       2.757     0.950000        75908        20.00
       2.857     0.956250        76410        22.86
       2.983     0.962500        76904        26.67
       3.167     0.968750        77408        32.00
       3.305     0.971875        77655        35.56
       3.513     0.975000        77904        40.00
       3.761     0.978125        78153        45.71
       4.139     0.981250        78403        53.33
       4.847     0.984375        78653        64.00
       5.283     0.985938        78777        71.11
       5.923     0.987500        78902        80.00
       6.675     0.989062        79027        91.43
       7.387     0.990625        79152       106.67
       8.247     0.992188        79277       128.00
       8.823     0.992969        79340       142.22
       9.359     0.993750        79401       160.00
      10.031     0.994531        79466       182.86
      10.623     0.995313        79526       213.33
      11.287     0.996094        79588       256.00
      11.647     0.996484        79620       284.44
      11.943     0.996875        79651       320.00
      12.335     0.997266        79682       365.71
      12.703     0.997656        79713       426.67
      13.063     0.998047        79744       512.00
      13.391     0.998242        79760       568.89
      13.631     0.998437        79776       640.00
      14.047     0.998633        79792       731.43
      14.423     0.998828        79807       853.33
      14.943     0.999023        79822      1024.00
      15.303     0.999121        79830      1137.78
      15.687     0.999219        79838      1280.00
      16.303     0.999316        79846      1462.86
      16.879     0.999414        79855      1706.67
      17.263     0.999512        79861      2048.00
      17.711     0.999561        79865      2275.56
      18.047     0.999609        79869      2560.00
      18.367     0.999658        79873      2925.71
      18.527     0.999707        79877      3413.33
      18.671     0.999756        79881      4096.00
      19.263     0.999780        79884      4551.11
      19.471     0.999805        79885      5120.00
      19.567     0.999829        79887      5851.43
      20.591     0.999854        79889      6826.67
      22.607     0.999878        79891      8192.00
      23.647     0.999890        79892      9102.22
      24.623     0.999902        79893     10240.00
      25.599     0.999915        79894     11702.86
      26.575     0.999927        79895     13653.33
      27.567     0.999939        79896     16384.00
      27.567     0.999945        79896     18204.44
      28.511     0.999951        79897     20480.00
      28.511     0.999957        79897     23405.71
      29.247     0.999963        79898     27306.67
      29.247     0.999969        79898     32768.00
      29.247     0.999973        79898     36408.89
      29.567     0.999976        79899     40960.00
      29.567     0.999979        79899     46811.43
      29.567     0.999982        79899     54613.33
      29.567     0.999985        79899     65536.00
      29.567     0.999986        79899     72817.78
      30.223     0.999988        79900     81920.00
      30.223     1.000000        79900          inf
#[Mean    =        1.542, StdDeviation   =        1.247]
#[Max     =       30.208, Total count    =        79900]
#[Buckets =           27, SubBuckets     =         2048]
----------------------------------------------------------
  79903 requests in 10.00s, 13.34MB read
Requests/sec:   7990.79
Transfer/sec:      1.33MB
