Running 10s test @ http://localhost
  2 threads and 10 connections
  Thread Stats   Avg      Stdev     Max   +/- Stdev
    Latency     4.28ms    7.43ms  70.78ms   91.96%
    Req/Sec       -nan      -nan   0.00      0.00%
  Latency Distribution (HdrHistogram - Recorded Latency)
 50.000%    1.87ms
 75.000%    3.61ms
 90.000%    9.26ms
 99.000%   41.53ms
 99.900%   62.30ms
 99.990%   69.50ms
 99.999%   70.40ms
100.000%   70.85ms

  Detailed Percentile spectrum:
       Value   Percentile   TotalCount 1/(1-Percentile)

       0.137     0.000000            1         1.00
       0.782     0.100000         8000         1.11
       1.057     0.200000        15986         1.25
       1.312     0.300000        24013         1.43
       1.575     0.400000        31979         1.67
       1.868     0.500000        39962         2.00
       2.049     0.550000        43968         2.22
       2.267     0.600000        47954         2.50
       2.561     0.650000        51960         2.86
       2.993     0.700000        55947         3.33
       3.609     0.750000        59937         4.00
       4.025     0.775000        61936         4.44
       4.555     0.800000        63933         5.00
       5.247     0.825000        65931         5.71
       6.147     0.850000        67930         6.67
       7.391     0.875000        69925         8.00
       8.239     0.887500        70926         8.89
       9.263     0.900000        71927        10.00
      10.639     0.912500        72922        11.43
      12.551     0.925000        73920        13.33
      14.791     0.937500        74920        16.00
      16.071     0.943750        75421        17.78
      17.359     0.950000        75917        20.00
      19.119     0.956250        76418        22.86
      20.975     0.962500        76919        26.67
      24.015     0.968750        77416        32.00
      26.223     0.971875        77665        35.56
      29.311     0.975000        77916        40.00
      32.031     0.978125        78167        45.71
      33.919     0.981250        78418        53.33
      35.967     0.984375        78665        64.00
      37.407     0.985938        78790        71.11
      38.975     0.987500        78915        80.00
      40.479     0.989062        79038        91.43
      42.495     0.990625        79163       106.67
      45.695     0.992188        79288       128.00
      47.103     0.992969        79351       142.22
      48.351     0.993750        79414       160.00
      49.183     0.994531        79475       182.86
      50.239     0.995313        79538       213.33
      51.743     0.996094        79600       256.00
      52.863     0.996484        79632       284.44
      53.759     0.996875        79665       320.00
      54.943     0.997266        79694       365.71
      56.415     0.997656        79725       426.67
      57.471     0.998047        79757       512.00
      58.079     0.998242        79772       568.89
      59.103     0.998437        79789       640.00
      60.127     0.998633        79803       731.43
      61.247     0.998828        79819       853.33
      62.591     0.999023        79834      1024.00
      63.135     0.999121        79842      1137.78
      63.871     0.999219        79850      1280.00
      64.543     0.999316        79858      1462.86
      65.119     0.999414        79866      1706.67
      66.111     0.999512        79873      2048.00
      66.303     0.999561        79877      2275.56
      66.751     0.999609        79881      2560.00
      67.071     0.999658        79885      2925.71
      67.583     0.999707        79890      3413.33
      67.903     0.999756        79893      4096.00
      68.415     0.999780        79895      4551.11
      68.543     0.999805        79897      5120.00
      68.927     0.999829        79900      5851.43
      69.055     0.999854        79901      6826.67
      69.439     0.999878        79903      8192.00
      69.503     0.999890        79904      9102.22
      69.695     0.999902        79905     10240.00
      69.823     0.999915        79906     11702.86
      69.887     0.999927        79907     13653.33
      69.951     0.999939        79908     16384.00
      69.951     0.999945        79908     18204.44
      70.271     0.999951        79909     20480.00
      70.271     0.999957        79909     23405.71
      70.399     0.999963        79911     27306.67
      70.399     0.999969        79911     32768.00
      70.399     0.999973        79911     36408.89
      70.399     0.999976        79911     40960.00
      70.399     0.999979        79911     46811.43
      70.399     0.999982        79911     54613.33
      70.399     0.999985        79911     65536.00
      70.399     0.999986        79911     72817.78
      70.847     0.999988        79912     81920.00
      70.847     1.000000        79912          inf
#[Mean    =        4.279, StdDeviation   =        7.433]
#[Max     =       70.784, Total count    =        79912]
#[Buckets =           27, SubBuckets     =         2048]
----------------------------------------------------------
  79921 requests in 10.00s, 13.34MB read
Requests/sec:   7991.72
Transfer/sec:      1.33MB
