Running 10s test @ http://localhost
  2 threads and 10 connections
  Thread Stats   Avg      Stdev     Max   +/- Stdev
    Latency     1.60ms    1.20ms  17.79ms   91.92%
    Req/Sec       -nan      -nan   0.00      0.00%
  Latency Distribution (HdrHistogram - Recorded Latency)
 50.000%    1.40ms
 75.000%    1.91ms
 90.000%    2.48ms
 99.000%    6.94ms
 99.900%   13.84ms
 99.990%   16.17ms
 99.999%   17.52ms
100.000%   17.81ms

  Detailed Percentile spectrum:
       Value   Percentile   TotalCount 1/(1-Percentile)

       0.133     0.000000            1         1.00
       0.667     0.100000         8006         1.11
       0.885     0.200000        16013         1.25
       1.063     0.300000        23975         1.43
       1.228     0.400000        31975         1.67
       1.396     0.500000        39979         2.00
       1.485     0.550000        43982         2.22
       1.579     0.600000        47983         2.50
       1.680     0.650000        51946         2.86
       1.787     0.700000        55945         3.33
       1.909     0.750000        59956         4.00
       1.975     0.775000        61961         4.44
       2.049     0.800000        63980         5.00
       2.131     0.825000        65966         5.71
       2.225     0.850000        67933         6.67
       2.339     0.875000        69943         8.00
       2.405     0.887500        70924         8.89
       2.479     0.900000        71937        10.00
       2.567     0.912500        72937        11.43
       2.673     0.925000        73920        13.33
       2.803     0.937500        74917        16.00
       2.887     0.943750        75431        17.78
       2.987     0.950000        75921        20.00
       3.103     0.956250        76419        22.86
       3.271     0.962500        76916        26.67
       3.489     0.968750        77415        32.00
       3.635     0.971875        77667        35.56
       3.809     0.975000        77914        40.00
       4.063     0.978125        78163        45.71
       4.431     0.981250        78413        53.33
       5.019     0.984375        78663        64.00
       5.471     0.985938        78788        71.11
       5.995     0.987500        78914        80.00
       6.547     0.989062        79039        91.43
       7.307     0.990625        79162       106.67
       7.931     0.992188        79287       128.00
       8.447     0.992969        79350       142.22
       8.975     0.993750        79412       160.00
       9.615     0.994531        79475       182.86
      10.247     0.995313        79537       213.33
      10.847     0.996094        79599       256.00
      11.247     0.996484        79631       284.44
      11.607     0.996875        79663       320.00
      11.927     0.997266        79693       365.71
      12.319     0.997656        79725       426.67
      12.663     0.998047        79755       512.00
      12.815     0.998242        79771       568.89
      13.055     0.998437        79787       640.00
      13.239     0.998633        79804       731.43
      13.511     0.998828        79818       853.33
      13.887     0.999023        79833      1024.00
      14.055     0.999121        79842      1137.78
      14.183     0.999219        79849      1280.00
      14.375     0.999316        79857      1462.86
      14.511     0.999414        79865      1706.67
      14.759     0.999512        79872      2048.00
      14.879     0.999561        79876      2275.56
      15.095     0.999609        79880      2560.00
      15.415     0.999658        79884      2925.71
      15.543     0.999707        79888      3413.33
      15.695     0.999756        79892      4096.00
      15.799     0.999780        79894      4551.11
      15.839     0.999805        79896      5120.00
      15.895     0.999829        79898      5851.43
      15.927     0.999854        79900      6826.67
      16.023     0.999878        79902      8192.00
      16.175     0.999890        79903      9102.22
      16.263     0.999902        79904     10240.00
      16.335     0.999915        79905     11702.86
      16.767     0.999927        79906     13653.33
      16.831     0.999939        79907     16384.00
      16.831     0.999945        79907     18204.44
      16.879     0.999951        79908     20480.00
      16.879     0.999957        79908     23405.71
      16.911     0.999963        79909     27306.67
      16.911     0.999969        79909     32768.00
      16.911     0.999973        79909     36408.89
      17.519     0.999976        79910     40960.00
      17.519     0.999979        79910     46811.43
      17.519     0.999982        79910     54613.33
      17.519     0.999985        79910     65536.00
      17.519     0.999986        79910     72817.78
      17.807     0.999988        79911     81920.00
      17.807     1.000000        79911          inf
#[Mean    =        1.598, StdDeviation   =        1.201]
#[Max     =       17.792, Total count    =        79911]
#[Buckets =           27, SubBuckets     =         2048]
----------------------------------------------------------
  79917 requests in 10.00s, 13.34MB read
Requests/sec:   7991.76
Transfer/sec:      1.33MB
