Running 10s test @ http://localhost
  2 threads and 10 connections
  Thread Stats   Avg      Stdev     Max   +/- Stdev
    Latency     5.19ms   10.59ms  78.14ms   90.45%
    Req/Sec       -nan      -nan   0.00      0.00%
  Latency Distribution (HdrHistogram - Recorded Latency)
 50.000%    1.58ms
 75.000%    2.43ms
 90.000%   14.84ms
 99.000%   54.21ms
 99.900%   68.61ms
 99.990%   75.01ms
 99.999%   78.21ms
100.000%   78.21ms

  Detailed Percentile spectrum:
       Value   Percentile   TotalCount 1/(1-Percentile)

       0.103     0.000000            1         1.00
       0.709     0.100000         7981         1.11
       0.949     0.200000        15934         1.25
       1.158     0.300000        23888         1.43
       1.359     0.400000        31855         1.67
       1.575     0.500000        39810         2.00
       1.694     0.550000        43820         2.22
       1.826     0.600000        47771         2.50
       1.976     0.650000        51765         2.86
       2.159     0.700000        55760         3.33
       2.435     0.750000        59730         4.00
       2.651     0.775000        61710         4.44
       3.041     0.800000        63695         5.00
       4.127     0.825000        65687         5.71
       6.739     0.850000        67676         6.67
       9.943     0.875000        69666         8.00
      12.271     0.887500        70662         8.89
      14.847     0.900000        71660        10.00
      17.727     0.912500        72655        11.43
      21.455     0.925000        73648        13.33
      24.991     0.937500        74646        16.00
      26.863     0.943750        75142        17.78
      29.391     0.950000        75638        20.00
      32.479     0.956250        76134        22.86
      35.775     0.962500        76634        26.67
      39.711     0.968750        77130        32.00
      41.599     0.971875        77378        35.56
      43.775     0.975000        77628        40.00
      45.631     0.978125        77880        45.71
      47.551     0.981250        78128        53.33
      49.695     0.984375        78373        64.00
      50.879     0.985938        78499        71.11
      52.191     0.987500        78622        80.00
      53.503     0.989062        78747        91.43
      54.751     0.990625        78873       106.67
      56.351     0.992188        78996       128.00
      57.535     0.992969        79058       142.22
      58.975     0.993750        79120       160.00
      60.031     0.994531        79182       182.86
      61.631     0.995313        79245       213.33
      62.623     0.996094        79306       256.00
      63.551     0.996484        79339       284.44
      64.127     0.996875        79369       320.00
      64.959     0.997266        79400       365.71
      65.727     0.997656        79431       426.67
      66.367     0.998047        79464       512.00
      66.687     0.998242        79479       568.89
      67.391     0.998437        79493       640.00
      67.839     0.998633        79509       731.43
      68.287     0.998828        79524       853.33
      68.671     0.999023        79542      1024.00
      68.991     0.999121        79550      1137.78
      69.055     0.999219        79555      1280.00
      69.503     0.999316        79563      1462.86
      70.079     0.999414        79571      1706.67
      70.911     0.999512        79579      2048.00
      71.423     0.999561        79583      2275.56
      72.191     0.999609        79586      2560.00
      72.511     0.999658        79590      2925.71
      72.831     0.999707        79594      3413.33
      73.343     0.999756        79598      4096.00
      73.535     0.999780        79600      4551.11
      73.791     0.999805        79602      5120.00
      73.855     0.999829        79604      5851.43
      74.623     0.999854        79606      6826.67
      74.815     0.999878        79608      8192.00
      75.007     0.999890        79609      9102.22
      75.455     0.999902        79610     10240.00
      76.031     0.999915        79611     11702.86
      76.543     0.999927        79612     13653.33
      77.183     0.999939        79613     16384.00
      77.183     0.999945        79613     18204.44
      77.631     0.999951        79614     20480.00
      77.631     0.999957        79614     23405.71
      78.207     0.999963        79617     27306.67
      78.207     1.000000        79617          inf
#[Mean    =        5.187, StdDeviation   =       10.593]
#[Max     =       78.144, Total count    =        79617]
#[Buckets =           27, SubBuckets     =         2048]
----------------------------------------------------------
  79626 requests in 10.00s, 13.29MB read
Requests/sec:   7962.18
Transfer/sec:      1.33MB
