Running 10s test @ http://localhost
  2 threads and 10 connections
  Thread Stats   Avg      Stdev     Max   +/- Stdev
    Latency     7.07ms   11.63ms  80.51ms   88.00%
    Req/Sec       -nan      -nan   0.00      0.00%
  Latency Distribution (HdrHistogram - Recorded Latency)
 50.000%    2.09ms
 75.000%    6.09ms
 90.000%   22.19ms
 99.000%   54.75ms
 99.900%   70.65ms
 99.990%   77.89ms
 99.999%   79.74ms
100.000%   80.57ms

  Detailed Percentile spectrum:
       Value   Percentile   TotalCount 1/(1-Percentile)

       0.139     0.000000            1         1.00
       0.820     0.100000         8012         1.11
       1.112     0.200000        15984         1.25
       1.400     0.300000        23977         1.43
       1.711     0.400000        31971         1.67
       2.091     0.500000        39969         2.00
       2.363     0.550000        43961         2.22
       2.787     0.600000        47949         2.50
       3.441     0.650000        51951         2.86
       4.447     0.700000        55940         3.33
       6.091     0.750000        59936         4.00
       7.327     0.775000        61933         4.44
       8.903     0.800000        63937         5.00
      11.151     0.825000        65931         5.71
      14.359     0.850000        67930         6.67
      17.951     0.875000        69929         8.00
      20.031     0.887500        70926         8.89
      22.191     0.900000        71927        10.00
      24.751     0.912500        72925        11.43
      27.935     0.925000        73921        13.33
      31.279     0.937500        74929        16.00
      32.863     0.943750        75420        17.78
      34.751     0.950000        75918        20.00
      36.671     0.956250        76417        22.86
      38.911     0.962500        76918        26.67
      41.983     0.968750        77420        32.00
      43.679     0.971875        77669        35.56
      45.375     0.975000        77917        40.00
      47.199     0.978125        78169        45.71
      49.023     0.981250        78415        53.33
      50.751     0.984375        78670        64.00
      51.743     0.985938        78790        71.11
      52.959     0.987500        78916        80.00
      54.079     0.989062        79043        91.43
      55.295     0.990625        79164       106.67
      56.735     0.992188        79294       128.00
      57.503     0.992969        79353       142.22
      58.591     0.993750        79414       160.00
      59.775     0.994531        79476       182.86
      61.695     0.995313        79540       213.33
      63.231     0.996094        79601       256.00
      63.871     0.996484        79633       284.44
      64.447     0.996875        79664       320.00
      65.311     0.997266        79696       365.71
      66.111     0.997656        79727       426.67
      67.135     0.998047        79757       512.00
      67.775     0.998242        79773       568.89
      68.159     0.998437        79789       640.00
      68.991     0.998633        79805       731.43
      70.015     0.998828        79820       853.33
      70.847     0.999023        79835      1024.00
      71.615     0.999121        79843      1137.78
      72.127     0.999219        79851      1280.00
      72.575     0.999316        79859      1462.86
      72.959     0.999414        79867      1706.67
      73.407     0.999512        79874      2048.00
      73.663     0.999561        79878      2275.56
      74.111     0.999609        79882      2560.00
      74.559     0.999658        79886      2925.71
      75.199     0.999707        79891      3413.33
      75.455     0.999756        79894      4096.00
      76.031     0.999780        79896      4551.11
      76.607     0.999805        79899      5120.00
      76.735     0.999829        79901      5851.43
      77.183     0.999854        79902      6826.67
      77.503     0.999878        79904      8192.00
      77.887     0.999890        79906      9102.22
      77.887     0.999902        79906     10240.00
      78.079     0.999915        79907     11702.86
      78.463     0.999927        79908     13653.33
      78.847     0.999939        79909     16384.00
      78.847     0.999945        79909     18204.44
      78.975     0.999951        79910     20480.00
      78.975     0.999957        79910     23405.71
      79.679     0.999963        79911     27306.67
      79.679     0.999969        79911     32768.00
      79.679     0.999973        79911     36408.89
      79.743     0.999976        79912     40960.00
      79.743     0.999979        79912     46811.43
      79.743     0.999982        79912     54613.33
      79.743     0.999985        79912     65536.00
      79.743     0.999986        79912     72817.78
      80.575     0.999988        79913     81920.00
      80.575     1.000000        79913          inf
#[Mean    =        7.072, StdDeviation   =       11.628]
#[Max     =       80.512, Total count    =        79913]
#[Buckets =           27, SubBuckets     =         2048]
----------------------------------------------------------
  79915 requests in 10.00s, 13.34MB read
Requests/sec:   7990.84
Transfer/sec:      1.33MB
