Running 10s test @ http://localhost
  2 threads and 10 connections
  Thread Stats   Avg      Stdev     Max   +/- Stdev
    Latency     1.52ms    1.01ms  16.22ms   87.21%
    Req/Sec       -nan      -nan   0.00      0.00%
  Latency Distribution (HdrHistogram - Recorded Latency)
 50.000%    1.38ms
 75.000%    1.89ms
 90.000%    2.38ms
 99.000%    4.55ms
 99.900%   12.54ms
 99.990%   15.46ms
 99.999%   16.16ms
100.000%   16.22ms

  Detailed Percentile spectrum:
       Value   Percentile   TotalCount 1/(1-Percentile)

       0.123     0.000000            1         1.00
       0.648     0.100000         8001         1.11
       0.862     0.200000        15988         1.25
       1.040     0.300000        23982         1.43
       1.210     0.400000        31981         1.67
       1.383     0.500000        39967         2.00
       1.475     0.550000        43962         2.22
       1.569     0.600000        47952         2.50
       1.669     0.650000        51983         2.86
       1.773     0.700000        55958         3.33
       1.887     0.750000        59931         4.00
       1.951     0.775000        61956         4.44
       2.015     0.800000        63945         5.00
       2.087     0.825000        65963         5.71
       2.167     0.850000        67947         6.67
       2.263     0.875000        69944         8.00
       2.321     0.887500        70939         8.89
       2.381     0.900000        71918        10.00
       2.453     0.912500        72918        11.43
       2.539     0.925000        73922        13.33
       2.649     0.937500        74916        16.00
       2.711     0.943750        75430        17.78
       2.777     0.950000        75918        20.00
       2.865     0.956250        76418        22.86
       2.963     0.962500        76917        26.67
       3.093     0.968750        77411        32.00
       3.177     0.971875        77662        35.56
       3.267     0.975000        77915        40.00
       3.381     0.978125        78161        45.71
       3.539     0.981250        78412        53.33
       3.773     0.984375        78664        64.00
       3.895     0.985938        78785        71.11
       4.057     0.987500        78911        80.00
       4.335     0.989062        79036        91.43
       4.723     0.990625        79159       106.67
       5.335     0.992188        79284       128.00
       5.815     0.992969        79347       142.22
       6.407     0.993750        79409       160.00
       7.295     0.994531        79473       182.86
       8.143     0.995313        79534       213.33
       9.087     0.996094        79597       256.00
       9.535     0.996484        79628       284.44
      10.071     0.996875        79660       320.00
      10.415     0.997266        79690       365.71
      10.935     0.997656        79721       426.67
      11.311     0.998047        79753       512.00
      11.503     0.998242        79768       568.89
      11.871     0.998437        79784       640.00
      12.167     0.998633        79799       731.43
      12.423     0.998828        79815       853.33
      12.583     0.999023        79830      1024.00
      12.735     0.999121        79838      1137.78
      12.983     0.999219        79846      1280.00
      13.207     0.999316        79854      1462.86
      13.359     0.999414        79862      1706.67
      13.711     0.999512        79869      2048.00
      13.879     0.999561        79873      2275.56
      13.983     0.999609        79877      2560.00
      14.199     0.999658        79881      2925.71
      14.415     0.999707        79885      3413.33
      14.583     0.999756        79889      4096.00
      14.655     0.999780        79891      4551.11
      14.999     0.999805        79893      5120.00
      15.055     0.999829        79895      5851.43
      15.375     0.999854        79897      6826.67
      15.447     0.999878        79899      8192.00
      15.463     0.999890        79900      9102.22
      15.687     0.999902        79901     10240.00
      15.735     0.999915        79902     11702.86
      15.759     0.999927        79903     13653.33
      15.775     0.999939        79904     16384.00
      15.775     0.999945        79904     18204.44
      15.999     0.999951        79905     20480.00
      15.999     0.999957        79905     23405.71
      16.031     0.999963        79906     27306.67
      16.031     0.999969        79906     32768.00
      16.031     0.999973        79906     36408.89
      16.159     0.999976        79907     40960.00
      16.159     0.999979        79907     46811.43
      16.159     0.999982        79907     54613.33
      16.159     0.999985        79907     65536.00
      16.159     0.999986        79907     72817.78
      16.223     0.999988        79908     81920.00
      16.223     1.000000        79908          inf
#[Mean    =        1.525, StdDeviation   =        1.006]
#[Max     =       16.216, Total count    =        79908]
#[Buckets =           27, SubBuckets     =         2048]
----------------------------------------------------------
  79910 requests in 10.00s, 13.34MB read
Requests/sec:   7991.12
Transfer/sec:      1.33MB
