Running 10s test @ http://localhost
  2 threads and 10 connections
  Thread Stats   Avg      Stdev     Max   +/- Stdev
    Latency     1.51ms  838.23us  16.93ms   79.13%
    Req/Sec       -nan      -nan   0.00      0.00%
  Latency Distribution (HdrHistogram - Recorded Latency)
 50.000%    1.38ms
 75.000%    1.88ms
 90.000%    2.40ms
 99.000%    4.29ms
 99.900%    8.83ms
 99.990%   12.99ms
 99.999%   16.46ms
100.000%   16.94ms

  Detailed Percentile spectrum:
       Value   Percentile   TotalCount 1/(1-Percentile)

       0.160     0.000000            1         1.00
       0.672     0.100000         8005         1.11
       0.875     0.200000        16007         1.25
       1.050     0.300000        24012         1.43
       1.217     0.400000        32000         1.67
       1.385     0.500000        39976         2.00
       1.472     0.550000        43984         2.22
       1.564     0.600000        47965         2.50
       1.660     0.650000        51959         2.86
       1.769     0.700000        55937         3.33
       1.884     0.750000        59951         4.00
       1.946     0.775000        61953         4.44
       2.015     0.800000        63940         5.00
       2.089     0.825000        65936         5.71
       2.175     0.850000        67948         6.67
       2.275     0.875000        69935         8.00
       2.331     0.887500        70922         8.89
       2.397     0.900000        71931        10.00
       2.477     0.912500        72932        11.43
       2.565     0.925000        73940        13.33
       2.675     0.937500        74925        16.00
       2.743     0.943750        75419        17.78
       2.817     0.950000        75921        20.00
       2.901     0.956250        76419        22.86
       3.005     0.962500        76913        26.67
       3.135     0.968750        77413        32.00
       3.219     0.971875        77664        35.56
       3.317     0.975000        77911        40.00
       3.441     0.978125        78162        45.71
       3.605     0.981250        78412        53.33
       3.797     0.984375        78661        64.00
       3.903     0.985938        78786        71.11
       4.043     0.987500        78911        80.00
       4.191     0.989062        79037        91.43
       4.387     0.990625        79161       106.67
       4.611     0.992188        79285       128.00
       4.767     0.992969        79348       142.22
       4.947     0.993750        79409       160.00
       5.175     0.994531        79474       182.86
       5.475     0.995313        79535       213.33
       5.859     0.996094        79596       256.00
       6.111     0.996484        79628       284.44
       6.391     0.996875        79659       320.00
       6.727     0.997266        79690       365.71
       7.003     0.997656        79721       426.67
       7.399     0.998047        79752       512.00
       7.647     0.998242        79768       568.89
       7.847     0.998437        79784       640.00
       8.147     0.998633        79799       731.43
       8.439     0.998828        79815       853.33
       8.855     0.999023        79830      1024.00
       9.135     0.999121        79838      1137.78
       9.343     0.999219        79846      1280.00
       9.511     0.999316        79854      1462.86
       9.887     0.999414        79862      1706.67
      10.151     0.999512        79870      2048.00
      10.183     0.999561        79873      2275.56
      10.311     0.999609        79878      2560.00
      10.527     0.999658        79881      2925.71
      10.911     0.999707        79886      3413.33
      11.111     0.999756        79889      4096.00
      11.159     0.999780        79891      4551.11
      11.719     0.999805        79893      5120.00
      11.871     0.999829        79895      5851.43
      12.359     0.999854        79897      6826.67
      12.615     0.999878        79899      8192.00
      12.991     0.999890        79900      9102.22
      13.239     0.999902        79901     10240.00
      13.591     0.999915        79902     11702.86
      13.927     0.999927        79903     13653.33
      14.215     0.999939        79904     16384.00
      14.215     0.999945        79904     18204.44
      14.759     0.999951        79905     20480.00
      14.759     0.999957        79905     23405.71
      15.639     0.999963        79906     27306.67
      15.639     0.999969        79906     32768.00
      15.639     0.999973        79906     36408.89
      16.463     0.999976        79907     40960.00
      16.463     0.999979        79907     46811.43
      16.463     0.999982        79907     54613.33
      16.463     0.999985        79907     65536.00
      16.463     0.999986        79907     72817.78
      16.943     0.999988        79908     81920.00
      16.943     1.000000        79908          inf
#[Mean    =        1.511, StdDeviation   =        0.838]
#[Max     =       16.928, Total count    =        79908]
#[Buckets =           27, SubBuckets     =         2048]
----------------------------------------------------------
  79910 requests in 10.00s, 13.34MB read
Requests/sec:   7991.36
Transfer/sec:      1.33MB
