Running 10s test @ http://localhost
  2 threads and 10 connections
  Thread Stats   Avg      Stdev     Max   +/- Stdev
    Latency     3.50ms    6.17ms  73.66ms   92.26%
    Req/Sec       -nan      -nan   0.00      0.00%
  Latency Distribution (HdrHistogram - Recorded Latency)
 50.000%    1.64ms
 75.000%    2.69ms
 90.000%    7.69ms
 99.000%   29.87ms
 99.900%   63.04ms
 99.990%   71.61ms
 99.999%   73.60ms
100.000%   73.73ms

  Detailed Percentile spectrum:
       Value   Percentile   TotalCount 1/(1-Percentile)

       0.132     0.000000            1         1.00
       0.728     0.100000         8019         1.11
       0.975     0.200000        16018         1.25
       1.193     0.300000        23999         1.43
       1.405     0.400000        31999         1.67
       1.639     0.500000        39985         2.00
       1.767     0.550000        43960         2.22
       1.916     0.600000        47957         2.50
       2.093     0.650000        51979         2.86
       2.321     0.700000        55948         3.33
       2.689     0.750000        59940         4.00
       2.993     0.775000        61944         4.44
       3.451     0.800000        63932         5.00
       4.099     0.825000        65934         5.71
       4.963     0.850000        67925         6.67
       6.107     0.875000        69928         8.00
       6.815     0.887500        70924         8.89
       7.687     0.900000        71925        10.00
       8.647     0.912500        72920        11.43
      10.007     0.925000        73916        13.33
      11.959     0.937500        74918        16.00
      13.031     0.943750        75416        17.78
      14.359     0.950000        75916        20.00
      15.895     0.956250        76413        22.86
      17.711     0.962500        76913        26.67
      19.615     0.968750        77416        32.00
      20.447     0.971875        77662        35.56
      21.343     0.975000        77915        40.00
      22.431     0.978125        78164        45.71
      23.535     0.981250        78413        53.33
      25.071     0.984375        78662        64.00
      26.047     0.985938        78786        71.11
      27.295     0.987500        78911        80.00
      28.927     0.989062        79036        91.43
      30.415     0.990625        79160       106.67
      32.671     0.992188        79288       128.00
      34.527     0.992969        79348       142.22
      36.319     0.993750        79410       160.00
      39.711     0.994531        79472       182.86
      44.127     0.995313        79535       213.33
      51.167     0.996094        79597       256.00
      53.599     0.996484        79629       284.44
      55.903     0.996875        79660       320.00
      58.271     0.997266        79691       365.71
      59.679     0.997656        79724       426.67
      60.351     0.998047        79753       512.00
      60.927     0.998242        79769       568.89
      61.311     0.998437        79786       640.00
      61.791     0.998633        79800       731.43
      62.399     0.998828        79816       853.33
      63.327     0.999023        79831      1024.00
      64.447     0.999121        79839      1137.78
      65.055     0.999219        79847      1280.00
      65.919     0.999316        79855      1462.86
      66.495     0.999414        79863      1706.67
      66.943     0.999512        79871      2048.00
      67.263     0.999561        79875      2275.56
      67.647     0.999609        79878      2560.00
      67.839     0.999658        79882      2925.71
      68.095     0.999707        79886      3413.33
      68.607     0.999756        79890      4096.00
      68.671     0.999780        79893      4551.11
      68.863     0.999805        79895      5120.00
      68.991     0.999829        79896      5851.43
      70.847     0.999854        79898      6826.67
      71.231     0.999878        79900      8192.00
      71.615     0.999890        79901      9102.22
      71.871     0.999902        79902     10240.00
      72.511     0.999915        79903     11702.86
      72.639     0.999927        79904     13653.33
      72.895     0.999939        79905     16384.00
      72.895     0.999945        79905     18204.44
      73.407     0.999951        79906     20480.00
      73.407     0.999957        79906     23405.71
      73.599     0.999963        79908     27306.67
      73.599     0.999969        79908     32768.00
      73.599     0.999973        79908     36408.89
      73.599     0.999976        79908     40960.00
      73.599     0.999979        79908     46811.43
      73.599     0.999982        79908     54613.33
      73.599     0.999985        79908     65536.00
      73.599     0.999986        79908     72817.78
      73.727     0.999988        79909     81920.00
      73.727     1.000000        79909          inf
#[Mean    =        3.496, StdDeviation   =        6.170]
#[Max     =       73.664, Total count    =        79909]
#[Buckets =           27, SubBuckets     =         2048]
----------------------------------------------------------
  79911 requests in 10.00s, 13.34MB read
Requests/sec:   7990.32
Transfer/sec:      1.33MB
