Running 10s test @ http://localhost
  2 threads and 10 connections
  Thread Stats   Avg      Stdev     Max   +/- Stdev
    Latency     1.67ms    1.46ms  33.54ms   94.70%
    Req/Sec       -nan      -nan   0.00      0.00%
  Latency Distribution (HdrHistogram - Recorded Latency)
 50.000%    1.42ms
 75.000%    1.95ms
 90.000%    2.57ms
 99.000%    8.16ms
 99.900%   16.59ms
 99.990%   30.64ms
 99.999%   32.96ms
100.000%   33.57ms

  Detailed Percentile spectrum:
       Value   Percentile   TotalCount 1/(1-Percentile)

       0.124     0.000000            1         1.00
       0.689     0.100000         8002         1.11
       0.901     0.200000        16022         1.25
       1.077     0.300000        23987         1.43
       1.249     0.400000        31963         1.67
       1.421     0.500000        39968         2.00
       1.508     0.550000        43961         2.22
       1.604     0.600000        47957         2.50
       1.707     0.650000        51975         2.86
       1.818     0.700000        55963         3.33
       1.947     0.750000        59949         4.00
       2.019     0.775000        61959         4.44
       2.097     0.800000        63941         5.00
       2.185     0.825000        65939         5.71
       2.287     0.850000        67940         6.67
       2.409     0.875000        69944         8.00
       2.483     0.887500        70916         8.89
       2.565     0.900000        71924        10.00
       2.667     0.912500        72932        11.43
       2.791     0.925000        73913        13.33
       2.959     0.937500        74912        16.00
       3.057     0.943750        75416        17.78
       3.193     0.950000        75914        20.00
       3.355     0.956250        76412        22.86
       3.597     0.962500        76911        26.67
       3.939     0.968750        77409        32.00
       4.175     0.971875        77663        35.56
       4.491     0.975000        77908        40.00
       4.915     0.978125        78158        45.71
       5.495     0.981250        78407        53.33
       6.323     0.984375        78658        64.00
       6.775     0.985938        78783        71.11
       7.271     0.987500        78909        80.00
       7.795     0.989062        79032        91.43
       8.423     0.990625        79158       106.67
       9.207     0.992188        79282       128.00
       9.679     0.992969        79345       142.22
      10.175     0.993750        79409       160.00
      10.735     0.994531        79469       182.86
      11.279     0.995313        79531       213.33
      11.847     0.996094        79593       256.00
      12.239     0.996484        79625       284.44
      12.711     0.996875        79656       320.00
      13.143     0.997266        79687       365.71
      13.639     0.997656        79718       426.67
      14.415     0.998047        79749       512.00
      14.807     0.998242        79765       568.89
      15.135     0.998437        79781       640.00
      15.559     0.998633        79796       731.43
      16.047     0.998828        79813       853.33
      16.639     0.999023        79827      1024.00
      17.423     0.999121        79835      1137.78
      18.463     0.999219        79843      1280.00
      19.743     0.999316        79851      1462.86
      21.183     0.999414        79859      1706.67
      21.807     0.999512        79866      2048.00
      22.527     0.999561        79870      2275.56
      23.391     0.999609        79874      2560.00
      24.143     0.999658        79878      2925.71
      24.911     0.999707        79882      3413.33
      27.247     0.999756        79886      4096.00
      27.615     0.999780        79888      4551.11
      28.127     0.999805        79890      5120.00
      28.703     0.999829        79892      5851.43
      29.583     0.999854        79894      6826.67
      30.159     0.999878        79896      8192.00
      30.639     0.999890        79897      9102.22
      30.831     0.999902        79898     10240.00
      31.135     0.999915        79899     11702.86
      31.567     0.999927        79900     13653.33
      31.679     0.999939        79901     16384.00
      31.679     0.999945        79901     18204.44
      32.399     0.999951        79902     20480.00
      32.399     0.999957        79902     23405.71
      32.559     0.999963        79903     27306.67
      32.559     0.999969        79903     32768.00
      32.559     0.999973        79903     36408.89
      32.959     0.999976        79904     40960.00
      32.959     0.999979        79904     46811.43
      32.959     0.999982        79904     54613.33
      32.959     0.999985        79904     65536.00
      32.959     0.999986        79904     72817.78
      33.567     0.999988        79905     81920.00
      33.567     1.000000        79905          inf
#[Mean    =        1.674, StdDeviation   =        1.459]
#[Max     =       33.536, Total count    =        79905]
#[Buckets =           27, SubBuckets     =         2048]
----------------------------------------------------------
  79907 requests in 10.00s, 13.34MB read
Requests/sec:   7989.23
Transfer/sec:      1.33MB
