Running 10s test @ http://localhost
  2 threads and 10 connections
  Thread Stats   Avg      Stdev     Max   +/- Stdev
    Latency     1.57ms    1.16ms  17.81ms   92.39%
    Req/Sec       -nan      -nan   0.00      0.00%
  Latency Distribution (HdrHistogram - Recorded Latency)
 50.000%    1.40ms
 75.000%    1.88ms
 90.000%    2.41ms
 99.000%    6.51ms
 99.900%   14.26ms
 99.990%   17.10ms
 99.999%   17.71ms
100.000%   17.82ms

  Detailed Percentile spectrum:
       Value   Percentile   TotalCount 1/(1-Percentile)

       0.128     0.000000            1         1.00
       0.685     0.100000         8018         1.11
       0.889     0.200000        16008         1.25
       1.062     0.300000        24015         1.43
       1.228     0.400000        32000         1.67
       1.398     0.500000        39982         2.00
       1.483     0.550000        43977         2.22
       1.570     0.600000        47962         2.50
       1.666     0.650000        51967         2.86
       1.768     0.700000        55964         3.33
       1.880     0.750000        59939         4.00
       1.945     0.775000        61936         4.44
       2.013     0.800000        63955         5.00
       2.089     0.825000        65942         5.71
       2.179     0.850000        67941         6.67
       2.285     0.875000        69953         8.00
       2.345     0.887500        70961         8.89
       2.411     0.900000        71926        10.00
       2.493     0.912500        72940        11.43
       2.585     0.925000        73932        13.33
       2.705     0.937500        74921        16.00
       2.779     0.943750        75428        17.78
       2.857     0.950000        75926        20.00
       2.965     0.956250        76421        22.86
       3.091     0.962500        76919        26.67
       3.257     0.968750        77418        32.00
       3.365     0.971875        77667        35.56
       3.495     0.975000        77923        40.00
       3.673     0.978125        78166        45.71
       3.907     0.981250        78417        53.33
       4.319     0.984375        78667        64.00
       4.687     0.985938        78792        71.11
       5.259     0.987500        78916        80.00
       5.979     0.989062        79040        91.43
       6.927     0.990625        79165       106.67
       7.863     0.992188        79292       128.00
       8.399     0.992969        79353       142.22
       8.919     0.993750        79415       160.00
       9.447     0.994531        79477       182.86
      10.007     0.995313        79540       213.33
      10.687     0.996094        79602       256.00
      11.015     0.996484        79634       284.44
      11.399     0.996875        79666       320.00
      11.735     0.997266        79696       365.71
      12.191     0.997656        79727       426.67
      12.623     0.998047        79759       512.00
      12.775     0.998242        79774       568.89
      12.943     0.998437        79791       640.00
      13.239     0.998633        79805       731.43
      13.919     0.998828        79821       853.33
      14.311     0.999023        79836      1024.00
      14.551     0.999121        79844      1137.78
      14.887     0.999219        79852      1280.00
      15.279     0.999316        79860      1462.86
      15.439     0.999414        79868      1706.67
      15.623     0.999512        79875      2048.00
      15.727     0.999561        79879      2275.56
      15.911     0.999609        79883      2560.00
      15.999     0.999658        79887      2925.71
      16.167     0.999707        79891      3413.33
      16.295     0.999756        79895      4096.00
      16.375     0.999780        79897      4551.11
      16.511     0.999805        79899      5120.00
      16.607     0.999829        79901      5851.43
      16.831     0.999854        79903      6826.67
      17.055     0.999878        79905      8192.00
      17.103     0.999890        79906      9102.22
      17.167     0.999902        79907     10240.00
      17.183     0.999915        79908     11702.86
      17.375     0.999927        79909     13653.33
      17.487     0.999939        79910     16384.00
      17.487     0.999945        79910     18204.44
      17.503     0.999951        79911     20480.00
      17.503     0.999957        79911     23405.71
      17.647     0.999963        79912     27306.67
      17.647     0.999969        79912     32768.00
      17.647     0.999973        79912     36408.89
      17.711     0.999976        79913     40960.00
      17.711     0.999979        79913     46811.43
      17.711     0.999982        79913     54613.33
      17.711     0.999985        79913     65536.00
      17.711     0.999986        79913     72817.78
      17.823     0.999988        79914     81920.00
      17.823     1.000000        79914          inf
#[Mean    =        1.574, StdDeviation   =        1.162]
#[Max     =       17.808, Total count    =        79914]
#[Buckets =           27, SubBuckets     =         2048]
----------------------------------------------------------
  79916 requests in 10.00s, 13.34MB read
Requests/sec:   7990.80
Transfer/sec:      1.33MB
