Running 10s test @ http://localhost
  2 threads and 10 connections
  Thread Stats   Avg      Stdev     Max   +/- Stdev
    Latency     1.60ms    1.39ms  29.46ms   95.40%
    Req/Sec       -nan      -nan   0.00      0.00%
  Latency Distribution (HdrHistogram - Recorded Latency)
 50.000%    1.38ms
 75.000%    1.88ms
 90.000%    2.42ms
 99.000%    8.61ms
 99.900%   15.96ms
 99.990%   23.63ms
 99.999%   28.91ms
100.000%   29.47ms

  Detailed Percentile spectrum:
       Value   Percentile   TotalCount 1/(1-Percentile)

       0.086     0.000000            1         1.00
       0.646     0.100000         8018         1.11
       0.857     0.200000        15990         1.25
       1.036     0.300000        23996         1.43
       1.206     0.400000        31983         1.67
       1.379     0.500000        39973         2.00
       1.469     0.550000        43969         2.22
       1.564     0.600000        47974         2.50
       1.663     0.650000        51955         2.86
       1.766     0.700000        55946         3.33
       1.882     0.750000        59952         4.00
       1.947     0.775000        61938         4.44
       2.017     0.800000        63944         5.00
       2.095     0.825000        65949         5.71
       2.185     0.850000        67934         6.67
       2.295     0.875000        69933         8.00
       2.357     0.887500        70936         8.89
       2.423     0.900000        71932        10.00
       2.505     0.912500        72931        11.43
       2.603     0.925000        73920        13.33
       2.733     0.937500        74937        16.00
       2.805     0.943750        75419        17.78
       2.903     0.950000        75923        20.00
       3.021     0.956250        76416        22.86
       3.175     0.962500        76920        26.67
       3.395     0.968750        77416        32.00
       3.545     0.971875        77667        35.56
       3.763     0.975000        77920        40.00
       4.071     0.978125        78166        45.71
       4.539     0.981250        78415        53.33
       5.515     0.984375        78664        64.00
       6.279     0.985938        78790        71.11
       7.075     0.987500        78914        80.00
       7.979     0.989062        79038        91.43
       8.967     0.990625        79163       106.67
       9.975     0.992188        79288       128.00
      10.591     0.992969        79351       142.22
      11.071     0.993750        79413       160.00
      11.687     0.994531        79475       182.86
      12.063     0.995313        79539       213.33
      12.575     0.996094        79603       256.00
      12.823     0.996484        79632       284.44
      13.079     0.996875        79664       320.00
      13.463     0.997266        79694       365.71
      13.767     0.997656        79725       426.67
      14.247     0.998047        79757       512.00
      14.455     0.998242        79772       568.89
      14.767     0.998437        79788       640.00
      15.039     0.998633        79803       731.43
      15.471     0.998828        79819       853.33
      16.039     0.999023        79834      1024.00
      16.319     0.999121        79843      1137.78
      16.655     0.999219        79851      1280.00
      16.975     0.999316        79858      1462.86
      17.775     0.999414        79866      1706.67
      18.479     0.999512        79873      2048.00
      18.559     0.999561        79877      2275.56
      18.831     0.999609        79881      2560.00
      19.039     0.999658        79885      2925.71
      19.263     0.999707        79889      3413.33
      19.775     0.999756        79893      4096.00
      20.191     0.999780        79895      4551.11
      20.815     0.999805        79897      5120.00
      21.759     0.999829        79899      5851.43
      22.703     0.999854        79901      6826.67
      23.423     0.999878        79903      8192.00
      23.631     0.999890        79904      9102.22
      24.495     0.999902        79905     10240.00
      25.439     0.999915        79906     11702.86
      26.287     0.999927        79907     13653.33
      26.815     0.999939        79908     16384.00
      26.815     0.999945        79908     18204.44
      27.759     0.999951        79909     20480.00
      27.759     0.999957        79909     23405.71
      28.687     0.999963        79910     27306.67
      28.687     0.999969        79910     32768.00
      28.687     0.999973        79910     36408.89
      28.911     0.999976        79911     40960.00
      28.911     0.999979        79911     46811.43
      28.911     0.999982        79911     54613.33
      28.911     0.999985        79911     65536.00
      28.911     0.999986        79911     72817.78
      29.471     0.999988        79912     81920.00
      29.471     1.000000        79912          inf
#[Mean    =        1.598, StdDeviation   =        1.392]
#[Max     =       29.456, Total count    =        79912]
#[Buckets =           27, SubBuckets     =         2048]
----------------------------------------------------------
  79918 requests in 10.00s, 13.34MB read
Requests/sec:   7991.22
Transfer/sec:      1.33MB
