Running 10s test @ http://localhost
  2 threads and 10 connections
  Thread Stats   Avg      Stdev     Max   +/- Stdev
    Latency     1.61ms    1.29ms  23.81ms   93.99%
    Req/Sec       -nan      -nan   0.00      0.00%
  Latency Distribution (HdrHistogram - Recorded Latency)
 50.000%    1.40ms
 75.000%    1.91ms
 90.000%    2.46ms
 99.000%    8.06ms
 99.900%   14.06ms
 99.990%   20.03ms
 99.999%   23.45ms
100.000%   23.82ms

  Detailed Percentile spectrum:
       Value   Percentile   TotalCount 1/(1-Percentile)

       0.122     0.000000            1         1.00
       0.659     0.100000         8004         1.11
       0.868     0.200000        16012         1.25
       1.048     0.300000        23981         1.43
       1.222     0.400000        32000         1.67
       1.397     0.500000        39953         2.00
       1.488     0.550000        43965         2.22
       1.582     0.600000        47981         2.50
       1.680     0.650000        51945         2.86
       1.790     0.700000        55955         3.33
       1.906     0.750000        59951         4.00
       1.975     0.775000        61945         4.44
       2.046     0.800000        63932         5.00
       2.123     0.825000        65956         5.71
       2.213     0.850000        67928         6.67
       2.321     0.875000        69921         8.00
       2.385     0.887500        70942         8.89
       2.461     0.900000        71933        10.00
       2.545     0.912500        72926        11.43
       2.651     0.925000        73918        13.33
       2.785     0.937500        74918        16.00
       2.867     0.943750        75414        17.78
       2.961     0.950000        75918        20.00
       3.081     0.956250        76416        22.86
       3.247     0.962500        76911        26.67
       3.461     0.968750        77409        32.00
       3.613     0.971875        77660        35.56
       3.845     0.975000        77910        40.00
       4.167     0.978125        78159        45.71
       4.603     0.981250        78408        53.33
       5.479     0.984375        78659        64.00
       5.951     0.985938        78783        71.11
       6.635     0.987500        78908        80.00
       7.503     0.989062        79033        91.43
       8.423     0.990625        79157       106.67
       9.359     0.992188        79283       128.00
       9.775     0.992969        79347       142.22
      10.303     0.993750        79407       160.00
      10.799     0.994531        79470       182.86
      11.319     0.995313        79532       213.33
      11.783     0.996094        79594       256.00
      12.063     0.996484        79627       284.44
      12.279     0.996875        79657       320.00
      12.599     0.997266        79688       365.71
      12.839     0.997656        79719       426.67
      13.119     0.998047        79750       512.00
      13.295     0.998242        79766       568.89
      13.511     0.998437        79782       640.00
      13.655     0.998633        79797       731.43
      13.895     0.998828        79813       853.33
      14.103     0.999023        79829      1024.00
      14.175     0.999121        79836      1137.78
      14.375     0.999219        79845      1280.00
      14.503     0.999316        79852      1462.86
      14.687     0.999414        79860      1706.67
      14.895     0.999512        79869      2048.00
      14.935     0.999561        79871      2275.56
      15.135     0.999609        79875      2560.00
      15.551     0.999658        79879      2925.71
      15.751     0.999707        79883      3413.33
      15.951     0.999756        79887      4096.00
      16.415     0.999780        79889      4551.11
      16.671     0.999805        79891      5120.00
      17.583     0.999829        79893      5851.43
      18.383     0.999854        79895      6826.67
      19.311     0.999878        79897      8192.00
      20.031     0.999890        79898      9102.22
      20.127     0.999902        79899     10240.00
      20.847     0.999915        79900     11702.86
      21.327     0.999927        79901     13653.33
      21.743     0.999939        79902     16384.00
      21.743     0.999945        79902     18204.44
      22.207     0.999951        79903     20480.00
      22.207     0.999957        79903     23405.71
      22.895     0.999963        79904     27306.67
      22.895     0.999969        79904     32768.00
      22.895     0.999973        79904     36408.89
      23.455     0.999976        79905     40960.00
      23.455     0.999979        79905     46811.43
      23.455     0.999982        79905     54613.33
      23.455     0.999985        79905     65536.00
      23.455     0.999986        79905     72817.78
      23.823     0.999988        79906     81920.00
      23.823     1.000000        79906          inf
#[Mean    =        1.607, StdDeviation   =        1.293]
#[Max     =       23.808, Total count    =        79906]
#[Buckets =           27, SubBuckets     =         2048]
----------------------------------------------------------
  79908 requests in 10.00s, 13.34MB read
Requests/sec:   7990.91
Transfer/sec:      1.33MB
