Running 10s test @ http://localhost
  2 threads and 10 connections
  Thread Stats   Avg      Stdev     Max   +/- Stdev
    Latency     1.47ms  829.59us  16.66ms   79.88%
    Req/Sec       -nan      -nan   0.00      0.00%
  Latency Distribution (HdrHistogram - Recorded Latency)
 50.000%    1.37ms
 75.000%    1.85ms
 90.000%    2.33ms
 99.000%    3.95ms
 99.900%    9.92ms
 99.990%   14.51ms
 99.999%   16.33ms
100.000%   16.67ms

  Detailed Percentile spectrum:
       Value   Percentile   TotalCount 1/(1-Percentile)

       0.102     0.000000            1         1.00
       0.652     0.100000         7995         1.11
       0.855     0.200000        16015         1.25
       1.030     0.300000        23995         1.43
       1.198     0.400000        31974         1.67
       1.367     0.500000        39999         2.00
       1.453     0.550000        43987         2.22
       1.542     0.600000        47977         2.50
       1.637     0.650000        51972         2.86
       1.737     0.700000        55948         3.33
       1.848     0.750000        59955         4.00
       1.907     0.775000        61950         4.44
       1.969     0.800000        63931         5.00
       2.040     0.825000        65936         5.71
       2.121     0.850000        67953         6.67
       2.215     0.875000        69951         8.00
       2.269     0.887500        70940         8.89
       2.327     0.900000        71925        10.00
       2.391     0.912500        72924        11.43
       2.471     0.925000        73913        13.33
       2.569     0.937500        74914        16.00
       2.623     0.943750        75414        17.78
       2.685     0.950000        75912        20.00
       2.757     0.956250        76410        22.86
       2.839     0.962500        76911        26.67
       2.945     0.968750        77411        32.00
       3.009     0.971875        77658        35.56
       3.081     0.975000        77908        40.00
       3.179     0.978125        78160        45.71
       3.299     0.981250        78410        53.33
       3.463     0.984375        78656        64.00
       3.567     0.985938        78781        71.11
       3.685     0.987500        78908        80.00
       3.855     0.989062        79032        91.43
       4.051     0.990625        79157       106.67
       4.259     0.992188        79282       128.00
       4.395     0.992969        79343       142.22
       4.595     0.993750        79405       160.00
       4.811     0.994531        79469       182.86
       5.087     0.995313        79530       213.33
       5.523     0.996094        79592       256.00
       5.899     0.996484        79624       284.44
       6.171     0.996875        79655       320.00
       6.559     0.997266        79686       365.71
       7.131     0.997656        79717       426.67
       7.951     0.998047        79748       512.00
       8.319     0.998242        79764       568.89
       8.735     0.998437        79780       640.00
       9.151     0.998633        79795       731.43
       9.671     0.998828        79811       853.33
      10.063     0.999023        79826      1024.00
      10.231     0.999121        79834      1137.78
      10.767     0.999219        79842      1280.00
      11.039     0.999316        79851      1462.86
      11.383     0.999414        79858      1706.67
      11.719     0.999512        79865      2048.00
      11.927     0.999561        79869      2275.56
      12.383     0.999609        79873      2560.00
      12.647     0.999658        79878      2925.71
      12.791     0.999707        79881      3413.33
      13.095     0.999756        79885      4096.00
      13.247     0.999780        79887      4551.11
      13.335     0.999805        79889      5120.00
      13.647     0.999829        79891      5851.43
      13.919     0.999854        79893      6826.67
      14.111     0.999878        79895      8192.00
      14.511     0.999890        79896      9102.22
      14.599     0.999902        79897     10240.00
      14.823     0.999915        79898     11702.86
      15.519     0.999927        79899     13653.33
      15.727     0.999939        79900     16384.00
      15.727     0.999945        79900     18204.44
      16.087     0.999951        79901     20480.00
      16.087     0.999957        79901     23405.71
      16.311     0.999963        79902     27306.67
      16.311     0.999969        79902     32768.00
      16.311     0.999973        79902     36408.89
      16.327     0.999976        79903     40960.00
      16.327     0.999979        79903     46811.43
      16.327     0.999982        79903     54613.33
      16.327     0.999985        79903     65536.00
      16.327     0.999986        79903     72817.78
      16.671     0.999988        79904     81920.00
      16.671     1.000000        79904          inf
#[Mean    =        1.474, StdDeviation   =        0.830]
#[Max     =       16.656, Total count    =        79904]
#[Buckets =           27, SubBuckets     =         2048]
----------------------------------------------------------
  79906 requests in 10.00s, 13.34MB read
Requests/sec:   7991.14
Transfer/sec:      1.33MB
