Running 10s test @ http://localhost
  2 threads and 10 connections
  Thread Stats   Avg      Stdev     Max   +/- Stdev
    Latency     1.52ms    0.99ms  22.48ms   87.08%
    Req/Sec       -nan      -nan   0.00      0.00%
  Latency Distribution (HdrHistogram - Recorded Latency)
 50.000%    1.38ms
 75.000%    1.86ms
 90.000%    2.38ms
 99.000%    4.76ms
 99.900%   13.26ms
 99.990%   18.51ms
 99.999%   22.17ms
100.000%   22.50ms

  Detailed Percentile spectrum:
       Value   Percentile   TotalCount 1/(1-Percentile)

       0.134     0.000000            1         1.00
       0.665     0.100000         8018         1.11
       0.873     0.200000        16014         1.25
       1.050     0.300000        23987         1.43
       1.214     0.400000        32012         1.67
       1.376     0.500000        39965         2.00
       1.461     0.550000        43987         2.22
       1.549     0.600000        47962         2.50
       1.642     0.650000        51951         2.86
       1.744     0.700000        55939         3.33
       1.858     0.750000        59932         4.00
       1.921     0.775000        61962         4.44
       1.987     0.800000        63938         5.00
       2.063     0.825000        65942         5.71
       2.151     0.850000        67929         6.67
       2.251     0.875000        69920         8.00
       2.313     0.887500        70922         8.89
       2.381     0.900000        71943        10.00
       2.455     0.912500        72932        11.43
       2.539     0.925000        73921        13.33
       2.649     0.937500        74917        16.00
       2.715     0.943750        75412        17.78
       2.789     0.950000        75910        20.00
       2.889     0.956250        76410        22.86
       3.013     0.962500        76912        26.67
       3.161     0.968750        77414        32.00
       3.251     0.971875        77664        35.56
       3.369     0.975000        77908        40.00
       3.529     0.978125        78161        45.71
       3.691     0.981250        78408        53.33
       3.931     0.984375        78658        64.00
       4.103     0.985938        78783        71.11
       4.295     0.987500        78910        80.00
       4.563     0.989062        79032        91.43
       4.907     0.990625        79156       106.67
       5.335     0.992188        79281       128.00
       5.663     0.992969        79344       142.22
       6.011     0.993750        79407       160.00
       6.339     0.994531        79470       182.86
       6.855     0.995313        79531       213.33
       7.475     0.996094        79594       256.00
       7.859     0.996484        79626       284.44
       8.375     0.996875        79656       320.00
       8.767     0.997266        79687       365.71
       9.535     0.997656        79718       426.67
      10.271     0.998047        79749       512.00
      10.823     0.998242        79765       568.89
      11.311     0.998437        79781       640.00
      12.111     0.998633        79797       731.43
      12.759     0.998828        79812       853.33
      13.279     0.999023        79827      1024.00
      13.519     0.999121        79835      1137.78
      13.887     0.999219        79843      1280.00
      14.167     0.999316        79851      1462.86
      14.319     0.999414        79859      1706.67
      14.823     0.999512        79866      2048.00
      14.927     0.999561        79870      2275.56
      14.975     0.999609        79874      2560.00
      15.135     0.999658        79879      2925.71
      15.215     0.999707        79882      3413.33
      15.559     0.999756        79886      4096.00
      15.695     0.999780        79888      4551.11
      15.799     0.999805        79890      5120.00
      16.311     0.999829        79892      5851.43
      16.831     0.999854        79894      6826.67
      17.679     0.999878        79896      8192.00
      18.511     0.999890        79897      9102.22
      18.703     0.999902        79898     10240.00
      19.599     0.999915        79899     11702.86
      20.559     0.999927        79900     13653.33
      20.991     0.999939        79901     16384.00
      20.991     0.999945        79901     18204.44
      21.887     0.999951        79902     20480.00
      21.887     0.999957        79902     23405.71
      22.015     0.999963        79903     27306.67
      22.015     0.999969        79903     32768.00
      22.015     0.999973        79903     36408.89
      22.175     0.999976        79904     40960.00
      22.175     0.999979        79904     46811.43
      22.175     0.999982        79904     54613.33
      22.175     0.999985        79904     65536.00
      22.175     0.999986        79904     72817.78
      22.495     0.999988        79905     81920.00
      22.495     1.000000        79905          inf
#[Mean    =        1.521, StdDeviation   =        0.988]
#[Max     =       22.480, Total count    =        79905]
#[Buckets =           27, SubBuckets     =         2048]
----------------------------------------------------------
  79907 requests in 10.00s, 13.34MB read
Requests/sec:   7990.36
Transfer/sec:      1.33MB
