Running 10s test @ http://localhost
  2 threads and 10 connections
  Thread Stats   Avg      Stdev     Max   +/- Stdev
    Latency     1.54ms    0.97ms  15.18ms   84.70%
    Req/Sec       -nan      -nan   0.00      0.00%
  Latency Distribution (HdrHistogram - Recorded Latency)
 50.000%    1.38ms
 75.000%    1.89ms
 90.000%    2.44ms
 99.000%    5.38ms
 99.900%   10.14ms
 99.990%   13.25ms
 99.999%   14.55ms
100.000%   15.19ms

  Detailed Percentile spectrum:
       Value   Percentile   TotalCount 1/(1-Percentile)

       0.135     0.000000            1         1.00
       0.661     0.100000         8011         1.11
       0.864     0.200000        15995         1.25
       1.041     0.300000        23985         1.43
       1.209     0.400000        31981         1.67
       1.380     0.500000        39957         2.00
       1.473     0.550000        43989         2.22
       1.564     0.600000        47954         2.50
       1.664     0.650000        51959         2.86
       1.772     0.700000        55937         3.33
       1.892     0.750000        59948         4.00
       1.954     0.775000        61929         4.44
       2.025     0.800000        63953         5.00
       2.105     0.825000        65974         5.71
       2.197     0.850000        67951         6.67
       2.305     0.875000        69939         8.00
       2.369     0.887500        70953         8.89
       2.441     0.900000        71941        10.00
       2.525     0.912500        72918        11.43
       2.623     0.925000        73925        13.33
       2.749     0.937500        74917        16.00
       2.827     0.943750        75424        17.78
       2.919     0.950000        75916        20.00
       3.027     0.956250        76416        22.86
       3.169     0.962500        76912        26.67
       3.361     0.968750        77413        32.00
       3.489     0.971875        77662        35.56
       3.651     0.975000        77912        40.00
       3.837     0.978125        78162        45.71
       4.069     0.981250        78411        53.33
       4.363     0.984375        78661        64.00
       4.575     0.985938        78787        71.11
       4.831     0.987500        78911        80.00
       5.159     0.989062        79036        91.43
       5.551     0.990625        79159       106.67
       6.003     0.992188        79284       128.00
       6.359     0.992969        79347       142.22
       6.691     0.993750        79410       160.00
       7.011     0.994531        79473       182.86
       7.487     0.995313        79534       213.33
       7.915     0.996094        79596       256.00
       8.143     0.996484        79629       284.44
       8.351     0.996875        79659       320.00
       8.599     0.997266        79691       365.71
       8.863     0.997656        79721       426.67
       9.175     0.998047        79752       512.00
       9.319     0.998242        79770       568.89
       9.431     0.998437        79784       640.00
       9.695     0.998633        79799       731.43
       9.903     0.998828        79815       853.33
      10.183     0.999023        79830      1024.00
      10.287     0.999121        79838      1137.78
      10.527     0.999219        79846      1280.00
      10.639     0.999316        79854      1462.86
      10.799     0.999414        79862      1706.67
      11.103     0.999512        79870      2048.00
      11.175     0.999561        79873      2275.56
      11.255     0.999609        79877      2560.00
      11.615     0.999658        79881      2925.71
      11.663     0.999707        79885      3413.33
      12.087     0.999756        79889      4096.00
      12.295     0.999780        79891      4551.11
      12.503     0.999805        79893      5120.00
      12.727     0.999829        79895      5851.43
      12.823     0.999854        79897      6826.67
      12.951     0.999878        79899      8192.00
      13.247     0.999890        79900      9102.22
      13.375     0.999902        79901     10240.00
      13.551     0.999915        79902     11702.86
      13.735     0.999927        79903     13653.33
      13.815     0.999939        79904     16384.00
      13.815     0.999945        79904     18204.44
      13.871     0.999951        79905     20480.00
      13.871     0.999957        79905     23405.71
      14.095     0.999963        79906     27306.67
      14.095     0.999969        79906     32768.00
      14.095     0.999973        79906     36408.89
      14.551     0.999976        79907     40960.00
      14.551     0.999979        79907     46811.43
      14.551     0.999982        79907     54613.33
      14.551     0.999985        79907     65536.00
      14.551     0.999986        79907     72817.78
      15.191     0.999988        79908     81920.00
      15.191     1.000000        79908          inf
#[Mean    =        1.542, StdDeviation   =        0.971]
#[Max     =       15.184, Total count    =        79908]
#[Buckets =           27, SubBuckets     =         2048]
----------------------------------------------------------
  79914 requests in 10.00s, 13.34MB read
Requests/sec:   7991.77
Transfer/sec:      1.33MB
