Running 10s test @ http://localhost
  2 threads and 10 connections
  Thread Stats   Avg      Stdev     Max   +/- Stdev
    Latency     1.58ms    1.19ms  19.34ms   92.26%
    Req/Sec       -nan      -nan   0.00      0.00%
  Latency Distribution (HdrHistogram - Recorded Latency)
 50.000%    1.39ms
 75.000%    1.90ms
 90.000%    2.43ms
 99.000%    6.20ms
 99.900%   15.45ms
 99.990%   18.01ms
 99.999%   18.78ms
100.000%   19.36ms

  Detailed Percentile spectrum:
       Value   Percentile   TotalCount 1/(1-Percentile)

       0.128     0.000000            1         1.00
       0.652     0.100000         8030         1.11
       0.860     0.200000        16013         1.25
       1.044     0.300000        24004         1.43
       1.218     0.400000        31971         1.67
       1.395     0.500000        39998         2.00
       1.485     0.550000        43980         2.22
       1.580     0.600000        47948         2.50
       1.679     0.650000        51956         2.86
       1.788     0.700000        55952         3.33
       1.902     0.750000        59933         4.00
       1.967     0.775000        61931         4.44
       2.038     0.800000        63936         5.00
       2.115     0.825000        65956         5.71
       2.201     0.850000        67924         6.67
       2.309     0.875000        69950         8.00
       2.369     0.887500        70934         8.89
       2.435     0.900000        71941        10.00
       2.517     0.912500        72921        11.43
       2.619     0.925000        73930        13.33
       2.757     0.937500        74924        16.00
       2.835     0.943750        75420        17.78
       2.939     0.950000        75919        20.00
       3.047     0.956250        76423        22.86
       3.195     0.962500        76913        26.67
       3.399     0.968750        77413        32.00
       3.549     0.971875        77664        35.56
       3.743     0.975000        77912        40.00
       3.981     0.978125        78165        45.71
       4.271     0.981250        78411        53.33
       4.691     0.984375        78660        64.00
       4.987     0.985938        78785        71.11
       5.347     0.987500        78910        80.00
       5.851     0.989062        79036        91.43
       6.495     0.990625        79159       106.67
       7.279     0.992188        79284       128.00
       7.747     0.992969        79347       142.22
       8.231     0.993750        79410       160.00
       8.799     0.994531        79472       182.86
       9.343     0.995313        79534       213.33
      10.127     0.996094        79596       256.00
      10.535     0.996484        79628       284.44
      11.031     0.996875        79660       320.00
      11.631     0.997266        79690       365.71
      12.343     0.997656        79722       426.67
      13.391     0.998047        79754       512.00
      13.879     0.998242        79769       568.89
      14.207     0.998437        79784       640.00
      14.663     0.998633        79799       731.43
      15.231     0.998828        79815       853.33
      15.495     0.999023        79830      1024.00
      15.839     0.999121        79838      1137.78
      15.959     0.999219        79846      1280.00
      16.327     0.999316        79854      1462.86
      16.479     0.999414        79862      1706.67
      16.671     0.999512        79869      2048.00
      16.975     0.999561        79873      2275.56
      17.103     0.999609        79877      2560.00
      17.231     0.999658        79881      2925.71
      17.375     0.999707        79885      3413.33
      17.471     0.999756        79890      4096.00
      17.647     0.999780        79891      4551.11
      17.695     0.999805        79893      5120.00
      17.775     0.999829        79895      5851.43
      17.903     0.999854        79897      6826.67
      17.999     0.999878        79899      8192.00
      18.015     0.999890        79900      9102.22
      18.031     0.999902        79901     10240.00
      18.255     0.999915        79902     11702.86
      18.447     0.999927        79903     13653.33
      18.559     0.999939        79904     16384.00
      18.559     0.999945        79904     18204.44
      18.575     0.999951        79905     20480.00
      18.575     0.999957        79905     23405.71
      18.671     0.999963        79906     27306.67
      18.671     0.999969        79906     32768.00
      18.671     0.999973        79906     36408.89
      18.783     0.999976        79907     40960.00
      18.783     0.999979        79907     46811.43
      18.783     0.999982        79907     54613.33
      18.783     0.999985        79907     65536.00
      18.783     0.999986        79907     72817.78
      19.359     0.999988        79908     81920.00
      19.359     1.000000        79908          inf
#[Mean    =        1.577, StdDeviation   =        1.189]
#[Max     =       19.344, Total count    =        79908]
#[Buckets =           27, SubBuckets     =         2048]
----------------------------------------------------------
  79911 requests in 10.00s, 13.34MB read
Requests/sec:   7991.08
Transfer/sec:      1.33MB
