Running 10s test @ http://localhost
  2 threads and 10 connections
  Thread Stats   Avg      Stdev     Max   +/- Stdev
    Latency     1.58ms    1.13ms  15.84ms   90.84%
    Req/Sec       -nan      -nan   0.00      0.00%
  Latency Distribution (HdrHistogram - Recorded Latency)
 50.000%    1.39ms
 75.000%    1.90ms
 90.000%    2.44ms
 99.000%    6.49ms
 99.900%   13.47ms
 99.990%   15.20ms
 99.999%   15.69ms
100.000%   15.85ms

  Detailed Percentile spectrum:
       Value   Percentile   TotalCount 1/(1-Percentile)

       0.094     0.000000            1         1.00
       0.667     0.100000         8017         1.11
       0.877     0.200000        16016         1.25
       1.057     0.300000        24025         1.43
       1.222     0.400000        32001         1.67
       1.395     0.500000        39970         2.00
       1.482     0.550000        43963         2.22
       1.576     0.600000        47949         2.50
       1.675     0.650000        51957         2.86
       1.782     0.700000        55938         3.33
       1.898     0.750000        59952         4.00
       1.961     0.775000        61939         4.44
       2.030     0.800000        63932         5.00
       2.111     0.825000        65934         5.71
       2.199     0.850000        67936         6.67
       2.305     0.875000        69935         8.00
       2.369     0.887500        70918         8.89
       2.443     0.900000        71921        10.00
       2.525     0.912500        72921        11.43
       2.623     0.925000        73923        13.33
       2.739     0.937500        74920        16.00
       2.821     0.943750        75415        17.78
       2.905     0.950000        75911        20.00
       3.021     0.956250        76415        22.86
       3.169     0.962500        76918        26.67
       3.371     0.968750        77409        32.00
       3.511     0.971875        77662        35.56
       3.683     0.975000        77909        40.00
       3.915     0.978125        78163        45.71
       4.231     0.981250        78410        53.33
       4.783     0.984375        78659        64.00
       5.127     0.985938        78784        71.11
       5.559     0.987500        78908        80.00
       6.159     0.989062        79034        91.43
       6.751     0.990625        79157       106.67
       7.455     0.992188        79283       128.00
       7.819     0.992969        79345       142.22
       8.179     0.993750        79407       160.00
       8.639     0.994531        79472       182.86
       9.255     0.995313        79532       213.33
       9.903     0.996094        79594       256.00
      10.255     0.996484        79626       284.44
      10.727     0.996875        79657       320.00
      11.127     0.997266        79688       365.71
      11.719     0.997656        79719       426.67
      12.239     0.998047        79750       512.00
      12.423     0.998242        79766       568.89
      12.679     0.998437        79782       640.00
      12.911     0.998633        79798       731.43
      13.215     0.998828        79813       853.33
      13.495     0.999023        79828      1024.00
      13.703     0.999121        79836      1137.78
      13.751     0.999219        79844      1280.00
      13.975     0.999316        79852      1462.86
      14.151     0.999414        79860      1706.67
      14.311     0.999512        79867      2048.00
      14.383     0.999561        79872      2275.56
      14.559     0.999609        79875      2560.00
      14.727     0.999658        79879      2925.71
      14.783     0.999707        79883      3413.33
      14.887     0.999756        79887      4096.00
      14.903     0.999780        79889      4551.11
      14.983     0.999805        79891      5120.00
      15.071     0.999829        79893      5851.43
      15.087     0.999854        79895      6826.67
      15.111     0.999878        79897      8192.00
      15.199     0.999890        79898      9102.22
      15.295     0.999902        79899     10240.00
      15.311     0.999915        79900     11702.86
      15.367     0.999927        79901     13653.33
      15.407     0.999939        79902     16384.00
      15.407     0.999945        79902     18204.44
      15.527     0.999951        79903     20480.00
      15.527     0.999957        79903     23405.71
      15.591     0.999963        79904     27306.67
      15.591     0.999969        79904     32768.00
      15.591     0.999973        79904     36408.89
      15.687     0.999976        79905     40960.00
      15.687     0.999979        79905     46811.43
      15.687     0.999982        79905     54613.33
      15.687     0.999985        79905     65536.00
      15.687     0.999986        79905     72817.78
      15.847     0.999988        79906     81920.00
      15.847     1.000000        79906          inf
#[Mean    =        1.575, StdDeviation   =        1.134]
#[Max     =       15.840, Total count    =        79906]
#[Buckets =           27, SubBuckets     =         2048]
----------------------------------------------------------
  79910 requests in 10.00s, 13.34MB read
Requests/sec:   7990.24
Transfer/sec:      1.33MB
