Running 10s test @ http://localhost
  2 threads and 10 connections
  Thread Stats   Avg      Stdev     Max   +/- Stdev
    Latency     1.74ms    2.08ms  40.90ms   96.57%
    Req/Sec       -nan      -nan   0.00      0.00%
  Latency Distribution (HdrHistogram - Recorded Latency)
 50.000%    1.40ms
 75.000%    1.91ms
 90.000%    2.52ms
 99.000%   12.02ms
 99.900%   28.43ms
 99.990%   38.17ms
 99.999%   40.48ms
100.000%   40.93ms

  Detailed Percentile spectrum:
       Value   Percentile   TotalCount 1/(1-Percentile)

       0.136     0.000000            1         1.00
       0.670     0.100000         8008         1.11
       0.877     0.200000        16015         1.25
       1.057     0.300000        23996         1.43
       1.228     0.400000        31998         1.67
       1.402     0.500000        39965         2.00
       1.493     0.550000        43979         2.22
       1.588     0.600000        47982         2.50
       1.687     0.650000        51964         2.86
       1.796     0.700000        55946         3.33
       1.915     0.750000        59932         4.00
       1.983     0.775000        61939         4.44
       2.059     0.800000        63966         5.00
       2.145     0.825000        65948         5.71
       2.241     0.850000        67951         6.67
       2.359     0.875000        69923         8.00
       2.433     0.887500        70941         8.89
       2.515     0.900000        71923        10.00
       2.613     0.912500        72926        11.43
       2.739     0.925000        73916        13.33
       2.901     0.937500        74915        16.00
       3.011     0.943750        75422        17.78
       3.147     0.950000        75918        20.00
       3.349     0.956250        76414        22.86
       3.623     0.962500        76914        26.67
       4.049     0.968750        77413        32.00
       4.355     0.971875        77663        35.56
       4.791     0.975000        77913        40.00
       5.339     0.978125        78163        45.71
       6.143     0.981250        78411        53.33
       7.731     0.984375        78661        64.00
       8.783     0.985938        78786        71.11
      10.039     0.987500        78911        80.00
      11.207     0.989062        79035        91.43
      12.535     0.990625        79161       106.67
      13.991     0.992188        79286       128.00
      14.759     0.992969        79349       142.22
      15.455     0.993750        79410       160.00
      16.247     0.994531        79472       182.86
      16.991     0.995313        79535       213.33
      17.775     0.996094        79598       256.00
      18.415     0.996484        79630       284.44
      19.119     0.996875        79660       320.00
      19.775     0.997266        79691       365.71
      21.039     0.997656        79722       426.67
      22.351     0.998047        79753       512.00
      22.927     0.998242        79769       568.89
      23.567     0.998437        79785       640.00
      24.607     0.998633        79800       731.43
      26.575     0.998828        79816       853.33
      28.751     0.999023        79831      1024.00
      30.655     0.999121        79839      1137.78
      31.855     0.999219        79847      1280.00
      32.799     0.999316        79855      1462.86
      33.279     0.999414        79863      1706.67
      33.791     0.999512        79870      2048.00
      34.303     0.999561        79874      2275.56
      34.879     0.999609        79878      2560.00
      35.263     0.999658        79882      2925.71
      35.839     0.999707        79886      3413.33
      36.319     0.999756        79891      4096.00
      36.479     0.999780        79892      4551.11
      36.991     0.999805        79894      5120.00
      37.663     0.999829        79896      5851.43
      37.855     0.999854        79898      6826.67
      38.015     0.999878        79900      8192.00
      38.175     0.999890        79901      9102.22
      38.271     0.999902        79902     10240.00
      38.367     0.999915        79903     11702.86
      38.559     0.999927        79904     13653.33
      38.783     0.999939        79905     16384.00
      38.783     0.999945        79905     18204.44
      39.519     0.999951        79906     20480.00
      39.519     0.999957        79906     23405.71
      39.679     0.999963        79907     27306.67
      39.679     0.999969        79907     32768.00
      39.679     0.999973        79907     36408.89
      40.479     0.999976        79908     40960.00
      40.479     0.999979        79908     46811.43
      40.479     0.999982        79908     54613.33
      40.479     0.999985        79908     65536.00
      40.479     0.999986        79908     72817.78
      40.927     0.999988        79909     81920.00
      40.927     1.000000        79909          inf
#[Mean    =        1.736, StdDeviation   =        2.084]
#[Max     =       40.896, Total count    =        79909]
#[Buckets =           27, SubBuckets     =         2048]
----------------------------------------------------------
  79913 requests in 10.00s, 13.34MB read
Requests/sec:   7990.89
Transfer/sec:      1.33MB
