Running 10s test @ http://localhost
  2 threads and 10 connections
  Thread Stats   Avg      Stdev     Max   +/- Stdev
    Latency     1.68ms    1.50ms  22.54ms   94.90%
    Req/Sec       -nan      -nan   0.00      0.00%
  Latency Distribution (HdrHistogram - Recorded Latency)
 50.000%    1.42ms
 75.000%    1.95ms
 90.000%    2.56ms
 99.000%    8.48ms
 99.900%   17.33ms
 99.990%   21.69ms
 99.999%   22.38ms
100.000%   22.56ms

  Detailed Percentile spectrum:
       Value   Percentile   TotalCount 1/(1-Percentile)

       0.154     0.000000            1         1.00
       0.667     0.100000         8004         1.11
       0.880     0.200000        16002         1.25
       1.065     0.300000        23977         1.43
       1.245     0.400000        31997         1.67
       1.421     0.500000        39959         2.00
       1.516     0.550000        43981         2.22
       1.614     0.600000        47973         2.50
       1.720     0.650000        51949         2.86
       1.830     0.700000        55949         3.33
       1.951     0.750000        59935         4.00
       2.018     0.775000        61950         4.44
       2.093     0.800000        63956         5.00
       2.177     0.825000        65946         5.71
       2.277     0.850000        67943         6.67
       2.393     0.875000        69929         8.00
       2.473     0.887500        70936         8.89
       2.559     0.900000        71950        10.00
       2.661     0.912500        72926        11.43
       2.789     0.925000        73926        13.33
       2.951     0.937500        74928        16.00
       3.055     0.943750        75424        17.78
       3.197     0.950000        75920        20.00
       3.371     0.956250        76417        22.86
       3.613     0.962500        76918        26.67
       3.951     0.968750        77416        32.00
       4.199     0.971875        77667        35.56
       4.511     0.975000        77916        40.00
       4.975     0.978125        78166        45.71
       5.523     0.981250        78415        53.33
       6.215     0.984375        78667        64.00
       6.687     0.985938        78790        71.11
       7.259     0.987500        78915        80.00
       7.947     0.989062        79039        91.43
       8.943     0.990625        79164       106.67
      10.271     0.992188        79289       128.00
      11.079     0.992969        79352       142.22
      11.655     0.993750        79414       160.00
      12.407     0.994531        79476       182.86
      13.143     0.995313        79539       213.33
      13.807     0.996094        79601       256.00
      14.111     0.996484        79634       284.44
      14.527     0.996875        79664       320.00
      14.839     0.997266        79695       365.71
      15.367     0.997656        79726       426.67
      15.775     0.998047        79757       512.00
      16.063     0.998242        79773       568.89
      16.303     0.998437        79790       640.00
      16.623     0.998633        79805       731.43
      16.847     0.998828        79820       853.33
      17.375     0.999023        79835      1024.00
      17.503     0.999121        79843      1137.78
      17.855     0.999219        79851      1280.00
      18.063     0.999316        79859      1462.86
      18.463     0.999414        79867      1706.67
      19.151     0.999512        79874      2048.00
      19.567     0.999561        79878      2275.56
      19.887     0.999609        79882      2560.00
      20.095     0.999658        79886      2925.71
      20.623     0.999707        79890      3413.33
      20.847     0.999756        79894      4096.00
      20.895     0.999780        79897      4551.11
      20.927     0.999805        79898      5120.00
      21.151     0.999829        79900      5851.43
      21.343     0.999854        79902      6826.67
      21.647     0.999878        79904      8192.00
      21.695     0.999890        79905      9102.22
      21.727     0.999902        79906     10240.00
      21.791     0.999915        79907     11702.86
      21.919     0.999927        79909     13653.33
      21.919     0.999939        79909     16384.00
      21.919     0.999945        79909     18204.44
      22.111     0.999951        79910     20480.00
      22.111     0.999957        79910     23405.71
      22.271     0.999963        79911     27306.67
      22.271     0.999969        79911     32768.00
      22.271     0.999973        79911     36408.89
      22.383     0.999976        79912     40960.00
      22.383     0.999979        79912     46811.43
      22.383     0.999982        79912     54613.33
      22.383     0.999985        79912     65536.00
      22.383     0.999986        79912     72817.78
      22.559     0.999988        79913     81920.00
      22.559     1.000000        79913          inf
#[Mean    =        1.678, StdDeviation   =        1.496]
#[Max     =       22.544, Total count    =        79913]
#[Buckets =           27, SubBuckets     =         2048]
----------------------------------------------------------
  79915 requests in 10.00s, 13.34MB read
Requests/sec:   7991.65
Transfer/sec:      1.33MB
