Running 10s test @ http://localhost
  2 threads and 10 connections
  Thread Stats   Avg      Stdev     Max   +/- Stdev
    Latency     1.76ms    1.64ms  22.19ms   94.71%
    Req/Sec       -nan      -nan   0.00      0.00%
  Latency Distribution (HdrHistogram - Recorded Latency)
 50.000%    1.44ms
 75.000%    1.98ms
 90.000%    2.64ms
 99.000%   10.53ms
 99.900%   16.86ms
 99.990%   20.93ms
 99.999%   22.16ms
100.000%   22.21ms

  Detailed Percentile spectrum:
       Value   Percentile   TotalCount 1/(1-Percentile)

       0.107     0.000000            1         1.00
       0.685     0.100000         8008         1.11
       0.895     0.200000        15994         1.25
       1.078     0.300000        23999         1.43
       1.257     0.400000        31969         1.67
       1.439     0.500000        40003         2.00
       1.531     0.550000        43962         2.22
       1.633     0.600000        47983         2.50
       1.740     0.650000        51966         2.86
       1.856     0.700000        55952         3.33
       1.981     0.750000        59940         4.00
       2.055     0.775000        61953         4.44
       2.135     0.800000        63936         5.00
       2.223     0.825000        65950         5.71
       2.331     0.850000        67961         6.67
       2.463     0.875000        69933         8.00
       2.541     0.887500        70933         8.89
       2.645     0.900000        71930        10.00
       2.765     0.912500        72931        11.43
       2.923     0.925000        73921        13.33
       3.145     0.937500        74917        16.00
       3.289     0.943750        75416        17.78
       3.493     0.950000        75917        20.00
       3.773     0.956250        76418        22.86
       4.235     0.962500        76917        26.67
       4.887     0.968750        77413        32.00
       5.367     0.971875        77664        35.56
       5.999     0.975000        77914        40.00
       6.687     0.978125        78162        45.71
       7.523     0.981250        78413        53.33
       8.583     0.984375        78662        64.00
       9.087     0.985938        78787        71.11
       9.671     0.987500        78915        80.00
      10.231     0.989062        79037        91.43
      10.743     0.990625        79163       106.67
      11.303     0.992188        79287       128.00
      11.575     0.992969        79349       142.22
      11.919     0.993750        79411       160.00
      12.279     0.994531        79473       182.86
      12.783     0.995313        79536       213.33
      13.295     0.996094        79598       256.00
      13.623     0.996484        79633       284.44
      13.879     0.996875        79663       320.00
      14.223     0.997266        79693       365.71
      14.647     0.997656        79724       426.67
      15.087     0.998047        79754       512.00
      15.279     0.998242        79770       568.89
      15.695     0.998437        79786       640.00
      16.015     0.998633        79801       731.43
      16.399     0.998828        79817       853.33
      16.895     0.999023        79832      1024.00
      17.199     0.999121        79840      1137.78
      17.423     0.999219        79848      1280.00
      17.775     0.999316        79856      1462.86
      18.143     0.999414        79864      1706.67
      18.463     0.999512        79871      2048.00
      18.687     0.999561        79875      2275.56
      19.071     0.999609        79879      2560.00
      19.247     0.999658        79883      2925.71
      19.423     0.999707        79887      3413.33
      19.711     0.999756        79891      4096.00
      20.031     0.999780        79893      4551.11
      20.223     0.999805        79895      5120.00
      20.527     0.999829        79897      5851.43
      20.623     0.999854        79899      6826.67
      20.895     0.999878        79901      8192.00
      20.927     0.999890        79902      9102.22
      21.103     0.999902        79903     10240.00
      21.231     0.999915        79904     11702.86
      21.455     0.999927        79906     13653.33
      21.455     0.999939        79906     16384.00
      21.455     0.999945        79906     18204.44
      21.487     0.999951        79907     20480.00
      21.487     0.999957        79907     23405.71
      21.759     0.999963        79908     27306.67
      21.759     0.999969        79908     32768.00
      21.759     0.999973        79908     36408.89
      22.159     0.999976        79909     40960.00
      22.159     0.999979        79909     46811.43
      22.159     0.999982        79909     54613.33
      22.159     0.999985        79909     65536.00
      22.159     0.999986        79909     72817.78
      22.207     0.999988        79910     81920.00
      22.207     1.000000        79910          inf
#[Mean    =        1.756, StdDeviation   =        1.636]
#[Max     =       22.192, Total count    =        79910]
#[Buckets =           27, SubBuckets     =         2048]
----------------------------------------------------------
  79913 requests in 10.00s, 13.34MB read
Requests/sec:   7990.59
Transfer/sec:      1.33MB
