Running 10s test @ http://localhost
  2 threads and 10 connections
  Thread Stats   Avg      Stdev     Max   +/- Stdev
    Latency     1.65ms    1.42ms  29.86ms   94.70%
    Req/Sec       -nan      -nan   0.00      0.00%
  Latency Distribution (HdrHistogram - Recorded Latency)
 50.000%    1.40ms
 75.000%    1.92ms
 90.000%    2.51ms
 99.000%    8.08ms
 99.900%   16.31ms
 99.990%   23.09ms
 99.999%   29.84ms
100.000%   29.87ms

  Detailed Percentile spectrum:
       Value   Percentile   TotalCount 1/(1-Percentile)

       0.110     0.000000            1         1.00
       0.674     0.100000         8009         1.11
       0.882     0.200000        15986         1.25
       1.059     0.300000        23986         1.43
       1.229     0.400000        32001         1.67
       1.403     0.500000        39995         2.00
       1.490     0.550000        43959         2.22
       1.585     0.600000        47969         2.50
       1.685     0.650000        51962         2.86
       1.795     0.700000        55945         3.33
       1.917     0.750000        59961         4.00
       1.983     0.775000        61950         4.44
       2.059     0.800000        63957         5.00
       2.143     0.825000        65971         5.71
       2.237     0.850000        67939         6.67
       2.357     0.875000        69946         8.00
       2.427     0.887500        70931         8.89
       2.505     0.900000        71946        10.00
       2.599     0.912500        72925        11.43
       2.719     0.925000        73931        13.33
       2.883     0.937500        74927        16.00
       2.983     0.943750        75426        17.78
       3.115     0.950000        75928        20.00
       3.283     0.956250        76419        22.86
       3.509     0.962500        76919        26.67
       3.885     0.968750        77417        32.00
       4.131     0.971875        77667        35.56
       4.507     0.975000        77919        40.00
       4.935     0.978125        78167        45.71
       5.507     0.981250        78418        53.33
       6.171     0.984375        78666        64.00
       6.611     0.985938        78792        71.11
       7.067     0.987500        78916        80.00
       7.591     0.989062        79040        91.43
       8.375     0.990625        79168       106.67
       9.247     0.992188        79290       128.00
       9.991     0.992969        79353       142.22
      10.607     0.993750        79415       160.00
      11.239     0.994531        79477       182.86
      11.927     0.995313        79540       213.33
      12.559     0.996094        79602       256.00
      12.943     0.996484        79634       284.44
      13.319     0.996875        79667       320.00
      13.623     0.997266        79697       365.71
      14.223     0.997656        79727       426.67
      14.775     0.998047        79758       512.00
      15.111     0.998242        79774       568.89
      15.367     0.998437        79791       640.00
      15.583     0.998633        79805       731.43
      16.031     0.998828        79821       853.33
      16.375     0.999023        79836      1024.00
      16.895     0.999121        79845      1137.78
      17.135     0.999219        79852      1280.00
      17.791     0.999316        79860      1462.86
      18.159     0.999414        79868      1706.67
      18.719     0.999512        79875      2048.00
      18.751     0.999561        79881      2275.56
      18.831     0.999609        79883      2560.00
      19.151     0.999658        79887      2925.71
      19.359     0.999707        79891      3413.33
      19.839     0.999756        79895      4096.00
      20.207     0.999780        79897      4551.11
      20.335     0.999805        79899      5120.00
      20.927     0.999829        79901      5851.43
      21.343     0.999854        79903      6826.67
      22.223     0.999878        79905      8192.00
      23.087     0.999890        79906      9102.22
      24.127     0.999902        79907     10240.00
      25.007     0.999915        79908     11702.86
      25.967     0.999927        79909     13653.33
      26.959     0.999939        79910     16384.00
      26.959     0.999945        79910     18204.44
      27.999     0.999951        79911     20480.00
      27.999     0.999957        79911     23405.71
      28.863     0.999963        79912     27306.67
      28.863     0.999969        79912     32768.00
      28.863     0.999973        79912     36408.89
      29.839     0.999976        79913     40960.00
      29.839     0.999979        79913     46811.43
      29.839     0.999982        79913     54613.33
      29.839     0.999985        79913     65536.00
      29.839     0.999986        79913     72817.78
      29.871     0.999988        79914     81920.00
      29.871     1.000000        79914          inf
#[Mean    =        1.647, StdDeviation   =        1.420]
#[Max     =       29.856, Total count    =        79914]
#[Buckets =           27, SubBuckets     =         2048]
----------------------------------------------------------
  79916 requests in 10.00s, 13.34MB read
Requests/sec:   7991.56
Transfer/sec:      1.33MB
