Running 10s test @ http://localhost
  2 threads and 10 connections
  Thread Stats   Avg      Stdev     Max   +/- Stdev
    Latency     1.50ms    0.87ms  19.81ms   81.56%
    Req/Sec       -nan      -nan   0.00      0.00%
  Latency Distribution (HdrHistogram - Recorded Latency)
 50.000%    1.38ms
 75.000%    1.87ms
 90.000%    2.36ms
 99.000%    3.88ms
 99.900%   11.34ms
 99.990%   15.43ms
 99.999%   19.09ms
100.000%   19.82ms

  Detailed Percentile spectrum:
       Value   Percentile   TotalCount 1/(1-Percentile)

       0.129     0.000000            1         1.00
       0.668     0.100000         8003         1.11
       0.871     0.200000        16021         1.25
       1.045     0.300000        23978         1.43
       1.215     0.400000        32010         1.67
       1.384     0.500000        39976         2.00
       1.469     0.550000        43985         2.22
       1.557     0.600000        47953         2.50
       1.654     0.650000        51944         2.86
       1.755     0.700000        55947         3.33
       1.868     0.750000        59949         4.00
       1.931     0.775000        61942         4.44
       1.998     0.800000        63951         5.00
       2.069     0.825000        65950         5.71
       2.151     0.850000        67934         6.67
       2.247     0.875000        69945         8.00
       2.303     0.887500        70921         8.89
       2.363     0.900000        71938        10.00
       2.427     0.912500        72910        11.43
       2.507     0.925000        73932        13.33
       2.603     0.937500        74922        16.00
       2.663     0.943750        75408        17.78
       2.731     0.950000        75915        20.00
       2.803     0.956250        76423        22.86
       2.887     0.962500        76907        26.67
       2.985     0.968750        77406        32.00
       3.047     0.971875        77654        35.56
       3.121     0.975000        77905        40.00
       3.203     0.978125        78161        45.71
       3.321     0.981250        78404        53.33
       3.465     0.984375        78653        64.00
       3.557     0.985938        78778        71.11
       3.659     0.987500        78903        80.00
       3.791     0.989062        79029        91.43
       3.955     0.990625        79153       106.67
       4.239     0.992188        79277       128.00
       4.387     0.992969        79341       142.22
       4.559     0.993750        79402       160.00
       4.863     0.994531        79465       182.86
       5.295     0.995313        79527       213.33
       5.923     0.996094        79589       256.00
       6.271     0.996484        79621       284.44
       6.647     0.996875        79652       320.00
       7.015     0.997266        79683       365.71
       7.615     0.997656        79714       426.67
       8.375     0.998047        79745       512.00
       8.895     0.998242        79761       568.89
       9.415     0.998437        79777       640.00
       9.759     0.998633        79792       731.43
      10.559     0.998828        79808       853.33
      11.527     0.999023        79823      1024.00
      11.847     0.999121        79831      1137.78
      12.295     0.999219        79839      1280.00
      12.759     0.999316        79847      1462.86
      13.023     0.999414        79855      1706.67
      13.191     0.999512        79862      2048.00
      13.263     0.999561        79866      2275.56
      13.391     0.999609        79870      2560.00
      13.711     0.999658        79874      2925.71
      13.879     0.999707        79878      3413.33
      14.287     0.999756        79882      4096.00
      14.423     0.999780        79884      4551.11
      14.567     0.999805        79886      5120.00
      14.951     0.999829        79888      5851.43
      15.031     0.999854        79890      6826.67
      15.335     0.999878        79892      8192.00
      15.431     0.999890        79893      9102.22
      15.559     0.999902        79894     10240.00
      15.711     0.999915        79895     11702.86
      16.351     0.999927        79896     13653.33
      16.991     0.999939        79897     16384.00
      16.991     0.999945        79897     18204.44
      17.663     0.999951        79898     20480.00
      17.663     0.999957        79898     23405.71
      18.495     0.999963        79899     27306.67
      18.495     0.999969        79899     32768.00
      18.495     0.999973        79899     36408.89
      19.087     0.999976        79900     40960.00
      19.087     0.999979        79900     46811.43
      19.087     0.999982        79900     54613.33
      19.087     0.999985        79900     65536.00
      19.087     0.999986        79900     72817.78
      19.823     0.999988        79901     81920.00
      19.823     1.000000        79901          inf
#[Mean    =        1.496, StdDeviation   =        0.865]
#[Max     =       19.808, Total count    =        79901]
#[Buckets =           27, SubBuckets     =         2048]
----------------------------------------------------------
  79903 requests in 10.00s, 13.34MB read
Requests/sec:   7990.49
Transfer/sec:      1.33MB
