Running 10s test @ http://localhost
  2 threads and 10 connections
  Thread Stats   Avg      Stdev     Max   +/- Stdev
    Latency     1.55ms    1.13ms  18.72ms   92.00%
    Req/Sec       -nan      -nan   0.00      0.00%
  Latency Distribution (HdrHistogram - Recorded Latency)
 50.000%    1.38ms
 75.000%    1.87ms
 90.000%    2.39ms
 99.000%    5.61ms
 99.900%   13.83ms
 99.990%   17.30ms
 99.999%   18.40ms
100.000%   18.74ms

  Detailed Percentile spectrum:
       Value   Percentile   TotalCount 1/(1-Percentile)

       0.114     0.000000            1         1.00
       0.673     0.100000         8004         1.11
       0.881     0.200000        16024         1.25
       1.057     0.300000        23975         1.43
       1.218     0.400000        31969         1.67
       1.378     0.500000        39992         2.00
       1.461     0.550000        43999         2.22
       1.548     0.600000        47989         2.50
       1.643     0.650000        51965         2.86
       1.749     0.700000        55943         3.33
       1.865     0.750000        59932         4.00
       1.930     0.775000        61954         4.44
       2.000     0.800000        63952         5.00
       2.077     0.825000        65955         5.71
       2.165     0.850000        67924         6.67
       2.269     0.875000        69927         8.00
       2.329     0.887500        70931         8.89
       2.395     0.900000        71925        10.00
       2.471     0.912500        72934        11.43
       2.559     0.925000        73924        13.33
       2.663     0.937500        74915        16.00
       2.731     0.943750        75426        17.78
       2.809     0.950000        75912        20.00
       2.903     0.956250        76418        22.86
       3.033     0.962500        76917        26.67
       3.187     0.968750        77410        32.00
       3.285     0.971875        77660        35.56
       3.419     0.975000        77912        40.00
       3.595     0.978125        78161        45.71
       3.823     0.981250        78409        53.33
       4.123     0.984375        78659        64.00
       4.359     0.985938        78785        71.11
       4.707     0.987500        78909        80.00
       5.163     0.989062        79034        91.43
       5.867     0.990625        79158       106.67
       7.079     0.992188        79283       128.00
       7.831     0.992969        79346       142.22
       8.599     0.993750        79409       160.00
       9.447     0.994531        79471       182.86
      10.199     0.995313        79533       213.33
      10.855     0.996094        79595       256.00
      11.095     0.996484        79627       284.44
      11.391     0.996875        79658       320.00
      11.719     0.997266        79689       365.71
      12.207     0.997656        79720       426.67
      12.719     0.998047        79751       512.00
      12.887     0.998242        79768       568.89
      13.095     0.998437        79783       640.00
      13.343     0.998633        79798       731.43
      13.615     0.998828        79814       853.33
      13.863     0.999023        79830      1024.00
      14.143     0.999121        79837      1137.78
      14.511     0.999219        79845      1280.00
      14.743     0.999316        79854      1462.86
      15.079     0.999414        79861      1706.67
      15.463     0.999512        79868      2048.00
      15.647     0.999561        79872      2275.56
      15.799     0.999609        79877      2560.00
      15.983     0.999658        79880      2925.71
      16.367     0.999707        79884      3413.33
      16.527     0.999756        79888      4096.00
      16.639     0.999780        79890      4551.11
      16.783     0.999805        79892      5120.00
      17.023     0.999829        79894      5851.43
      17.215     0.999854        79897      6826.67
      17.247     0.999878        79898      8192.00
      17.295     0.999890        79899      9102.22
      17.343     0.999902        79900     10240.00
      17.407     0.999915        79901     11702.86
      17.455     0.999927        79902     13653.33
      17.647     0.999939        79903     16384.00
      17.647     0.999945        79903     18204.44
      17.663     0.999951        79904     20480.00
      17.663     0.999957        79904     23405.71
      17.967     0.999963        79905     27306.67
      17.967     0.999969        79905     32768.00
      17.967     0.999973        79905     36408.89
      18.399     0.999976        79906     40960.00
      18.399     0.999979        79906     46811.43
      18.399     0.999982        79906     54613.33
      18.399     0.999985        79906     65536.00
      18.399     0.999986        79906     72817.78
      18.735     0.999988        79907     81920.00
      18.735     1.000000        79907          inf
#[Mean    =        1.551, StdDeviation   =        1.135]
#[Max     =       18.720, Total count    =        79907]
#[Buckets =           27, SubBuckets     =         2048]
----------------------------------------------------------
  79911 requests in 10.00s, 13.34MB read
Requests/sec:   7991.39
Transfer/sec:      1.33MB
