Running 10s test @ http://localhost
  2 threads and 10 connections
  Thread Stats   Avg      Stdev     Max   +/- Stdev
    Latency     1.57ms    1.26ms  19.87ms   94.68%
    Req/Sec       -nan      -nan   0.00      0.00%
  Latency Distribution (HdrHistogram - Recorded Latency)
 50.000%    1.37ms
 75.000%    1.86ms
 90.000%    2.37ms
 99.000%    7.91ms
 99.900%   14.10ms
 99.990%   17.95ms
 99.999%   19.42ms
100.000%   19.89ms

  Detailed Percentile spectrum:
       Value   Percentile   TotalCount 1/(1-Percentile)

       0.079     0.000000            1         1.00
       0.643     0.100000         8008         1.11
       0.849     0.200000        15993         1.25
       1.026     0.300000        23983         1.43
       1.195     0.400000        31983         1.67
       1.369     0.500000        39992         2.00
       1.457     0.550000        43986         2.22
       1.549     0.600000        47955         2.50
       1.647     0.650000        51969         2.86
       1.751     0.700000        55944         3.33
       1.861     0.750000        59967         4.00
       1.921     0.775000        61934         4.44
       1.990     0.800000        63947         5.00
       2.065     0.825000        65934         5.71
       2.147     0.850000        67946         6.67
       2.241     0.875000        69927         8.00
       2.303     0.887500        70920         8.89
       2.367     0.900000        71922        10.00
       2.447     0.912500        72938        11.43
       2.533     0.925000        73918        13.33
       2.649     0.937500        74910        16.00
       2.719     0.943750        75410        17.78
       2.805     0.950000        75914        20.00
       2.905     0.956250        76411        22.86
       3.041     0.962500        76911        26.67
       3.231     0.968750        77407        32.00
       3.391     0.971875        77659        35.56
       3.645     0.975000        77907        40.00
       4.023     0.978125        78158        45.71
       4.691     0.981250        78408        53.33
       5.651     0.984375        78656        64.00
       6.195     0.985938        78781        71.11
       6.855     0.987500        78906        80.00
       7.495     0.989062        79031        91.43
       8.187     0.990625        79155       106.67
       8.999     0.992188        79280       128.00
       9.487     0.992969        79343       142.22
      10.055     0.993750        79406       160.00
      10.511     0.994531        79470       182.86
      10.927     0.995313        79532       213.33
      11.447     0.996094        79592       256.00
      11.791     0.996484        79624       284.44
      12.119     0.996875        79655       320.00
      12.407     0.997266        79686       365.71
      12.687     0.997656        79717       426.67
      13.047     0.998047        79748       512.00
      13.263     0.998242        79764       568.89
      13.447     0.998437        79781       640.00
      13.607     0.998633        79795       731.43
      13.895     0.998828        79811       853.33
      14.119     0.999023        79826      1024.00
      14.239     0.999121        79834      1137.78
      14.487     0.999219        79842      1280.00
      14.655     0.999316        79850      1462.86
      14.863     0.999414        79858      1706.67
      15.279     0.999512        79865      2048.00
      15.479     0.999561        79869      2275.56
      15.583     0.999609        79873      2560.00
      15.807     0.999658        79877      2925.71
      16.151     0.999707        79881      3413.33
      16.527     0.999756        79885      4096.00
      16.783     0.999780        79887      4551.11
      17.183     0.999805        79889      5120.00
      17.231     0.999829        79891      5851.43
      17.439     0.999854        79893      6826.67
      17.615     0.999878        79895      8192.00
      17.951     0.999890        79896      9102.22
      17.967     0.999902        79897     10240.00
      18.047     0.999915        79898     11702.86
      18.063     0.999927        79899     13653.33
      18.271     0.999939        79900     16384.00
      18.271     0.999945        79900     18204.44
      18.559     0.999951        79901     20480.00
      18.559     0.999957        79901     23405.71
      18.655     0.999963        79902     27306.67
      18.655     0.999969        79902     32768.00
      18.655     0.999973        79902     36408.89
      19.423     0.999976        79903     40960.00
      19.423     0.999979        79903     46811.43
      19.423     0.999982        79903     54613.33
      19.423     0.999985        79903     65536.00
      19.423     0.999986        79903     72817.78
      19.887     0.999988        79904     81920.00
      19.887     1.000000        79904          inf
#[Mean    =        1.565, StdDeviation   =        1.265]
#[Max     =       19.872, Total count    =        79904]
#[Buckets =           27, SubBuckets     =         2048]
----------------------------------------------------------
  79908 requests in 10.00s, 13.34MB read
Requests/sec:   7990.75
Transfer/sec:      1.33MB
