Running 10s test @ http://localhost
  2 threads and 10 connections
  Thread Stats   Avg      Stdev     Max   +/- Stdev
    Latency     1.56ms    1.13ms  17.68ms   90.26%
    Req/Sec       -nan      -nan   0.00      0.00%
  Latency Distribution (HdrHistogram - Recorded Latency)
 50.000%    1.37ms
 75.000%    1.87ms
 90.000%    2.42ms
 99.000%    6.44ms
 99.900%   12.89ms
 99.990%   15.18ms
 99.999%   16.93ms
100.000%   17.69ms

  Detailed Percentile spectrum:
       Value   Percentile   TotalCount 1/(1-Percentile)

       0.102     0.000000            1         1.00
       0.650     0.100000         8011         1.11
       0.858     0.200000        15999         1.25
       1.037     0.300000        23976         1.43
       1.206     0.400000        31990         1.67
       1.371     0.500000        40003         2.00
       1.456     0.550000        43960         2.22
       1.546     0.600000        47966         2.50
       1.642     0.650000        51965         2.86
       1.747     0.700000        55967         3.33
       1.867     0.750000        59953         4.00
       1.933     0.775000        61932         4.44
       2.007     0.800000        63929         5.00
       2.089     0.825000        65953         5.71
       2.179     0.850000        67945         6.67
       2.285     0.875000        69940         8.00
       2.349     0.887500        70921         8.89
       2.423     0.900000        71931        10.00
       2.511     0.912500        72933        11.43
       2.613     0.925000        73921        13.33
       2.749     0.937500        74931        16.00
       2.825     0.943750        75420        17.78
       2.925     0.950000        75918        20.00
       3.051     0.956250        76416        22.86
       3.229     0.962500        76916        26.67
       3.481     0.968750        77413        32.00
       3.643     0.971875        77663        35.56
       3.839     0.975000        77912        40.00
       4.111     0.978125        78164        45.71
       4.495     0.981250        78411        53.33
       4.999     0.984375        78661        64.00
       5.331     0.985938        78785        71.11
       5.735     0.987500        78911        80.00
       6.123     0.989062        79035        91.43
       6.659     0.990625        79159       106.67
       7.279     0.992188        79285       128.00
       7.635     0.992969        79347       142.22
       8.059     0.993750        79409       160.00
       8.559     0.994531        79472       182.86
       9.167     0.995313        79534       213.33
       9.703     0.996094        79596       256.00
       9.983     0.996484        79628       284.44
      10.447     0.996875        79659       320.00
      10.759     0.997266        79690       365.71
      11.167     0.997656        79721       426.67
      11.671     0.998047        79752       512.00
      11.855     0.998242        79768       568.89
      12.151     0.998437        79784       640.00
      12.383     0.998633        79800       731.43
      12.647     0.998828        79815       853.33
      12.911     0.999023        79831      1024.00
      12.991     0.999121        79838      1137.78
      13.127     0.999219        79847      1280.00
      13.231     0.999316        79854      1462.86
      13.311     0.999414        79862      1706.67
      13.583     0.999512        79869      2048.00
      13.687     0.999561        79873      2275.56
      13.839     0.999609        79878      2560.00
      13.975     0.999658        79881      2925.71
      14.103     0.999707        79885      3413.33
      14.223     0.999756        79889      4096.00
      14.415     0.999780        79891      4551.11
      14.591     0.999805        79893      5120.00
      14.623     0.999829        79895      5851.43
      14.991     0.999854        79897      6826.67
      15.111     0.999878        79899      8192.00
      15.175     0.999890        79900      9102.22
      15.215     0.999902        79901     10240.00
      15.279     0.999915        79902     11702.86
      15.447     0.999927        79903     13653.33
      15.759     0.999939        79904     16384.00
      15.759     0.999945        79904     18204.44
      16.039     0.999951        79905     20480.00
      16.039     0.999957        79905     23405.71
      16.231     0.999963        79906     27306.67
      16.231     0.999969        79906     32768.00
      16.231     0.999973        79906     36408.89
      16.927     0.999976        79907     40960.00
      16.927     0.999979        79907     46811.43
      16.927     0.999982        79907     54613.33
      16.927     0.999985        79907     65536.00
      16.927     0.999986        79907     72817.78
      17.695     0.999988        79908     81920.00
      17.695     1.000000        79908          inf
#[Mean    =        1.557, StdDeviation   =        1.126]
#[Max     =       17.680, Total count    =        79908]
#[Buckets =           27, SubBuckets     =         2048]
----------------------------------------------------------
  79911 requests in 10.00s, 13.34MB read
Requests/sec:   7990.81
Transfer/sec:      1.33MB
