Running 10s test @ http://localhost
  2 threads and 10 connections
  Thread Stats   Avg      Stdev     Max   +/- Stdev
    Latency     1.98ms    3.33ms  58.27ms   96.25%
    Req/Sec       -nan      -nan   0.00      0.00%
  Latency Distribution (HdrHistogram - Recorded Latency)
 50.000%    1.41ms
 75.000%    1.94ms
 90.000%    2.62ms
 99.000%   16.93ms
 99.900%   40.19ms
 99.990%   57.09ms
 99.999%   58.21ms
100.000%   58.30ms

  Detailed Percentile spectrum:
       Value   Percentile   TotalCount 1/(1-Percentile)

       0.091     0.000000            1         1.00
       0.672     0.100000         8009         1.11
       0.883     0.200000        15992         1.25
       1.069     0.300000        24004         1.43
       1.242     0.400000        31967         1.67
       1.412     0.500000        39954         2.00
       1.501     0.550000        43996         2.22
       1.598     0.600000        47980         2.50
       1.700     0.650000        51945         2.86
       1.815     0.700000        55940         3.33
       1.944     0.750000        59945         4.00
       2.020     0.775000        61938         4.44
       2.099     0.800000        63945         5.00
       2.189     0.825000        65938         5.71
       2.299     0.850000        67939         6.67
       2.435     0.875000        69924         8.00
       2.521     0.887500        70922         8.89
       2.625     0.900000        71928        10.00
       2.745     0.912500        72923        11.43
       2.919     0.925000        73919        13.33
       3.183     0.937500        74918        16.00
       3.401     0.943750        75417        17.78
       3.753     0.950000        75913        20.00
       4.259     0.956250        76413        22.86
       5.303     0.962500        76912        26.67
       6.851     0.968750        77411        32.00
       7.695     0.971875        77660        35.56
       8.503     0.975000        77912        40.00
       9.375     0.978125        78162        45.71
      10.335     0.981250        78410        53.33
      11.647     0.984375        78659        64.00
      12.455     0.985938        78785        71.11
      13.463     0.987500        78909        80.00
      15.311     0.989062        79034        91.43
      18.767     0.990625        79158       106.67
      23.679     0.992188        79283       128.00
      25.391     0.992969        79346       142.22
      26.479     0.993750        79408       160.00
      27.695     0.994531        79471       182.86
      28.975     0.995313        79535       213.33
      30.255     0.996094        79596       256.00
      31.135     0.996484        79627       284.44
      31.839     0.996875        79658       320.00
      32.559     0.997266        79689       365.71
      33.279     0.997656        79722       426.67
      34.079     0.998047        79752       512.00
      34.495     0.998242        79767       568.89
      34.975     0.998437        79784       640.00
      35.647     0.998633        79798       731.43
      36.959     0.998828        79814       853.33
      41.535     0.999023        79829      1024.00
      46.015     0.999121        79837      1137.78
      48.383     0.999219        79845      1280.00
      51.039     0.999316        79853      1462.86
      53.023     0.999414        79861      1706.67
      54.271     0.999512        79868      2048.00
      54.719     0.999561        79872      2275.56
      54.975     0.999609        79876      2560.00
      55.487     0.999658        79880      2925.71
      55.647     0.999707        79884      3413.33
      56.031     0.999756        79888      4096.00
      56.223     0.999780        79890      4551.11
      56.287     0.999805        79892      5120.00
      56.479     0.999829        79894      5851.43
      56.767     0.999854        79896      6826.67
      56.927     0.999878        79898      8192.00
      57.087     0.999890        79899      9102.22
      57.119     0.999902        79900     10240.00
      57.247     0.999915        79901     11702.86
      57.407     0.999927        79902     13653.33
      57.823     0.999939        79903     16384.00
      57.823     0.999945        79903     18204.44
      57.951     0.999951        79904     20480.00
      57.951     0.999957        79904     23405.71
      58.111     0.999963        79905     27306.67
      58.111     0.999969        79905     32768.00
      58.111     0.999973        79905     36408.89
      58.207     0.999976        79906     40960.00
      58.207     0.999979        79906     46811.43
      58.207     0.999982        79906     54613.33
      58.207     0.999985        79906     65536.00
      58.207     0.999986        79906     72817.78
      58.303     0.999988        79907     81920.00
      58.303     1.000000        79907          inf
#[Mean    =        1.981, StdDeviation   =        3.327]
#[Max     =       58.272, Total count    =        79907]
#[Buckets =           27, SubBuckets     =         2048]
----------------------------------------------------------
  79909 requests in 10.00s, 13.34MB read
Requests/sec:   7990.85
Transfer/sec:      1.33MB
