Running 10s test @ http://localhost
  2 threads and 10 connections
  Thread Stats   Avg      Stdev     Max   +/- Stdev
    Latency     1.54ms    1.04ms  17.65ms   89.17%
    Req/Sec       -nan      -nan   0.00      0.00%
  Latency Distribution (HdrHistogram - Recorded Latency)
 50.000%    1.38ms
 75.000%    1.88ms
 90.000%    2.38ms
 99.000%    5.67ms
 99.900%   12.73ms
 99.990%   15.69ms
 99.999%   17.65ms
100.000%   17.66ms

  Detailed Percentile spectrum:
       Value   Percentile   TotalCount 1/(1-Percentile)

       0.112     0.000000            1         1.00
       0.670     0.100000         8006         1.11
       0.872     0.200000        16017         1.25
       1.049     0.300000        24025         1.43
       1.215     0.400000        31988         1.67
       1.383     0.500000        39962         2.00
       1.471     0.550000        43996         2.22
       1.563     0.600000        47987         2.50
       1.661     0.650000        51990         2.86
       1.766     0.700000        55983         3.33
       1.878     0.750000        59953         4.00
       1.938     0.775000        61937         4.44
       2.004     0.800000        63944         5.00
       2.075     0.825000        65968         5.71
       2.155     0.850000        67968         6.67
       2.253     0.875000        69939         8.00
       2.311     0.887500        70946         8.89
       2.375     0.900000        71936        10.00
       2.449     0.912500        72936        11.43
       2.535     0.925000        73928        13.33
       2.645     0.937500        74924        16.00
       2.711     0.943750        75422        17.78
       2.787     0.950000        75924        20.00
       2.877     0.956250        76428        22.86
       2.993     0.962500        76922        26.67
       3.169     0.968750        77421        32.00
       3.287     0.971875        77674        35.56
       3.425     0.975000        77922        40.00
       3.627     0.978125        78170        45.71
       3.903     0.981250        78419        53.33
       4.339     0.984375        78670        64.00
       4.635     0.985938        78796        71.11
       4.983     0.987500        78919        80.00
       5.371     0.989062        79043        91.43
       5.879     0.990625        79170       106.67
       6.499     0.992188        79293       128.00
       6.883     0.992969        79356       142.22
       7.215     0.993750        79418       160.00
       7.651     0.994531        79480       182.86
       8.031     0.995313        79543       213.33
       8.695     0.996094        79605       256.00
       9.063     0.996484        79637       284.44
       9.479     0.996875        79668       320.00
       9.911     0.997266        79699       365.71
      10.495     0.997656        79731       426.67
      11.199     0.998047        79761       512.00
      11.519     0.998242        79777       568.89
      11.855     0.998437        79794       640.00
      12.127     0.998633        79808       731.43
      12.551     0.998828        79824       853.33
      12.759     0.999023        79839      1024.00
      12.863     0.999121        79847      1137.78
      13.239     0.999219        79855      1280.00
      13.423     0.999316        79863      1462.86
      13.735     0.999414        79871      1706.67
      13.911     0.999512        79878      2048.00
      14.055     0.999561        79882      2275.56
      14.143     0.999609        79887      2560.00
      14.287     0.999658        79891      2925.71
      14.463     0.999707        79894      3413.33
      14.663     0.999756        79898      4096.00
      14.919     0.999780        79900      4551.11
      14.927     0.999805        79902      5120.00
      15.095     0.999829        79904      5851.43
      15.207     0.999854        79906      6826.67
      15.447     0.999878        79908      8192.00
      15.687     0.999890        79909      9102.22
      15.815     0.999902        79910     10240.00
      16.159     0.999915        79911     11702.86
      16.543     0.999927        79912     13653.33
      16.687     0.999939        79913     16384.00
      16.687     0.999945        79913     18204.44
      16.927     0.999951        79914     20480.00
      16.927     0.999957        79914     23405.71
      17.599     0.999963        79915     27306.67
      17.599     0.999969        79915     32768.00
      17.599     0.999973        79915     36408.89
      17.647     0.999976        79916     40960.00
      17.647     0.999979        79916     46811.43
      17.647     0.999982        79916     54613.33
      17.647     0.999985        79916     65536.00
      17.647     0.999986        79916     72817.78
      17.663     0.999988        79917     81920.00
      17.663     1.000000        79917          inf
#[Mean    =        1.541, StdDeviation   =        1.038]
#[Max     =       17.648, Total count    =        79917]
#[Buckets =           27, SubBuckets     =         2048]
----------------------------------------------------------
  79919 requests in 10.00s, 13.34MB read
Requests/sec:   7991.94
Transfer/sec:      1.33MB
