Running 10s test @ http://localhost
  2 threads and 10 connections
  Thread Stats   Avg      Stdev     Max   +/- Stdev
    Latency     1.64ms    1.52ms  27.60ms   95.63%
    Req/Sec       -nan      -nan   0.00      0.00%
  Latency Distribution (HdrHistogram - Recorded Latency)
 50.000%    1.40ms
 75.000%    1.92ms
 90.000%    2.49ms
 99.000%    7.99ms
 99.900%   20.11ms
 99.990%   25.12ms
 99.999%   27.15ms
100.000%   27.61ms

  Detailed Percentile spectrum:
       Value   Percentile   TotalCount 1/(1-Percentile)

       0.107     0.000000            1         1.00
       0.654     0.100000         8010         1.11
       0.862     0.200000        16022         1.25
       1.044     0.300000        23991         1.43
       1.220     0.400000        31969         1.67
       1.399     0.500000        39979         2.00
       1.490     0.550000        43963         2.22
       1.586     0.600000        47966         2.50
       1.688     0.650000        51970         2.86
       1.799     0.700000        55942         3.33
       1.917     0.750000        59941         4.00
       1.985     0.775000        61946         4.44
       2.055     0.800000        63927         5.00
       2.137     0.825000        65927         5.71
       2.233     0.850000        67931         6.67
       2.347     0.875000        69935         8.00
       2.415     0.887500        70939         8.89
       2.489     0.900000        71921        10.00
       2.585     0.912500        72924        11.43
       2.697     0.925000        73916        13.33
       2.831     0.937500        74920        16.00
       2.923     0.943750        75420        17.78
       3.031     0.950000        75920        20.00
       3.159     0.956250        76416        22.86
       3.345     0.962500        76916        26.67
       3.597     0.968750        77414        32.00
       3.785     0.971875        77661        35.56
       4.029     0.975000        77911        40.00
       4.339     0.978125        78163        45.71
       4.871     0.981250        78411        53.33
       5.719     0.984375        78661        64.00
       6.215     0.985938        78787        71.11
       6.859     0.987500        78910        80.00
       7.515     0.989062        79035        91.43
       8.415     0.990625        79159       106.67
       9.415     0.992188        79284       128.00
       9.903     0.992969        79348       142.22
      10.399     0.993750        79409       160.00
      10.887     0.994531        79472       182.86
      11.855     0.995313        79534       213.33
      13.735     0.996094        79596       256.00
      14.639     0.996484        79628       284.44
      15.615     0.996875        79659       320.00
      16.559     0.997266        79690       365.71
      17.455     0.997656        79722       426.67
      18.143     0.998047        79752       512.00
      18.591     0.998242        79768       568.89
      18.959     0.998437        79784       640.00
      19.359     0.998633        79800       731.43
      19.695     0.998828        79815       853.33
      20.175     0.999023        79830      1024.00
      20.527     0.999121        79839      1137.78
      20.959     0.999219        79846      1280.00
      21.231     0.999316        79854      1462.86
      21.887     0.999414        79862      1706.67
      22.255     0.999512        79869      2048.00
      22.543     0.999561        79873      2275.56
      22.831     0.999609        79877      2560.00
      23.199     0.999658        79881      2925.71
      23.615     0.999707        79886      3413.33
      23.935     0.999756        79889      4096.00
      24.047     0.999780        79891      4551.11
      24.287     0.999805        79893      5120.00
      24.639     0.999829        79895      5851.43
      24.735     0.999854        79897      6826.67
      25.023     0.999878        79899      8192.00
      25.119     0.999890        79900      9102.22
      25.327     0.999902        79901     10240.00
      25.423     0.999915        79902     11702.86
      25.791     0.999927        79903     13653.33
      26.063     0.999939        79904     16384.00
      26.063     0.999945        79904     18204.44
      26.127     0.999951        79905     20480.00
      26.127     0.999957        79905     23405.71
      26.751     0.999963        79906     27306.67
      26.751     0.999969        79906     32768.00
      26.751     0.999973        79906     36408.89
      27.151     0.999976        79907     40960.00
      27.151     0.999979        79907     46811.43
      27.151     0.999982        79907     54613.33
      27.151     0.999985        79907     65536.00
      27.151     0.999986        79907     72817.78
      27.615     0.999988        79908     81920.00
      27.615     1.000000        79908          inf
#[Mean    =        1.637, StdDeviation   =        1.520]
#[Max     =       27.600, Total count    =        79908]
#[Buckets =           27, SubBuckets     =         2048]
----------------------------------------------------------
  79910 requests in 10.00s, 13.34MB read
Requests/sec:   7990.86
Transfer/sec:      1.33MB
