Running 10s test @ http://localhost
  2 threads and 10 connections
  Thread Stats   Avg      Stdev     Max   +/- Stdev
    Latency     1.53ms    1.20ms  18.32ms   93.83%
    Req/Sec       -nan      -nan   0.00      0.00%
  Latency Distribution (HdrHistogram - Recorded Latency)
 50.000%    1.36ms
 75.000%    1.84ms
 90.000%    2.35ms
 99.000%    6.21ms
 99.900%   15.58ms
 99.990%   17.84ms
 99.999%   18.30ms
100.000%   18.33ms

  Detailed Percentile spectrum:
       Value   Percentile   TotalCount 1/(1-Percentile)

       0.096     0.000000            1         1.00
       0.634     0.100000         8012         1.11
       0.845     0.200000        16002         1.25
       1.025     0.300000        24004         1.43
       1.190     0.400000        31976         1.67
       1.358     0.500000        40009         2.00
       1.441     0.550000        43989         2.22
       1.528     0.600000        47952         2.50
       1.627     0.650000        51941         2.86
       1.731     0.700000        55965         3.33
       1.843     0.750000        59954         4.00
       1.904     0.775000        61933         4.44
       1.970     0.800000        63949         5.00
       2.044     0.825000        65947         5.71
       2.129     0.850000        67970         6.67
       2.223     0.875000        69943         8.00
       2.283     0.887500        70932         8.89
       2.345     0.900000        71919        10.00
       2.421     0.912500        72934        11.43
       2.513     0.925000        73936        13.33
       2.617     0.937500        74922        16.00
       2.685     0.943750        75418        17.78
       2.763     0.950000        75921        20.00
       2.853     0.956250        76420        22.86
       2.971     0.962500        76921        26.67
       3.135     0.968750        77419        32.00
       3.249     0.971875        77663        35.56
       3.383     0.975000        77913        40.00
       3.579     0.978125        78163        45.71
       3.861     0.981250        78412        53.33
       4.287     0.984375        78662        64.00
       4.655     0.985938        78786        71.11
       5.127     0.987500        78912        80.00
       5.759     0.989062        79036        91.43
       6.559     0.990625        79160       106.67
       7.635     0.992188        79285       128.00
       8.335     0.992969        79349       142.22
       9.119     0.993750        79412       160.00
       9.855     0.994531        79472       182.86
      10.671     0.995313        79536       213.33
      11.367     0.996094        79597       256.00
      11.727     0.996484        79629       284.44
      12.079     0.996875        79661       320.00
      12.543     0.997266        79691       365.71
      13.119     0.997656        79722       426.67
      13.783     0.998047        79753       512.00
      14.023     0.998242        79770       568.89
      14.351     0.998437        79785       640.00
      14.863     0.998633        79801       731.43
      15.295     0.998828        79816       853.33
      15.655     0.999023        79831      1024.00
      15.911     0.999121        79839      1137.78
      16.143     0.999219        79847      1280.00
      16.479     0.999316        79855      1462.86
      16.575     0.999414        79863      1706.67
      16.671     0.999512        79870      2048.00
      16.815     0.999561        79874      2275.56
      16.879     0.999609        79878      2560.00
      17.023     0.999658        79882      2925.71
      17.167     0.999707        79886      3413.33
      17.343     0.999756        79890      4096.00
      17.423     0.999780        79892      4551.11
      17.551     0.999805        79894      5120.00
      17.583     0.999829        79896      5851.43
      17.775     0.999854        79898      6826.67
      17.807     0.999878        79900      8192.00
      17.839     0.999890        79901      9102.22
      17.855     0.999902        79902     10240.00
      17.983     0.999915        79903     11702.86
      18.047     0.999927        79904     13653.33
      18.063     0.999939        79906     16384.00
      18.063     0.999945        79906     18204.44
      18.063     0.999951        79906     20480.00
      18.063     0.999957        79906     23405.71
      18.079     0.999963        79907     27306.67
      18.079     0.999969        79907     32768.00
      18.079     0.999973        79907     36408.89
      18.303     0.999976        79908     40960.00
      18.303     0.999979        79908     46811.43
      18.303     0.999982        79908     54613.33
      18.303     0.999985        79908     65536.00
      18.303     0.999986        79908     72817.78
      18.335     0.999988        79909     81920.00
      18.335     1.000000        79909          inf
#[Mean    =        1.532, StdDeviation   =        1.205]
#[Max     =       18.320, Total count    =        79909]
#[Buckets =           27, SubBuckets     =         2048]
----------------------------------------------------------
  79911 requests in 10.00s, 13.34MB read
Requests/sec:   7990.48
Transfer/sec:      1.33MB
