Running 10s test @ http://localhost
  2 threads and 10 connections
  Thread Stats   Avg      Stdev     Max   +/- Stdev
    Latency     1.61ms    1.34ms  22.80ms   94.40%
    Req/Sec       -nan      -nan   0.00      0.00%
  Latency Distribution (HdrHistogram - Recorded Latency)
 50.000%    1.38ms
 75.000%    1.89ms
 90.000%    2.45ms
 99.000%    7.92ms
 99.900%   15.29ms
 99.990%   18.54ms
 99.999%   22.22ms
100.000%   22.82ms

  Detailed Percentile spectrum:
       Value   Percentile   TotalCount 1/(1-Percentile)

       0.109     0.000000            1         1.00
       0.661     0.100000         8000         1.11
       0.872     0.200000        16013         1.25
       1.047     0.300000        23987         1.43
       1.216     0.400000        31996         1.67
       1.385     0.500000        39978         2.00
       1.475     0.550000        43969         2.22
       1.568     0.600000        47955         2.50
       1.668     0.650000        51974         2.86
       1.774     0.700000        55976         3.33
       1.891     0.750000        59940         4.00
       1.957     0.775000        61949         4.44
       2.029     0.800000        63944         5.00
       2.109     0.825000        65930         5.71
       2.203     0.850000        67929         6.67
       2.315     0.875000        69946         8.00
       2.381     0.887500        70938         8.89
       2.453     0.900000        71922        10.00
       2.547     0.912500        72923        11.43
       2.665     0.925000        73930        13.33
       2.807     0.937500        74921        16.00
       2.897     0.943750        75422        17.78
       3.013     0.950000        75921        20.00
       3.169     0.956250        76422        22.86
       3.375     0.962500        76920        26.67
       3.665     0.968750        77415        32.00
       3.857     0.971875        77667        35.56
       4.111     0.975000        77915        40.00
       4.451     0.978125        78165        45.71
       4.951     0.981250        78414        53.33
       5.771     0.984375        78664        64.00
       6.299     0.985938        78789        71.11
       6.851     0.987500        78914        80.00
       7.519     0.989062        79038        91.43
       8.295     0.990625        79164       106.67
       9.279     0.992188        79288       128.00
       9.799     0.992969        79351       142.22
      10.439     0.993750        79413       160.00
      10.943     0.994531        79475       182.86
      11.559     0.995313        79540       213.33
      12.255     0.996094        79600       256.00
      12.511     0.996484        79632       284.44
      12.887     0.996875        79663       320.00
      13.255     0.997266        79694       365.71
      13.511     0.997656        79725       426.67
      14.007     0.998047        79757       512.00
      14.167     0.998242        79773       568.89
      14.383     0.998437        79788       640.00
      14.623     0.998633        79803       731.43
      14.903     0.998828        79819       853.33
      15.327     0.999023        79834      1024.00
      15.495     0.999121        79843      1137.78
      15.711     0.999219        79850      1280.00
      15.863     0.999316        79858      1462.86
      16.319     0.999414        79866      1706.67
      16.623     0.999512        79873      2048.00
      16.719     0.999561        79877      2275.56
      16.895     0.999609        79881      2560.00
      17.007     0.999658        79885      2925.71
      17.327     0.999707        79889      3413.33
      17.551     0.999756        79893      4096.00
      17.615     0.999780        79895      4551.11
      17.855     0.999805        79897      5120.00
      18.015     0.999829        79899      5851.43
      18.159     0.999854        79902      6826.67
      18.351     0.999878        79903      8192.00
      18.543     0.999890        79904      9102.22
      18.991     0.999902        79905     10240.00
      19.119     0.999915        79906     11702.86
      19.839     0.999927        79907     13653.33
      20.831     0.999939        79908     16384.00
      20.831     0.999945        79908     18204.44
      21.471     0.999951        79909     20480.00
      21.471     0.999957        79909     23405.71
      21.855     0.999963        79910     27306.67
      21.855     0.999969        79910     32768.00
      21.855     0.999973        79910     36408.89
      22.223     0.999976        79911     40960.00
      22.223     0.999979        79911     46811.43
      22.223     0.999982        79911     54613.33
      22.223     0.999985        79911     65536.00
      22.223     0.999986        79911     72817.78
      22.815     0.999988        79912     81920.00
      22.815     1.000000        79912          inf
#[Mean    =        1.612, StdDeviation   =        1.341]
#[Max     =       22.800, Total count    =        79912]
#[Buckets =           27, SubBuckets     =         2048]
----------------------------------------------------------
  79916 requests in 10.00s, 13.34MB read
Requests/sec:   7991.06
Transfer/sec:      1.33MB
