Running 10s test @ http://localhost
  2 threads and 10 connections
  Thread Stats   Avg      Stdev     Max   +/- Stdev
    Latency     1.52ms    1.04ms  18.82ms   89.60%
    Req/Sec       -nan      -nan   0.00      0.00%
  Latency Distribution (HdrHistogram - Recorded Latency)
 50.000%    1.37ms
 75.000%    1.86ms
 90.000%    2.35ms
 99.000%    5.07ms
 99.900%   14.24ms
 99.990%   17.31ms
 99.999%   18.03ms
100.000%   18.83ms

  Detailed Percentile spectrum:
       Value   Percentile   TotalCount 1/(1-Percentile)

       0.126     0.000000            2         1.00
       0.656     0.100000         8023         1.11
       0.860     0.200000        16023         1.25
       1.034     0.300000        24013         1.43
       1.201     0.400000        31995         1.67
       1.374     0.500000        39991         2.00
       1.460     0.550000        43962         2.22
       1.553     0.600000        47970         2.50
       1.649     0.650000        51980         2.86
       1.751     0.700000        55953         3.33
       1.861     0.750000        59955         4.00
       1.919     0.775000        61943         4.44
       1.983     0.800000        63936         5.00
       2.055     0.825000        65954         5.71
       2.139     0.850000        67960         6.67
       2.233     0.875000        69938         8.00
       2.291     0.887500        70945         8.89
       2.351     0.900000        71937        10.00
       2.421     0.912500        72927        11.43
       2.511     0.925000        73933        13.33
       2.613     0.937500        74924        16.00
       2.675     0.943750        75430        17.78
       2.749     0.950000        75921        20.00
       2.837     0.956250        76421        22.86
       2.945     0.962500        76914        26.67
       3.085     0.968750        77416        32.00
       3.179     0.971875        77668        35.56
       3.297     0.975000        77914        40.00
       3.445     0.978125        78163        45.71
       3.671     0.981250        78412        53.33
       3.937     0.984375        78662        64.00
       4.151     0.985938        78787        71.11
       4.395     0.987500        78912        80.00
       4.751     0.989062        79036        91.43
       5.275     0.990625        79161       106.67
       6.019     0.992188        79286       128.00
       6.379     0.992969        79349       142.22
       6.855     0.993750        79411       160.00
       7.375     0.994531        79473       182.86
       7.927     0.995313        79536       213.33
       8.583     0.996094        79599       256.00
       9.015     0.996484        79630       284.44
       9.543     0.996875        79661       320.00
      10.263     0.997266        79692       365.71
      10.815     0.997656        79723       426.67
      11.391     0.998047        79754       512.00
      11.831     0.998242        79770       568.89
      12.463     0.998437        79786       640.00
      13.071     0.998633        79801       731.43
      13.655     0.998828        79817       853.33
      14.319     0.999023        79832      1024.00
      14.615     0.999121        79840      1137.78
      14.879     0.999219        79850      1280.00
      15.071     0.999316        79856      1462.86
      15.343     0.999414        79864      1706.67
      15.631     0.999512        79871      2048.00
      15.807     0.999561        79875      2275.56
      15.911     0.999609        79880      2560.00
      16.039     0.999658        79883      2925.71
      16.295     0.999707        79887      3413.33
      16.447     0.999756        79891      4096.00
      16.527     0.999780        79893      4551.11
      16.607     0.999805        79895      5120.00
      16.671     0.999829        79897      5851.43
      17.071     0.999854        79899      6826.67
      17.199     0.999878        79901      8192.00
      17.311     0.999890        79902      9102.22
      17.391     0.999902        79903     10240.00
      17.551     0.999915        79904     11702.86
      17.679     0.999927        79905     13653.33
      17.791     0.999939        79906     16384.00
      17.791     0.999945        79906     18204.44
      17.903     0.999951        79907     20480.00
      17.903     0.999957        79907     23405.71
      17.935     0.999963        79908     27306.67
      17.935     0.999969        79908     32768.00
      17.935     0.999973        79908     36408.89
      18.031     0.999976        79909     40960.00
      18.031     0.999979        79909     46811.43
      18.031     0.999982        79909     54613.33
      18.031     0.999985        79909     65536.00
      18.031     0.999986        79909     72817.78
      18.831     0.999988        79910     81920.00
      18.831     1.000000        79910          inf
#[Mean    =        1.520, StdDeviation   =        1.044]
#[Max     =       18.816, Total count    =        79910]
#[Buckets =           27, SubBuckets     =         2048]
----------------------------------------------------------
  79919 requests in 10.00s, 13.34MB read
Requests/sec:   7991.59
Transfer/sec:      1.33MB
