Running 10s test @ http://localhost
  2 threads and 10 connections
  Thread Stats   Avg      Stdev     Max   +/- Stdev
    Latency     1.54ms    1.05ms  16.46ms   89.03%
    Req/Sec       -nan      -nan   0.00      0.00%
  Latency Distribution (HdrHistogram - Recorded Latency)
 50.000%    1.37ms
 75.000%    1.87ms
 90.000%    2.39ms
 99.000%    5.73ms
 99.900%   12.42ms
 99.990%   15.13ms
 99.999%   16.33ms
100.000%   16.48ms

  Detailed Percentile spectrum:
       Value   Percentile   TotalCount 1/(1-Percentile)

       0.128     0.000000            1         1.00
       0.654     0.100000         7997         1.11
       0.859     0.200000        16024         1.25
       1.036     0.300000        23975         1.43
       1.204     0.400000        31972         1.67
       1.372     0.500000        39998         2.00
       1.457     0.550000        43969         2.22
       1.548     0.600000        47981         2.50
       1.646     0.650000        51979         2.86
       1.750     0.700000        55946         3.33
       1.867     0.750000        59949         4.00
       1.930     0.775000        61935         4.44
       1.999     0.800000        63944         5.00
       2.077     0.825000        65958         5.71
       2.161     0.850000        67930         6.67
       2.265     0.875000        69950         8.00
       2.321     0.887500        70930         8.89
       2.389     0.900000        71931        10.00
       2.465     0.912500        72926        11.43
       2.559     0.925000        73916        13.33
       2.675     0.937500        74913        16.00
       2.749     0.943750        75420        17.78
       2.831     0.950000        75917        20.00
       2.927     0.956250        76416        22.86
       3.049     0.962500        76912        26.67
       3.229     0.968750        77412        32.00
       3.351     0.971875        77660        35.56
       3.529     0.975000        77910        40.00
       3.749     0.978125        78162        45.71
       4.023     0.981250        78409        53.33
       4.447     0.984375        78659        64.00
       4.703     0.985938        78784        71.11
       5.071     0.987500        78909        80.00
       5.455     0.989062        79034        91.43
       5.947     0.990625        79158       106.67
       6.587     0.992188        79283       128.00
       6.975     0.992969        79346       142.22
       7.367     0.993750        79408       160.00
       7.895     0.994531        79471       182.86
       8.543     0.995313        79533       213.33
       9.127     0.996094        79595       256.00
       9.535     0.996484        79627       284.44
       9.831     0.996875        79658       320.00
      10.255     0.997266        79689       365.71
      10.751     0.997656        79720       426.67
      11.151     0.998047        79751       512.00
      11.375     0.998242        79768       568.89
      11.655     0.998437        79783       640.00
      11.815     0.998633        79798       731.43
      12.143     0.998828        79814       853.33
      12.447     0.999023        79829      1024.00
      12.647     0.999121        79838      1137.78
      12.855     0.999219        79845      1280.00
      13.071     0.999316        79853      1462.86
      13.327     0.999414        79861      1706.67
      13.495     0.999512        79868      2048.00
      13.711     0.999561        79872      2275.56
      13.823     0.999609        79876      2560.00
      13.895     0.999658        79880      2925.71
      13.983     0.999707        79884      3413.33
      14.247     0.999756        79888      4096.00
      14.447     0.999780        79890      4551.11
      14.607     0.999805        79892      5120.00
      14.695     0.999829        79894      5851.43
      14.895     0.999854        79896      6826.67
      15.055     0.999878        79898      8192.00
      15.127     0.999890        79899      9102.22
      15.183     0.999902        79900     10240.00
      15.223     0.999915        79901     11702.86
      15.335     0.999927        79902     13653.33
      15.415     0.999939        79903     16384.00
      15.415     0.999945        79903     18204.44
      15.535     0.999951        79904     20480.00
      15.535     0.999957        79904     23405.71
      15.999     0.999963        79905     27306.67
      15.999     0.999969        79905     32768.00
      15.999     0.999973        79905     36408.89
      16.327     0.999976        79906     40960.00
      16.327     0.999979        79906     46811.43
      16.327     0.999982        79906     54613.33
      16.327     0.999985        79906     65536.00
      16.327     0.999986        79906     72817.78
      16.479     0.999988        79907     81920.00
      16.479     1.000000        79907          inf
#[Mean    =        1.536, StdDeviation   =        1.055]
#[Max     =       16.464, Total count    =        79907]
#[Buckets =           27, SubBuckets     =         2048]
----------------------------------------------------------
  79910 requests in 10.00s, 13.34MB read
Requests/sec:   7991.10
Transfer/sec:      1.33MB
