Running 10s test @ http://localhost
  2 threads and 10 connections
  Thread Stats   Avg      Stdev     Max   +/- Stdev
    Latency     1.68ms    1.57ms  24.40ms   95.17%
    Req/Sec       -nan      -nan   0.00      0.00%
  Latency Distribution (HdrHistogram - Recorded Latency)
 50.000%    1.41ms
 75.000%    1.94ms
 90.000%    2.55ms
 99.000%    9.42ms
 99.900%   18.17ms
 99.990%   22.82ms
 99.999%   24.38ms
100.000%   24.42ms

  Detailed Percentile spectrum:
       Value   Percentile   TotalCount 1/(1-Percentile)

       0.120     0.000000            1         1.00
       0.664     0.100000         7991         1.11
       0.870     0.200000        16014         1.25
       1.050     0.300000        23988         1.43
       1.228     0.400000        32003         1.67
       1.410     0.500000        39980         2.00
       1.502     0.550000        43956         2.22
       1.601     0.600000        47979         2.50
       1.704     0.650000        51948         2.86
       1.813     0.700000        55947         3.33
       1.937     0.750000        59950         4.00
       2.005     0.775000        61925         4.44
       2.081     0.800000        63941         5.00
       2.163     0.825000        65954         5.71
       2.261     0.850000        67949         6.67
       2.381     0.875000        69925         8.00
       2.459     0.887500        70914         8.89
       2.549     0.900000        71918        10.00
       2.651     0.912500        72908        11.43
       2.781     0.925000        73916        13.33
       2.949     0.937500        74917        16.00
       3.057     0.943750        75410        17.78
       3.211     0.950000        75911        20.00
       3.409     0.956250        76404        22.86
       3.661     0.962500        76904        26.67
       4.057     0.968750        77403        32.00
       4.391     0.971875        77654        35.56
       4.859     0.975000        77902        40.00
       5.423     0.978125        78152        45.71
       6.251     0.981250        78401        53.33
       7.171     0.984375        78652        64.00
       7.679     0.985938        78776        71.11
       8.271     0.987500        78902        80.00
       9.015     0.989062        79026        91.43
       9.759     0.990625        79150       106.67
      10.751     0.992188        79277       128.00
      11.119     0.992969        79338       142.22
      11.615     0.993750        79400       160.00
      12.279     0.994531        79464       182.86
      13.031     0.995313        79526       213.33
      13.855     0.996094        79589       256.00
      14.263     0.996484        79619       284.44
      14.695     0.996875        79650       320.00
      15.327     0.997266        79682       365.71
      15.895     0.997656        79712       426.67
      16.511     0.998047        79744       512.00
      16.719     0.998242        79759       568.89
      17.055     0.998437        79775       640.00
      17.343     0.998633        79790       731.43
      17.839     0.998828        79808       853.33
      18.223     0.999023        79823      1024.00
      18.383     0.999121        79829      1137.78
      18.655     0.999219        79837      1280.00
      18.959     0.999316        79845      1462.86
      19.183     0.999414        79853      1706.67
      19.775     0.999512        79860      2048.00
      20.079     0.999561        79864      2275.56
      20.479     0.999609        79868      2560.00
      20.591     0.999658        79872      2925.71
      21.055     0.999707        79876      3413.33
      21.679     0.999756        79880      4096.00
      21.791     0.999780        79882      4551.11
      22.079     0.999805        79884      5120.00
      22.143     0.999829        79886      5851.43
      22.303     0.999854        79888      6826.67
      22.783     0.999878        79890      8192.00
      22.815     0.999890        79891      9102.22
      23.167     0.999902        79892     10240.00
      23.391     0.999915        79893     11702.86
      23.663     0.999927        79894     13653.33
      23.871     0.999939        79895     16384.00
      23.871     0.999945        79895     18204.44
      23.983     0.999951        79896     20480.00
      23.983     0.999957        79896     23405.71
      24.223     0.999963        79897     27306.67
      24.223     0.999969        79897     32768.00
      24.223     0.999973        79897     36408.89
      24.383     0.999976        79898     40960.00
      24.383     0.999979        79898     46811.43
      24.383     0.999982        79898     54613.33
      24.383     0.999985        79898     65536.00
      24.383     0.999986        79898     72817.78
      24.415     0.999988        79899     81920.00
      24.415     1.000000        79899          inf
#[Mean    =        1.684, StdDeviation   =        1.570]
#[Max     =       24.400, Total count    =        79899]
#[Buckets =           27, SubBuckets     =         2048]
----------------------------------------------------------
  79908 requests in 10.00s, 13.34MB read
Requests/sec:   7990.56
Transfer/sec:      1.33MB
