Running 10s test @ http://localhost
  2 threads and 10 connections
  Thread Stats   Avg      Stdev     Max   +/- Stdev
    Latency     1.58ms    1.20ms  34.11ms   92.69%
    Req/Sec       -nan      -nan   0.00      0.00%
  Latency Distribution (HdrHistogram - Recorded Latency)
 50.000%    1.39ms
 75.000%    1.90ms
 90.000%    2.43ms
 99.000%    5.97ms
 99.900%   14.57ms
 99.990%   27.90ms
 99.999%   33.41ms
100.000%   34.14ms

  Detailed Percentile spectrum:
       Value   Percentile   TotalCount 1/(1-Percentile)

       0.145     0.000000            1         1.00
       0.669     0.100000         8003         1.11
       0.875     0.200000        16012         1.25
       1.051     0.300000        23978         1.43
       1.223     0.400000        31985         1.67
       1.394     0.500000        39973         2.00
       1.483     0.550000        43965         2.22
       1.580     0.600000        47997         2.50
       1.679     0.650000        51972         2.86
       1.783     0.700000        55961         3.33
       1.899     0.750000        59939         4.00
       1.961     0.775000        61947         4.44
       2.031     0.800000        63930         5.00
       2.109     0.825000        65931         5.71
       2.197     0.850000        67956         6.67
       2.301     0.875000        69923         8.00
       2.365     0.887500        70929         8.89
       2.435     0.900000        71931        10.00
       2.515     0.912500        72922        11.43
       2.619     0.925000        73918        13.33
       2.745     0.937500        74921        16.00
       2.819     0.943750        75416        17.78
       2.919     0.950000        75921        20.00
       3.025     0.956250        76417        22.86
       3.155     0.962500        76915        26.67
       3.355     0.968750        77414        32.00
       3.489     0.971875        77663        35.56
       3.647     0.975000        77913        40.00
       3.869     0.978125        78162        45.71
       4.187     0.981250        78413        53.33
       4.607     0.984375        78663        64.00
       4.875     0.985938        78788        71.11
       5.231     0.987500        78913        80.00
       5.647     0.989062        79036        91.43
       6.203     0.990625        79161       106.67
       6.843     0.992188        79286       128.00
       7.323     0.992969        79349       142.22
       7.843     0.993750        79411       160.00
       8.519     0.994531        79473       182.86
       9.327     0.995313        79536       213.33
      10.463     0.996094        79598       256.00
      11.023     0.996484        79631       284.44
      11.431     0.996875        79661       320.00
      11.959     0.997266        79693       365.71
      12.399     0.997656        79723       426.67
      12.903     0.998047        79754       512.00
      13.239     0.998242        79770       568.89
      13.519     0.998437        79786       640.00
      13.935     0.998633        79801       731.43
      14.263     0.998828        79817       853.33
      14.591     0.999023        79832      1024.00
      14.783     0.999121        79840      1137.78
      14.935     0.999219        79848      1280.00
      15.143     0.999316        79856      1462.86
      15.303     0.999414        79864      1706.67
      15.567     0.999512        79871      2048.00
      15.727     0.999561        79875      2275.56
      16.007     0.999609        79879      2560.00
      16.271     0.999658        79883      2925.71
      16.559     0.999707        79887      3413.33
      18.863     0.999756        79891      4096.00
      20.559     0.999780        79893      4551.11
      22.095     0.999805        79895      5120.00
      23.871     0.999829        79897      5851.43
      25.647     0.999854        79899      6826.67
      27.007     0.999878        79901      8192.00
      27.903     0.999890        79902      9102.22
      28.783     0.999902        79903     10240.00
      29.471     0.999915        79904     11702.86
      30.319     0.999927        79905     13653.33
      30.975     0.999939        79906     16384.00
      30.975     0.999945        79906     18204.44
      31.807     0.999951        79907     20480.00
      31.807     0.999957        79907     23405.71
      32.415     0.999963        79908     27306.67
      32.415     0.999969        79908     32768.00
      32.415     0.999973        79908     36408.89
      33.407     0.999976        79909     40960.00
      33.407     0.999979        79909     46811.43
      33.407     0.999982        79909     54613.33
      33.407     0.999985        79909     65536.00
      33.407     0.999986        79909     72817.78
      34.143     0.999988        79910     81920.00
      34.143     1.000000        79910          inf
#[Mean    =        1.577, StdDeviation   =        1.198]
#[Max     =       34.112, Total count    =        79910]
#[Buckets =           27, SubBuckets     =         2048]
----------------------------------------------------------
  79916 requests in 10.00s, 13.34MB read
Requests/sec:   7990.87
Transfer/sec:      1.33MB
