Running 10s test @ http://localhost
  2 threads and 10 connections
  Thread Stats   Avg      Stdev     Max   +/- Stdev
    Latency     1.56ms    1.15ms  19.62ms   91.49%
    Req/Sec       -nan      -nan   0.00      0.00%
  Latency Distribution (HdrHistogram - Recorded Latency)
 50.000%    1.38ms
 75.000%    1.87ms
 90.000%    2.41ms
 99.000%    6.43ms
 99.900%   14.22ms
 99.990%   18.06ms
 99.999%   19.02ms
100.000%   19.63ms

  Detailed Percentile spectrum:
       Value   Percentile   TotalCount 1/(1-Percentile)

       0.090     0.000000            1         1.00
       0.661     0.100000         8022         1.11
       0.867     0.200000        15987         1.25
       1.045     0.300000        24005         1.43
       1.209     0.400000        31959         1.67
       1.375     0.500000        39958         2.00
       1.464     0.550000        43977         2.22
       1.553     0.600000        47985         2.50
       1.648     0.650000        51969         2.86
       1.752     0.700000        55951         3.33
       1.867     0.750000        59936         4.00
       1.932     0.775000        61940         4.44
       2.002     0.800000        63924         5.00
       2.083     0.825000        65932         5.71
       2.171     0.850000        67933         6.67
       2.279     0.875000        69935         8.00
       2.345     0.887500        70937         8.89
       2.417     0.900000        71939        10.00
       2.499     0.912500        72909        11.43
       2.599     0.925000        73911        13.33
       2.725     0.937500        74905        16.00
       2.807     0.943750        75408        17.78
       2.911     0.950000        75906        20.00
       3.027     0.956250        76404        22.86
       3.199     0.962500        76903        26.67
       3.441     0.968750        77402        32.00
       3.623     0.971875        77651        35.56
       3.837     0.975000        77902        40.00
       4.115     0.978125        78151        45.71
       4.527     0.981250        78400        53.33
       5.079     0.984375        78649        64.00
       5.375     0.985938        78774        71.11
       5.747     0.987500        78899        80.00
       6.155     0.989062        79025        91.43
       6.667     0.990625        79148       106.67
       7.159     0.992188        79273       128.00
       7.523     0.992969        79339       142.22
       7.847     0.993750        79398       160.00
       8.199     0.994531        79462       182.86
       8.591     0.995313        79523       213.33
       9.031     0.996094        79585       256.00
       9.375     0.996484        79617       284.44
       9.847     0.996875        79648       320.00
      10.543     0.997266        79679       365.71
      11.287     0.997656        79710       426.67
      12.175     0.998047        79741       512.00
      12.679     0.998242        79758       568.89
      13.079     0.998437        79773       640.00
      13.487     0.998633        79788       731.43
      13.935     0.998828        79804       853.33
      14.239     0.999023        79819      1024.00
      14.623     0.999121        79827      1137.78
      14.975     0.999219        79835      1280.00
      15.327     0.999316        79843      1462.86
      15.799     0.999414        79851      1706.67
      16.231     0.999512        79858      2048.00
      16.447     0.999561        79862      2275.56
      16.751     0.999609        79867      2560.00
      17.135     0.999658        79870      2925.71
      17.231     0.999707        79874      3413.33
      17.503     0.999756        79878      4096.00
      17.647     0.999780        79880      4551.11
      17.791     0.999805        79883      5120.00
      17.823     0.999829        79886      5851.43
      17.823     0.999854        79886      6826.67
      17.967     0.999878        79888      8192.00
      18.063     0.999890        79889      9102.22
      18.159     0.999902        79890     10240.00
      18.287     0.999915        79891     11702.86
      18.319     0.999927        79892     13653.33
      18.431     0.999939        79893     16384.00
      18.431     0.999945        79893     18204.44
      18.719     0.999951        79894     20480.00
      18.719     0.999957        79894     23405.71
      18.735     0.999963        79895     27306.67
      18.735     0.999969        79895     32768.00
      18.735     0.999973        79895     36408.89
      19.023     0.999976        79896     40960.00
      19.023     0.999979        79896     46811.43
      19.023     0.999982        79896     54613.33
      19.023     0.999985        79896     65536.00
      19.023     0.999986        79896     72817.78
      19.631     0.999988        79897     81920.00
      19.631     1.000000        79897          inf
#[Mean    =        1.562, StdDeviation   =        1.148]
#[Max     =       19.616, Total count    =        79897]
#[Buckets =           27, SubBuckets     =         2048]
----------------------------------------------------------
  79903 requests in 10.01s, 13.34MB read
Requests/sec:   7981.76
Transfer/sec:      1.33MB
