Running 10s test @ http://localhost
  2 threads and 10 connections
  Thread Stats   Avg      Stdev     Max   +/- Stdev
    Latency     1.52ms    1.07ms  16.82ms   90.15%
    Req/Sec       -nan      -nan   0.00      0.00%
  Latency Distribution (HdrHistogram - Recorded Latency)
 50.000%    1.37ms
 75.000%    1.86ms
 90.000%    2.36ms
 99.000%    5.32ms
 99.900%   13.20ms
 99.990%   15.36ms
 99.999%   16.40ms
100.000%   16.83ms

  Detailed Percentile spectrum:
       Value   Percentile   TotalCount 1/(1-Percentile)

       0.121     0.000000            1         1.00
       0.652     0.100000         7999         1.11
       0.856     0.200000        16017         1.25
       1.032     0.300000        23984         1.43
       1.202     0.400000        31989         1.67
       1.372     0.500000        39973         2.00
       1.457     0.550000        43969         2.22
       1.548     0.600000        47956         2.50
       1.644     0.650000        51960         2.86
       1.746     0.700000        55977         3.33
       1.858     0.750000        59959         4.00
       1.917     0.775000        61937         4.44
       1.985     0.800000        63947         5.00
       2.057     0.825000        65977         5.71
       2.139     0.850000        67963         6.67
       2.239     0.875000        69933         8.00
       2.291     0.887500        70924         8.89
       2.355     0.900000        71920        10.00
       2.429     0.912500        72935        11.43
       2.513     0.925000        73922        13.33
       2.617     0.937500        74919        16.00
       2.683     0.943750        75431        17.78
       2.751     0.950000        75919        20.00
       2.839     0.956250        76417        22.86
       2.961     0.962500        76914        26.67
       3.111     0.968750        77415        32.00
       3.215     0.971875        77671        35.56
       3.335     0.975000        77913        40.00
       3.513     0.978125        78162        45.71
       3.723     0.981250        78413        53.33
       4.021     0.984375        78662        64.00
       4.255     0.985938        78789        71.11
       4.555     0.987500        78914        80.00
       4.983     0.989062        79036        91.43
       5.599     0.990625        79161       106.67
       6.379     0.992188        79286       128.00
       6.855     0.992969        79349       142.22
       7.407     0.993750        79411       160.00
       8.007     0.994531        79473       182.86
       8.847     0.995313        79536       213.33
       9.903     0.996094        79598       256.00
      10.383     0.996484        79630       284.44
      10.847     0.996875        79661       320.00
      11.311     0.997266        79692       365.71
      11.711     0.997656        79723       426.67
      12.199     0.998047        79754       512.00
      12.359     0.998242        79772       568.89
      12.503     0.998437        79786       640.00
      12.743     0.998633        79801       731.43
      13.015     0.998828        79817       853.33
      13.303     0.999023        79832      1024.00
      13.423     0.999121        79840      1137.78
      13.607     0.999219        79848      1280.00
      13.759     0.999316        79857      1462.86
      13.983     0.999414        79864      1706.67
      14.175     0.999512        79871      2048.00
      14.255     0.999561        79875      2275.56
      14.343     0.999609        79879      2560.00
      14.399     0.999658        79883      2925.71
      14.503     0.999707        79887      3413.33
      14.687     0.999756        79891      4096.00
      14.823     0.999780        79893      4551.11
      15.039     0.999805        79896      5120.00
      15.095     0.999829        79897      5851.43
      15.143     0.999854        79899      6826.67
      15.311     0.999878        79901      8192.00
      15.359     0.999890        79902      9102.22
      15.583     0.999902        79903     10240.00
      15.607     0.999915        79904     11702.86
      15.671     0.999927        79905     13653.33
      15.703     0.999939        79906     16384.00
      15.703     0.999945        79906     18204.44
      15.815     0.999951        79907     20480.00
      15.815     0.999957        79907     23405.71
      15.863     0.999963        79908     27306.67
      15.863     0.999969        79908     32768.00
      15.863     0.999973        79908     36408.89
      16.399     0.999976        79909     40960.00
      16.399     0.999979        79909     46811.43
      16.399     0.999982        79909     54613.33
      16.399     0.999985        79909     65536.00
      16.399     0.999986        79909     72817.78
      16.831     0.999988        79910     81920.00
      16.831     1.000000        79910          inf
#[Mean    =        1.524, StdDeviation   =        1.065]
#[Max     =       16.816, Total count    =        79910]
#[Buckets =           27, SubBuckets     =         2048]
----------------------------------------------------------
  79912 requests in 10.00s, 13.34MB read
Requests/sec:   7991.21
Transfer/sec:      1.33MB
