Running 10s test @ http://localhost
  2 threads and 10 connections
  Thread Stats   Avg      Stdev     Max   +/- Stdev
    Latency     1.72ms    1.68ms  19.84ms   95.25%
    Req/Sec       -nan      -nan   0.00      0.00%
  Latency Distribution (HdrHistogram - Recorded Latency)
 50.000%    1.42ms
 75.000%    1.96ms
 90.000%    2.62ms
 99.000%   11.04ms
 99.900%   17.95ms
 99.990%   19.26ms
 99.999%   19.69ms
100.000%   19.85ms

  Detailed Percentile spectrum:
       Value   Percentile   TotalCount 1/(1-Percentile)

       0.146     0.000000            1         1.00
       0.660     0.100000         8016         1.11
       0.875     0.200000        16008         1.25
       1.059     0.300000        24019         1.43
       1.237     0.400000        31984         1.67
       1.416     0.500000        39958         2.00
       1.511     0.550000        43951         2.22
       1.609     0.600000        47966         2.50
       1.715     0.650000        51973         2.86
       1.828     0.700000        55949         3.33
       1.959     0.750000        59952         4.00
       2.031     0.775000        61958         4.44
       2.111     0.800000        63950         5.00
       2.203     0.825000        65957         5.71
       2.311     0.850000        67950         6.67
       2.445     0.875000        69941         8.00
       2.525     0.887500        70936         8.89
       2.623     0.900000        71938        10.00
       2.735     0.912500        72925        11.43
       2.877     0.925000        73923        13.33
       3.059     0.937500        74916        16.00
       3.175     0.943750        75416        17.78
       3.335     0.950000        75922        20.00
       3.521     0.956250        76414        22.86
       3.797     0.962500        76916        26.67
       4.143     0.968750        77414        32.00
       4.443     0.971875        77665        35.56
       4.839     0.975000        77913        40.00
       5.519     0.978125        78162        45.71
       6.555     0.981250        78412        53.33
       7.959     0.984375        78663        64.00
       8.759     0.985938        78787        71.11
       9.559     0.987500        78912        80.00
      10.407     0.989062        79037        91.43
      11.463     0.990625        79161       106.67
      12.527     0.992188        79286       128.00
      13.023     0.992969        79349       142.22
      13.511     0.993750        79411       160.00
      14.151     0.994531        79473       182.86
      14.671     0.995313        79536       213.33
      15.303     0.996094        79598       256.00
      15.607     0.996484        79630       284.44
      15.871     0.996875        79661       320.00
      16.239     0.997266        79692       365.71
      16.543     0.997656        79723       426.67
      16.895     0.998047        79755       512.00
      17.135     0.998242        79770       568.89
      17.359     0.998437        79786       640.00
      17.567     0.998633        79802       731.43
      17.759     0.998828        79818       853.33
      17.999     0.999023        79834      1024.00
      18.063     0.999121        79841      1137.78
      18.191     0.999219        79849      1280.00
      18.287     0.999316        79856      1462.86
      18.383     0.999414        79864      1706.67
      18.527     0.999512        79871      2048.00
      18.575     0.999561        79875      2275.56
      18.687     0.999609        79879      2560.00
      18.799     0.999658        79885      2925.71
      18.863     0.999707        79887      3413.33
      18.991     0.999756        79892      4096.00
      19.103     0.999780        79893      4551.11
      19.151     0.999805        79895      5120.00
      19.167     0.999829        79898      5851.43
      19.199     0.999854        79899      6826.67
      19.263     0.999878        79902      8192.00
      19.263     0.999890        79902      9102.22
      19.423     0.999902        79904     10240.00
      19.423     0.999915        79904     11702.86
      19.439     0.999927        79905     13653.33
      19.615     0.999939        79906     16384.00
      19.615     0.999945        79906     18204.44
      19.631     0.999951        79907     20480.00
      19.631     0.999957        79907     23405.71
      19.663     0.999963        79908     27306.67
      19.663     0.999969        79908     32768.00
      19.663     0.999973        79908     36408.89
      19.695     0.999976        79909     40960.00
      19.695     0.999979        79909     46811.43
      19.695     0.999982        79909     54613.33
      19.695     0.999985        79909     65536.00
      19.695     0.999986        79909     72817.78
      19.855     0.999988        79910     81920.00
      19.855     1.000000        79910          inf
#[Mean    =        1.722, StdDeviation   =        1.685]
#[Max     =       19.840, Total count    =        79910]
#[Buckets =           27, SubBuckets     =         2048]
----------------------------------------------------------
  79912 requests in 10.00s, 13.34MB read
Requests/sec:   7991.52
Transfer/sec:      1.33MB
