Running 10s test @ http://localhost
  2 threads and 10 connections
  Thread Stats   Avg      Stdev     Max   +/- Stdev
    Latency     2.91ms    3.51ms  37.82ms   92.27%
    Req/Sec       -nan      -nan   0.00      0.00%
  Latency Distribution (HdrHistogram - Recorded Latency)
 50.000%    1.83ms
 75.000%    3.21ms
 90.000%    5.65ms
 99.000%   21.14ms
 99.900%   29.66ms
 99.990%   34.81ms
 99.999%   37.15ms
100.000%   37.85ms

  Detailed Percentile spectrum:
       Value   Percentile   TotalCount 1/(1-Percentile)

       0.090     0.000000            1         1.00
       0.796     0.100000         8003         1.11
       1.062     0.200000        15994         1.25
       1.302     0.300000        23992         1.43
       1.548     0.400000        31987         1.67
       1.834     0.500000        39955         2.00
       2.002     0.550000        43953         2.22
       2.205     0.600000        47945         2.50
       2.451     0.650000        51965         2.86
       2.773     0.700000        55948         3.33
       3.213     0.750000        59937         4.00
       3.481     0.775000        61931         4.44
       3.789     0.800000        63930         5.00
       4.139     0.825000        65929         5.71
       4.563     0.850000        67926         6.67
       5.059     0.875000        69922         8.00
       5.335     0.887500        70918         8.89
       5.651     0.900000        71923        10.00
       6.027     0.912500        72921        11.43
       6.527     0.925000        73919        13.33
       7.183     0.937500        74918        16.00
       7.619     0.943750        75416        17.78
       8.179     0.950000        75912        20.00
       8.967     0.956250        76416        22.86
      10.031     0.962500        76911        26.67
      11.575     0.968750        77410        32.00
      12.527     0.971875        77662        35.56
      13.599     0.975000        77910        40.00
      14.839     0.978125        78160        45.71
      16.279     0.981250        78410        53.33
      17.807     0.984375        78660        64.00
      18.767     0.985938        78784        71.11
      19.695     0.987500        78909        80.00
      20.607     0.989062        79035        91.43
      21.487     0.990625        79158       106.67
      22.255     0.992188        79286       128.00
      22.719     0.992969        79348       142.22
      23.279     0.993750        79408       160.00
      23.871     0.994531        79472       182.86
      24.655     0.995313        79533       213.33
      25.343     0.996094        79595       256.00
      25.743     0.996484        79627       284.44
      26.271     0.996875        79658       320.00
      26.687     0.997266        79689       365.71
      27.183     0.997656        79722       426.67
      27.663     0.998047        79752       512.00
      27.983     0.998242        79768       568.89
      28.335     0.998437        79783       640.00
      28.687     0.998633        79798       731.43
      29.135     0.998828        79814       853.33
      29.727     0.999023        79829      1024.00
      30.127     0.999121        79837      1137.78
      30.431     0.999219        79845      1280.00
      30.703     0.999316        79853      1462.86
      30.975     0.999414        79861      1706.67
      31.295     0.999512        79868      2048.00
      31.519     0.999561        79872      2275.56
      32.047     0.999609        79876      2560.00
      32.351     0.999658        79880      2925.71
      32.799     0.999707        79884      3413.33
      33.087     0.999756        79888      4096.00
      33.407     0.999780        79890      4551.11
      33.823     0.999805        79892      5120.00
      34.239     0.999829        79894      5851.43
      34.623     0.999854        79896      6826.67
      34.783     0.999878        79898      8192.00
      34.815     0.999890        79899      9102.22
      35.199     0.999902        79900     10240.00
      35.455     0.999915        79901     11702.86
      35.551     0.999927        79902     13653.33
      35.999     0.999939        79903     16384.00
      35.999     0.999945        79903     18204.44
      36.319     0.999951        79904     20480.00
      36.319     0.999957        79904     23405.71
      36.895     0.999963        79905     27306.67
      36.895     0.999969        79905     32768.00
      36.895     0.999973        79905     36408.89
      37.151     0.999976        79906     40960.00
      37.151     0.999979        79906     46811.43
      37.151     0.999982        79906     54613.33
      37.151     0.999985        79906     65536.00
      37.151     0.999986        79906     72817.78
      37.855     0.999988        79907     81920.00
      37.855     1.000000        79907          inf
#[Mean    =        2.912, StdDeviation   =        3.505]
#[Max     =       37.824, Total count    =        79907]
#[Buckets =           27, SubBuckets     =         2048]
----------------------------------------------------------
  79916 requests in 10.00s, 13.34MB read
Requests/sec:   7991.39
Transfer/sec:      1.33MB
