Running 10s test @ http://localhost
  2 threads and 10 connections
  Thread Stats   Avg      Stdev     Max   +/- Stdev
    Latency     1.47ms    0.97ms  20.58ms   88.91%
    Req/Sec       -nan      -nan   0.00      0.00%
  Latency Distribution (HdrHistogram - Recorded Latency)
 50.000%    1.35ms
 75.000%    1.80ms
 90.000%    2.25ms
 99.000%    4.88ms
 99.900%   12.47ms
 99.990%   18.32ms
 99.999%   20.50ms
100.000%   20.59ms

  Detailed Percentile spectrum:
       Value   Percentile   TotalCount 1/(1-Percentile)

       0.144     0.000000            1         1.00
       0.655     0.100000         8022         1.11
       0.858     0.200000        15987         1.25
       1.029     0.300000        23980         1.43
       1.190     0.400000        31971         1.67
       1.349     0.500000        39981         2.00
       1.430     0.550000        43975         2.22
       1.514     0.600000        47981         2.50
       1.602     0.650000        51976         2.86
       1.695     0.700000        55944         3.33
       1.801     0.750000        59976         4.00
       1.857     0.775000        61935         4.44
       1.917     0.800000        63949         5.00
       1.985     0.825000        65945         5.71
       2.059     0.850000        67932         6.67
       2.149     0.875000        69945         8.00
       2.195     0.887500        70926         8.89
       2.253     0.900000        71943        10.00
       2.317     0.912500        72965        11.43
       2.387     0.925000        73923        13.33
       2.467     0.937500        74939        16.00
       2.517     0.943750        75436        17.78
       2.569     0.950000        75929        20.00
       2.639     0.956250        76430        22.86
       2.713     0.962500        76924        26.67
       2.805     0.968750        77419        32.00
       2.871     0.971875        77671        35.56
       2.947     0.975000        77919        40.00
       3.049     0.978125        78168        45.71
       3.207     0.981250        78419        53.33
       3.489     0.984375        78667        64.00
       3.773     0.985938        78792        71.11
       4.139     0.987500        78917        80.00
       4.563     0.989062        79041        91.43
       5.063     0.990625        79167       106.67
       5.703     0.992188        79291       128.00
       6.007     0.992969        79354       142.22
       6.375     0.993750        79416       160.00
       6.891     0.994531        79478       182.86
       7.499     0.995313        79541       213.33
       8.359     0.996094        79603       256.00
       8.759     0.996484        79635       284.44
       9.383     0.996875        79666       320.00
      10.079     0.997266        79697       365.71
      10.631     0.997656        79728       426.67
      11.095     0.998047        79759       512.00
      11.327     0.998242        79776       568.89
      11.551     0.998437        79791       640.00
      11.903     0.998633        79806       731.43
      12.231     0.998828        79822       853.33
      12.503     0.999023        79837      1024.00
      12.655     0.999121        79846      1137.78
      12.775     0.999219        79854      1280.00
      13.071     0.999316        79861      1462.86
      13.239     0.999414        79869      1706.67
      13.527     0.999512        79876      2048.00
      13.735     0.999561        79880      2275.56
      14.063     0.999609        79884      2560.00
      14.223     0.999658        79888      2925.71
      14.503     0.999707        79892      3413.33
      14.783     0.999756        79896      4096.00
      14.895     0.999780        79898      4551.11
      15.167     0.999805        79900      5120.00
      15.359     0.999829        79902      5851.43
      15.903     0.999854        79904      6826.67
      17.631     0.999878        79906      8192.00
      18.319     0.999890        79907      9102.22
      18.943     0.999902        79908     10240.00
      19.135     0.999915        79909     11702.86
      19.375     0.999927        79910     13653.33
      19.743     0.999939        79911     16384.00
      19.743     0.999945        79911     18204.44
      20.191     0.999951        79912     20480.00
      20.191     0.999957        79912     23405.71
      20.399     0.999963        79913     27306.67
      20.399     0.999969        79913     32768.00
      20.399     0.999973        79913     36408.89
      20.495     0.999976        79914     40960.00
      20.495     0.999979        79914     46811.43
      20.495     0.999982        79914     54613.33
      20.495     0.999985        79914     65536.00
      20.495     0.999986        79914     72817.78
      20.591     0.999988        79915     81920.00
      20.591     1.000000        79915          inf
#[Mean    =        1.472, StdDeviation   =        0.969]
#[Max     =       20.576, Total count    =        79915]
#[Buckets =           27, SubBuckets     =         2048]
----------------------------------------------------------
  79917 requests in 10.00s, 13.34MB read
Requests/sec:   7991.52
Transfer/sec:      1.33MB
