Running 10s test @ http://localhost
  2 threads and 10 connections
  Thread Stats   Avg      Stdev     Max   +/- Stdev
    Latency     3.40ms    4.40ms  45.18ms   92.31%
    Req/Sec       -nan      -nan   0.00      0.00%
  Latency Distribution (HdrHistogram - Recorded Latency)
 50.000%    2.04ms
 75.000%    3.91ms
 90.000%    6.82ms
 99.000%   25.87ms
 99.900%   40.35ms
 99.990%   44.29ms
 99.999%   44.90ms
100.000%   45.22ms

  Detailed Percentile spectrum:
       Value   Percentile   TotalCount 1/(1-Percentile)

       0.132     0.000000            1         1.00
       0.818     0.100000         8015         1.11
       1.111     0.200000        15993         1.25
       1.386     0.300000        23968         1.43
       1.684     0.400000        31960         1.67
       2.040     0.500000        39943         2.00
       2.261     0.550000        43939         2.22
       2.531     0.600000        47941         2.50
       2.887     0.650000        51934         2.86
       3.333     0.700000        55927         3.33
       3.907     0.750000        59912         4.00
       4.239     0.775000        61925         4.44
       4.607     0.800000        63912         5.00
       5.007     0.825000        65909         5.71
       5.479     0.850000        67899         6.67
       6.063     0.875000        69901         8.00
       6.419     0.887500        70894         8.89
       6.823     0.900000        71895        10.00
       7.299     0.912500        72895        11.43
       7.903     0.925000        73898        13.33
       8.679     0.937500        74890        16.00
       9.151     0.943750        75388        17.78
       9.719     0.950000        75893        20.00
      10.383     0.956250        76388        22.86
      11.247     0.962500        76894        26.67
      12.519     0.968750        77387        32.00
      13.367     0.971875        77637        35.56
      14.415     0.975000        77887        40.00
      15.567     0.978125        78134        45.71
      17.279     0.981250        78384        53.33
      19.311     0.984375        78633        64.00
      20.831     0.985938        78757        71.11
      22.495     0.987500        78883        80.00
      24.623     0.989062        79008        91.43
      27.183     0.990625        79132       106.67
      30.815     0.992188        79258       128.00
      31.823     0.992969        79319       142.22
      32.751     0.993750        79383       160.00
      33.855     0.994531        79444       182.86
      34.911     0.995313        79507       213.33
      35.871     0.996094        79568       256.00
      36.319     0.996484        79600       284.44
      36.703     0.996875        79631       320.00
      37.279     0.997266        79663       365.71
      37.727     0.997656        79693       426.67
      38.463     0.998047        79724       512.00
      38.815     0.998242        79741       568.89
      39.327     0.998437        79756       640.00
      39.775     0.998633        79773       731.43
      40.159     0.998828        79790       853.33
      40.383     0.999023        79802      1024.00
      40.671     0.999121        79810      1137.78
      40.927     0.999219        79819      1280.00
      41.247     0.999316        79827      1462.86
      41.407     0.999414        79834      1706.67
      41.599     0.999512        79841      2048.00
      41.919     0.999561        79846      2275.56
      42.047     0.999609        79849      2560.00
      42.367     0.999658        79853      2925.71
      42.943     0.999707        79857      3413.33
      43.519     0.999756        79861      4096.00
      43.583     0.999780        79863      4551.11
      43.743     0.999805        79865      5120.00
      43.839     0.999829        79867      5851.43
      44.031     0.999854        79870      6826.67
      44.127     0.999878        79871      8192.00
      44.287     0.999890        79873      9102.22
      44.287     0.999902        79873     10240.00
      44.351     0.999915        79874     11702.86
      44.447     0.999927        79876     13653.33
      44.447     0.999939        79876     16384.00
      44.447     0.999945        79876     18204.44
      44.607     0.999951        79878     20480.00
      44.607     0.999957        79878     23405.71
      44.607     0.999963        79878     27306.67
      44.607     0.999969        79878     32768.00
      44.607     0.999973        79878     36408.89
      44.895     0.999976        79879     40960.00
      44.895     0.999979        79879     46811.43
      44.895     0.999982        79879     54613.33
      44.895     0.999985        79879     65536.00
      44.895     0.999986        79879     72817.78
      45.215     0.999988        79880     81920.00
      45.215     1.000000        79880          inf
#[Mean    =        3.400, StdDeviation   =        4.405]
#[Max     =       45.184, Total count    =        79880]
#[Buckets =           27, SubBuckets     =         2048]
----------------------------------------------------------
  79889 requests in 10.00s, 13.33MB read
Requests/sec:   7989.55
Transfer/sec:      1.33MB
