Running 10s test @ http://localhost
  2 threads and 10 connections
  Thread Stats   Avg      Stdev     Max   +/- Stdev
    Latency   104.75ms  230.67ms   1.00s    86.24%
    Req/Sec       -nan      -nan   0.00      0.00%
  Latency Distribution (HdrHistogram - Recorded Latency)
 50.000%    2.73ms
 75.000%   10.60ms
 90.000%  513.02ms
 99.000%  922.11ms
 99.900%  995.84ms
 99.990%    1.00s 
 99.999%    1.00s 
100.000%    1.00s 

  Detailed Percentile spectrum:
       Value   Percentile   TotalCount 1/(1-Percentile)

       0.088     0.000000            1         1.00
       0.915     0.100000         8003         1.11
       1.262     0.200000        15979         1.25
       1.615     0.300000        23984         1.43
       2.037     0.400000        31950         1.67
       2.727     0.500000        39932         2.00
       3.283     0.550000        43923         2.22
       4.047     0.600000        47923         2.50
       5.099     0.650000        51916         2.86
       6.699     0.700000        55902         3.33
      10.599     0.750000        59902         4.00
      17.567     0.775000        61892         4.44
      84.991     0.800000        63888         5.00
     184.831     0.825000        65884         5.71
     275.711     0.850000        67884         6.67
     391.423     0.875000        69883         8.00
     443.135     0.887500        70879         8.89
     513.023     0.900000        71875        10.00
     574.975     0.912500        72879        11.43
     628.735     0.925000        73881        13.33
     673.279     0.937500        74871        16.00
     688.639     0.943750        75375        17.78
     703.487     0.950000        75868        20.00
     738.815     0.956250        76374        22.86
     760.831     0.962500        76881        26.67
     787.455     0.968750        77366        32.00
     799.231     0.971875        77626        35.56
     817.663     0.975000        77863        40.00
     835.583     0.978125        78116        45.71
     855.551     0.981250        78366        53.33
     878.591     0.984375        78614        64.00
     889.343     0.985938        78738        71.11
     902.655     0.987500        78862        80.00
     913.407     0.989062        78989        91.43
     928.767     0.990625        79112       106.67
     936.447     0.992188        79247       128.00
     942.591     0.992969        79299       142.22
     949.759     0.993750        79361       160.00
     956.415     0.994531        79428       182.86
     963.071     0.995313        79486       213.33
     969.727     0.996094        79549       256.00
     972.799     0.996484        79584       284.44
     975.871     0.996875        79617       320.00
     977.407     0.997266        79641       365.71
     980.991     0.997656        79674       426.67
     985.087     0.998047        79707       512.00
     987.135     0.998242        79721       568.89
     989.183     0.998437        79735       640.00
     991.743     0.998633        79751       731.43
     993.791     0.998828        79769       853.33
     996.351     0.999023        79784      1024.00
     997.375     0.999121        79790      1137.78
     998.399     0.999219        79799      1280.00
     999.423     0.999316        79805      1462.86
    1000.959     0.999414        79816      1706.67
    1001.471     0.999512        79825      2048.00
    1001.471     0.999561        79825      2275.56
    1001.983     0.999609        79828      2560.00
    1002.495     0.999658        79835      2925.71
    1003.007     0.999707        79839      3413.33
    1003.519     0.999756        79851      4096.00
    1003.519     0.999780        79851      4551.11
    1003.519     0.999805        79851      5120.00
    1003.519     0.999829        79851      5851.43
    1003.519     0.999854        79851      6826.67
    1003.519     0.999878        79851      8192.00
    1003.519     0.999890        79851      9102.22
    1004.031     0.999902        79859     10240.00
    1004.031     1.000000        79859          inf
#[Mean    =      104.748, StdDeviation   =      230.672]
#[Max     =     1003.520, Total count    =        79859]
#[Buckets =           27, SubBuckets     =         2048]
----------------------------------------------------------
  79867 requests in 10.00s, 13.33MB read
Requests/sec:   7985.50
Transfer/sec:      1.33MB
