Running 10s test @ http://localhost
  2 threads and 10 connections
  Thread Stats   Avg      Stdev     Max   +/- Stdev
    Latency     1.60ms    1.30ms  18.08ms   93.90%
    Req/Sec       -nan      -nan   0.00      0.00%
  Latency Distribution (HdrHistogram - Recorded Latency)
 50.000%    1.37ms
 75.000%    1.88ms
 90.000%    2.44ms
 99.000%    7.93ms
 99.900%   14.11ms
 99.990%   17.50ms
 99.999%   17.92ms
100.000%   18.09ms

  Detailed Percentile spectrum:
       Value   Percentile   TotalCount 1/(1-Percentile)

       0.145     0.000000            1         1.00
       0.654     0.100000         8025         1.11
       0.859     0.200000        15985         1.25
       1.036     0.300000        23996         1.43
       1.204     0.400000        31971         1.67
       1.374     0.500000        39961         2.00
       1.460     0.550000        43978         2.22
       1.554     0.600000        47980         2.50
       1.652     0.650000        51943         2.86
       1.760     0.700000        55964         3.33
       1.876     0.750000        59950         4.00
       1.940     0.775000        61929         4.44
       2.014     0.800000        63952         5.00
       2.095     0.825000        65945         5.71
       2.187     0.850000        67950         6.67
       2.299     0.875000        69923         8.00
       2.367     0.887500        70933         8.89
       2.447     0.900000        71932        10.00
       2.543     0.912500        72918        11.43
       2.651     0.925000        73916        13.33
       2.805     0.937500        74919        16.00
       2.905     0.943750        75416        17.78
       3.041     0.950000        75912        20.00
       3.239     0.956250        76415        22.86
       3.517     0.962500        76912        26.67
       3.911     0.968750        77411        32.00
       4.199     0.971875        77666        35.56
       4.587     0.975000        77911        40.00
       5.067     0.978125        78161        45.71
       5.695     0.981250        78409        53.33
       6.451     0.984375        78659        64.00
       6.843     0.985938        78784        71.11
       7.267     0.987500        78911        80.00
       7.707     0.989062        79034        91.43
       8.151     0.990625        79158       106.67
       8.639     0.992188        79285       128.00
       8.991     0.992969        79348       142.22
       9.439     0.993750        79408       160.00
       9.895     0.994531        79471       182.86
      10.487     0.995313        79533       213.33
      11.031     0.996094        79595       256.00
      11.327     0.996484        79628       284.44
      11.687     0.996875        79658       320.00
      12.015     0.997266        79689       365.71
      12.503     0.997656        79721       426.67
      12.887     0.998047        79751       512.00
      13.175     0.998242        79767       568.89
      13.399     0.998437        79784       640.00
      13.527     0.998633        79798       731.43
      13.807     0.998828        79814       853.33
      14.119     0.999023        79829      1024.00
      14.271     0.999121        79837      1137.78
      14.559     0.999219        79845      1280.00
      14.823     0.999316        79853      1462.86
      15.303     0.999414        79862      1706.67
      15.503     0.999512        79868      2048.00
      15.591     0.999561        79872      2275.56
      15.791     0.999609        79876      2560.00
      16.063     0.999658        79880      2925.71
      16.463     0.999707        79884      3413.33
      16.623     0.999756        79888      4096.00
      16.895     0.999780        79890      4551.11
      17.103     0.999805        79892      5120.00
      17.343     0.999829        79894      5851.43
      17.407     0.999854        79896      6826.67
      17.455     0.999878        79898      8192.00
      17.503     0.999890        79899      9102.22
      17.599     0.999902        79900     10240.00
      17.663     0.999915        79901     11702.86
      17.695     0.999927        79902     13653.33
      17.807     0.999939        79903     16384.00
      17.807     0.999945        79903     18204.44
      17.823     0.999951        79904     20480.00
      17.823     0.999957        79904     23405.71
      17.887     0.999963        79905     27306.67
      17.887     0.999969        79905     32768.00
      17.887     0.999973        79905     36408.89
      17.919     0.999976        79906     40960.00
      17.919     0.999979        79906     46811.43
      17.919     0.999982        79906     54613.33
      17.919     0.999985        79906     65536.00
      17.919     0.999986        79906     72817.78
      18.095     0.999988        79907     81920.00
      18.095     1.000000        79907          inf
#[Mean    =        1.605, StdDeviation   =        1.303]
#[Max     =       18.080, Total count    =        79907]
#[Buckets =           27, SubBuckets     =         2048]
----------------------------------------------------------
  79911 requests in 10.00s, 13.34MB read
Requests/sec:   7991.06
Transfer/sec:      1.33MB
