Running 10s test @ http://localhost
  2 threads and 10 connections
  Thread Stats   Avg      Stdev     Max   +/- Stdev
    Latency     1.92ms    3.40ms  68.99ms   97.41%
    Req/Sec       -nan      -nan   0.00      0.00%
  Latency Distribution (HdrHistogram - Recorded Latency)
 50.000%    1.42ms
 75.000%    1.96ms
 90.000%    2.60ms
 99.000%   15.37ms
 99.900%   47.42ms
 99.990%   65.50ms
 99.999%   68.93ms
100.000%   69.06ms

  Detailed Percentile spectrum:
       Value   Percentile   TotalCount 1/(1-Percentile)

       0.129     0.000000            1         1.00
       0.676     0.100000         8026         1.11
       0.885     0.200000        15983         1.25
       1.066     0.300000        24014         1.43
       1.240     0.400000        31978         1.67
       1.417     0.500000        39987         2.00
       1.510     0.550000        43967         2.22
       1.611     0.600000        47959         2.50
       1.716     0.650000        51963         2.86
       1.829     0.700000        55948         3.33
       1.957     0.750000        59947         4.00
       2.026     0.775000        61936         4.44
       2.103     0.800000        63945         5.00
       2.189     0.825000        65925         5.71
       2.293     0.850000        67923         6.67
       2.419     0.875000        69921         8.00
       2.501     0.887500        70939         8.89
       2.599     0.900000        71930        10.00
       2.715     0.912500        72924        11.43
       2.859     0.925000        73917        13.33
       3.051     0.937500        74926        16.00
       3.189     0.943750        75418        17.78
       3.379     0.950000        75918        20.00
       3.641     0.956250        76415        22.86
       4.017     0.962500        76913        26.67
       4.587     0.968750        77413        32.00
       4.971     0.971875        77662        35.56
       5.459     0.975000        77913        40.00
       6.075     0.978125        78161        45.71
       7.247     0.981250        78411        53.33
       9.439     0.984375        78661        64.00
      10.719     0.985938        78787        71.11
      12.399     0.987500        78911        80.00
      14.175     0.989062        79035        91.43
      16.327     0.990625        79160       106.67
      20.751     0.992188        79285       128.00
      23.999     0.992969        79348       142.22
      27.375     0.993750        79410       160.00
      30.143     0.994531        79472       182.86
      32.079     0.995313        79535       213.33
      33.343     0.996094        79597       256.00
      34.047     0.996484        79631       284.44
      34.559     0.996875        79661       320.00
      35.551     0.997266        79691       365.71
      36.575     0.997656        79723       426.67
      38.335     0.998047        79753       512.00
      39.391     0.998242        79769       568.89
      40.991     0.998437        79785       640.00
      42.175     0.998633        79800       731.43
      45.663     0.998828        79817       853.33
      47.551     0.999023        79831      1024.00
      48.735     0.999121        79839      1137.78
      49.567     0.999219        79847      1280.00
      50.495     0.999316        79855      1462.86
      53.055     0.999414        79863      1706.67
      54.783     0.999512        79870      2048.00
      55.903     0.999561        79874      2275.56
      56.767     0.999609        79878      2560.00
      57.823     0.999658        79882      2925.71
      59.135     0.999707        79886      3413.33
      61.023     0.999756        79890      4096.00
      62.207     0.999780        79892      4551.11
      62.687     0.999805        79894      5120.00
      63.551     0.999829        79896      5851.43
      63.935     0.999854        79898      6826.67
      64.831     0.999878        79900      8192.00
      65.503     0.999890        79901      9102.22
      66.303     0.999902        79902     10240.00
      67.135     0.999915        79903     11702.86
      67.647     0.999927        79904     13653.33
      67.711     0.999939        79905     16384.00
      67.711     0.999945        79905     18204.44
      68.095     0.999951        79906     20480.00
      68.095     0.999957        79906     23405.71
      68.287     0.999963        79907     27306.67
      68.287     0.999969        79907     32768.00
      68.287     0.999973        79907     36408.89
      68.927     0.999976        79908     40960.00
      68.927     0.999979        79908     46811.43
      68.927     0.999982        79908     54613.33
      68.927     0.999985        79908     65536.00
      68.927     0.999986        79908     72817.78
      69.055     0.999988        79909     81920.00
      69.055     1.000000        79909          inf
#[Mean    =        1.921, StdDeviation   =        3.395]
#[Max     =       68.992, Total count    =        79909]
#[Buckets =           27, SubBuckets     =         2048]
----------------------------------------------------------
  79914 requests in 10.00s, 13.34MB read
Requests/sec:   7991.33
Transfer/sec:      1.33MB
