Running 10s test @ http://localhost
  2 threads and 10 connections
  Thread Stats   Avg      Stdev     Max   +/- Stdev
    Latency     3.13ms    3.21ms  32.50ms   89.44%
    Req/Sec       -nan      -nan   0.00      0.00%
  Latency Distribution (HdrHistogram - Recorded Latency)
 50.000%    2.03ms
 75.000%    3.79ms
 90.000%    6.55ms
 99.000%   16.48ms
 99.900%   27.50ms
 99.990%   31.17ms
 99.999%   32.35ms
100.000%   32.51ms

  Detailed Percentile spectrum:
       Value   Percentile   TotalCount 1/(1-Percentile)

       0.156     0.000000            1         1.00
       0.836     0.100000         8007         1.11
       1.127     0.200000        15997         1.25
       1.391     0.300000        23976         1.43
       1.682     0.400000        31976         1.67
       2.031     0.500000        39952         2.00
       2.249     0.550000        43955         2.22
       2.519     0.600000        47964         2.50
       2.857     0.650000        51954         2.86
       3.271     0.700000        55936         3.33
       3.787     0.750000        59923         4.00
       4.095     0.775000        61928         4.44
       4.435     0.800000        63927         5.00
       4.795     0.825000        65929         5.71
       5.243     0.850000        67922         6.67
       5.799     0.875000        69913         8.00
       6.147     0.887500        70913         8.89
       6.555     0.900000        71910        10.00
       7.059     0.912500        72909        11.43
       7.655     0.925000        73904        13.33
       8.407     0.937500        74907        16.00
       8.831     0.943750        75403        17.78
       9.351     0.950000        75903        20.00
       9.959     0.956250        76400        22.86
      10.703     0.962500        76900        26.67
      11.527     0.968750        77402        32.00
      12.039     0.971875        77652        35.56
      12.527     0.975000        77899        40.00
      13.135     0.978125        78150        45.71
      13.783     0.981250        78399        53.33
      14.591     0.984375        78647        64.00
      14.999     0.985938        78773        71.11
      15.519     0.987500        78898        80.00
      16.103     0.989062        79022        91.43
      16.751     0.990625        79148       106.67
      17.567     0.992188        79271       128.00
      18.047     0.992969        79334       142.22
      18.559     0.993750        79398       160.00
      19.087     0.994531        79462       182.86
      19.855     0.995313        79522       213.33
      20.863     0.996094        79583       256.00
      21.455     0.996484        79615       284.44
      22.175     0.996875        79646       320.00
      22.943     0.997266        79678       365.71
      23.951     0.997656        79708       426.67
      25.071     0.998047        79741       512.00
      25.375     0.998242        79755       568.89
      25.935     0.998437        79771       640.00
      26.415     0.998633        79786       731.43
      27.087     0.998828        79802       853.33
      27.599     0.999023        79817      1024.00
      27.791     0.999121        79825      1137.78
      28.319     0.999219        79833      1280.00
      28.623     0.999316        79841      1462.86
      28.927     0.999414        79849      1706.67
      29.359     0.999512        79856      2048.00
      29.599     0.999561        79860      2275.56
      29.839     0.999609        79865      2560.00
      29.935     0.999658        79868      2925.71
      30.255     0.999707        79872      3413.33
      30.415     0.999756        79876      4096.00
      30.591     0.999780        79878      4551.11
      30.719     0.999805        79880      5120.00
      30.783     0.999829        79882      5851.43
      30.911     0.999854        79884      6826.67
      31.103     0.999878        79886      8192.00
      31.167     0.999890        79887      9102.22
      31.231     0.999902        79888     10240.00
      31.343     0.999915        79889     11702.86
      31.503     0.999927        79890     13653.33
      31.519     0.999939        79891     16384.00
      31.519     0.999945        79891     18204.44
      31.839     0.999951        79892     20480.00
      31.839     0.999957        79892     23405.71
      31.935     0.999963        79893     27306.67
      31.935     0.999969        79893     32768.00
      31.935     0.999973        79893     36408.89
      32.351     0.999976        79894     40960.00
      32.351     0.999979        79894     46811.43
      32.351     0.999982        79894     54613.33
      32.351     0.999985        79894     65536.00
      32.351     0.999986        79894     72817.78
      32.511     0.999988        79895     81920.00
      32.511     1.000000        79895          inf
#[Mean    =        3.132, StdDeviation   =        3.212]
#[Max     =       32.496, Total count    =        79895]
#[Buckets =           27, SubBuckets     =         2048]
----------------------------------------------------------
  79897 requests in 10.00s, 13.33MB read
Requests/sec:   7990.75
Transfer/sec:      1.33MB
