Running 10s test @ http://localhost
  2 threads and 10 connections
  Thread Stats   Avg      Stdev     Max   +/- Stdev
    Latency     1.59ms    1.49ms  40.67ms   96.01%
    Req/Sec       -nan      -nan   0.00      0.00%
  Latency Distribution (HdrHistogram - Recorded Latency)
 50.000%    1.38ms
 75.000%    1.87ms
 90.000%    2.39ms
 99.000%    7.38ms
 99.900%   20.93ms
 99.990%   38.88ms
 99.999%   40.42ms
100.000%   40.70ms

  Detailed Percentile spectrum:
       Value   Percentile   TotalCount 1/(1-Percentile)

       0.137     0.000000            1         1.00
       0.659     0.100000         7998         1.11
       0.858     0.200000        15993         1.25
       1.031     0.300000        23975         1.43
       1.202     0.400000        31962         1.67
       1.375     0.500000        39990         2.00
       1.465     0.550000        43980         2.22
       1.558     0.600000        47962         2.50
       1.657     0.650000        51960         2.86
       1.763     0.700000        55934         3.33
       1.874     0.750000        59932         4.00
       1.937     0.775000        61941         4.44
       2.005     0.800000        63943         5.00
       2.079     0.825000        65949         5.71
       2.163     0.850000        67933         6.67
       2.265     0.875000        69944         8.00
       2.325     0.887500        70919         8.89
       2.395     0.900000        71914        10.00
       2.475     0.912500        72927        11.43
       2.573     0.925000        73917        13.33
       2.697     0.937500        74913        16.00
       2.775     0.943750        75410        17.78
       2.877     0.950000        75908        20.00
       2.999     0.956250        76413        22.86
       3.155     0.962500        76910        26.67
       3.391     0.968750        77407        32.00
       3.587     0.971875        77656        35.56
       3.791     0.975000        77908        40.00
       4.159     0.978125        78159        45.71
       4.631     0.981250        78405        53.33
       5.399     0.984375        78655        64.00
       5.859     0.985938        78780        71.11
       6.395     0.987500        78905        80.00
       6.955     0.989062        79031        91.43
       7.683     0.990625        79154       106.67
       8.647     0.992188        79279       128.00
       9.167     0.992969        79342       142.22
       9.719     0.993750        79404       160.00
      10.263     0.994531        79467       182.86
      10.687     0.995313        79529       213.33
      11.343     0.996094        79591       256.00
      11.823     0.996484        79623       284.44
      12.263     0.996875        79654       320.00
      12.871     0.997266        79685       365.71
      13.831     0.997656        79716       426.67
      14.951     0.998047        79747       512.00
      15.983     0.998242        79763       568.89
      16.831     0.998437        79779       640.00
      17.663     0.998633        79794       731.43
      19.935     0.998828        79810       853.33
      21.007     0.999023        79825      1024.00
      21.743     0.999121        79833      1137.78
      23.199     0.999219        79841      1280.00
      23.999     0.999316        79849      1462.86
      25.215     0.999414        79857      1706.67
      25.823     0.999512        79864      2048.00
      26.063     0.999561        79868      2275.56
      26.383     0.999609        79872      2560.00
      27.583     0.999658        79876      2925.71
      30.031     0.999707        79880      3413.33
      33.215     0.999756        79884      4096.00
      33.759     0.999780        79886      4551.11
      35.167     0.999805        79888      5120.00
      37.151     0.999829        79890      5851.43
      37.503     0.999854        79892      6826.67
      38.367     0.999878        79894      8192.00
      38.879     0.999890        79895      9102.22
      39.103     0.999902        79896     10240.00
      39.487     0.999915        79897     11702.86
      39.551     0.999927        79898     13653.33
      39.903     0.999939        79899     16384.00
      39.903     0.999945        79899     18204.44
      39.967     0.999951        79900     20480.00
      39.967     0.999957        79900     23405.71
      40.031     0.999963        79901     27306.67
      40.031     0.999969        79901     32768.00
      40.031     0.999973        79901     36408.89
      40.415     0.999976        79902     40960.00
      40.415     0.999979        79902     46811.43
      40.415     0.999982        79902     54613.33
      40.415     0.999985        79902     65536.00
      40.415     0.999986        79902     72817.78
      40.703     0.999988        79903     81920.00
      40.703     1.000000        79903          inf
#[Mean    =        1.594, StdDeviation   =        1.492]
#[Max     =       40.672, Total count    =        79903]
#[Buckets =           27, SubBuckets     =         2048]
----------------------------------------------------------
  79908 requests in 10.00s, 13.34MB read
Requests/sec:   7990.85
Transfer/sec:      1.33MB
