Running 10s test @ http://localhost
  2 threads and 10 connections
  Thread Stats   Avg      Stdev     Max   +/- Stdev
    Latency     1.59ms    1.35ms  24.22ms   95.04%
    Req/Sec       -nan      -nan   0.00      0.00%
  Latency Distribution (HdrHistogram - Recorded Latency)
 50.000%    1.38ms
 75.000%    1.89ms
 90.000%    2.42ms
 99.000%    7.34ms
 99.900%   17.57ms
 99.990%   23.01ms
 99.999%   23.82ms
100.000%   24.24ms

  Detailed Percentile spectrum:
       Value   Percentile   TotalCount 1/(1-Percentile)

       0.109     0.000000            1         1.00
       0.657     0.100000         8008         1.11
       0.863     0.200000        16016         1.25
       1.041     0.300000        24013         1.43
       1.210     0.400000        31993         1.67
       1.381     0.500000        39972         2.00
       1.470     0.550000        43977         2.22
       1.561     0.600000        47973         2.50
       1.659     0.650000        51937         2.86
       1.768     0.700000        55948         3.33
       1.886     0.750000        59959         4.00
       1.949     0.775000        61936         4.44
       2.019     0.800000        63937         5.00
       2.097     0.825000        65952         5.71
       2.185     0.850000        67945         6.67
       2.289     0.875000        69916         8.00
       2.351     0.887500        70931         8.89
       2.423     0.900000        71922        10.00
       2.507     0.912500        72937        11.43
       2.607     0.925000        73922        13.33
       2.735     0.937500        74919        16.00
       2.811     0.943750        75419        17.78
       2.913     0.950000        75915        20.00
       3.037     0.956250        76411        22.86
       3.191     0.962500        76909        26.67
       3.425     0.968750        77409        32.00
       3.587     0.971875        77659        35.56
       3.795     0.975000        77906        40.00
       4.083     0.978125        78157        45.71
       4.495     0.981250        78408        53.33
       5.067     0.984375        78657        64.00
       5.579     0.985938        78780        71.11
       6.207     0.987500        78907        80.00
       6.915     0.989062        79030        91.43
       7.639     0.990625        79155       106.67
       8.551     0.992188        79281       128.00
       9.063     0.992969        79342       142.22
       9.679     0.993750        79404       160.00
      10.327     0.994531        79467       182.86
      11.199     0.995313        79529       213.33
      11.903     0.996094        79591       256.00
      12.319     0.996484        79623       284.44
      12.983     0.996875        79654       320.00
      13.487     0.997266        79685       365.71
      14.207     0.997656        79716       426.67
      14.927     0.998047        79747       512.00
      15.327     0.998242        79763       568.89
      15.775     0.998437        79779       640.00
      16.415     0.998633        79794       731.43
      16.991     0.998828        79810       853.33
      17.631     0.999023        79825      1024.00
      18.015     0.999121        79833      1137.78
      18.591     0.999219        79841      1280.00
      19.103     0.999316        79849      1462.86
      19.695     0.999414        79857      1706.67
      20.111     0.999512        79864      2048.00
      20.527     0.999561        79868      2275.56
      20.847     0.999609        79872      2560.00
      21.183     0.999658        79876      2925.71
      21.423     0.999707        79880      3413.33
      21.727     0.999756        79884      4096.00
      21.759     0.999780        79886      4551.11
      22.159     0.999805        79888      5120.00
      22.303     0.999829        79890      5851.43
      22.591     0.999854        79892      6826.67
      22.831     0.999878        79894      8192.00
      23.007     0.999890        79896      9102.22
      23.007     0.999902        79896     10240.00
      23.071     0.999915        79897     11702.86
      23.087     0.999927        79898     13653.33
      23.119     0.999939        79899     16384.00
      23.119     0.999945        79899     18204.44
      23.407     0.999951        79900     20480.00
      23.407     0.999957        79900     23405.71
      23.567     0.999963        79901     27306.67
      23.567     0.999969        79901     32768.00
      23.567     0.999973        79901     36408.89
      23.823     0.999976        79902     40960.00
      23.823     0.999979        79902     46811.43
      23.823     0.999982        79902     54613.33
      23.823     0.999985        79902     65536.00
      23.823     0.999986        79902     72817.78
      24.239     0.999988        79903     81920.00
      24.239     1.000000        79903          inf
#[Mean    =        1.592, StdDeviation   =        1.349]
#[Max     =       24.224, Total count    =        79903]
#[Buckets =           27, SubBuckets     =         2048]
----------------------------------------------------------
  79906 requests in 10.00s, 13.34MB read
Requests/sec:   7990.52
Transfer/sec:      1.33MB
