Running 10s test @ http://localhost
  2 threads and 10 connections
  Thread Stats   Avg      Stdev     Max   +/- Stdev
    Latency     2.47ms    2.34ms  27.18ms   89.86%
    Req/Sec       -nan      -nan   0.00      0.00%
  Latency Distribution (HdrHistogram - Recorded Latency)
 50.000%    1.77ms
 75.000%    2.85ms
 90.000%    4.84ms
 99.000%   12.98ms
 99.900%   20.27ms
 99.990%   25.33ms
 99.999%   27.06ms
100.000%   27.20ms

  Detailed Percentile spectrum:
       Value   Percentile   TotalCount 1/(1-Percentile)

       0.137     0.000000            1         1.00
       0.789     0.100000         7999         1.11
       1.047     0.200000        15990         1.25
       1.278     0.300000        23975         1.43
       1.512     0.400000        31970         1.67
       1.767     0.500000        39945         2.00
       1.912     0.550000        43939         2.22
       2.077     0.600000        47955         2.50
       2.263     0.650000        51927         2.86
       2.509     0.700000        55936         3.33
       2.847     0.750000        59927         4.00
       3.053     0.775000        61919         4.44
       3.309     0.800000        63921         5.00
       3.601     0.825000        65915         5.71
       3.943     0.850000        67904         6.67
       4.347     0.875000        69914         8.00
       4.583     0.887500        70900         8.89
       4.839     0.900000        71900        10.00
       5.135     0.912500        72903        11.43
       5.475     0.925000        73896        13.33
       5.903     0.937500        74900        16.00
       6.159     0.943750        75392        17.78
       6.475     0.950000        75892        20.00
       6.875     0.956250        76393        22.86
       7.351     0.962500        76891        26.67
       8.003     0.968750        77388        32.00
       8.447     0.971875        77642        35.56
       8.927     0.975000        77888        40.00
       9.551     0.978125        78139        45.71
      10.271     0.981250        78388        53.33
      11.007     0.984375        78637        64.00
      11.423     0.985938        78761        71.11
      11.903     0.987500        78886        80.00
      12.583     0.989062        79013        91.43
      13.327     0.990625        79138       106.67
      14.103     0.992188        79261       128.00
      14.591     0.992969        79323       142.22
      15.143     0.993750        79385       160.00
      15.823     0.994531        79448       182.86
      16.431     0.995313        79511       213.33
      17.039     0.996094        79573       256.00
      17.359     0.996484        79604       284.44
      17.663     0.996875        79637       320.00
      18.079     0.997266        79667       365.71
      18.351     0.997656        79700       426.67
      18.655     0.998047        79729       512.00
      18.847     0.998242        79744       568.89
      19.135     0.998437        79761       640.00
      19.407     0.998633        79776       731.43
      19.823     0.998828        79791       853.33
      20.319     0.999023        79806      1024.00
      20.655     0.999121        79814      1137.78
      21.039     0.999219        79822      1280.00
      21.663     0.999316        79830      1462.86
      22.143     0.999414        79838      1706.67
      22.671     0.999512        79845      2048.00
      22.927     0.999561        79849      2275.56
      23.455     0.999609        79853      2560.00
      23.727     0.999658        79857      2925.71
      23.919     0.999707        79861      3413.33
      24.239     0.999756        79865      4096.00
      24.271     0.999780        79867      4551.11
      24.559     0.999805        79869      5120.00
      24.879     0.999829        79871      5851.43
      25.007     0.999854        79873      6826.67
      25.151     0.999878        79875      8192.00
      25.327     0.999890        79876      9102.22
      25.871     0.999902        79877     10240.00
      26.143     0.999915        79878     11702.86
      26.367     0.999927        79879     13653.33
      26.559     0.999939        79880     16384.00
      26.559     0.999945        79880     18204.44
      26.687     0.999951        79881     20480.00
      26.687     0.999957        79881     23405.71
      26.879     0.999963        79882     27306.67
      26.879     0.999969        79882     32768.00
      26.879     0.999973        79882     36408.89
      27.055     0.999976        79883     40960.00
      27.055     0.999979        79883     46811.43
      27.055     0.999982        79883     54613.33
      27.055     0.999985        79883     65536.00
      27.055     0.999986        79883     72817.78
      27.199     0.999988        79884     81920.00
      27.199     1.000000        79884          inf
#[Mean    =        2.465, StdDeviation   =        2.340]
#[Max     =       27.184, Total count    =        79884]
#[Buckets =           27, SubBuckets     =         2048]
----------------------------------------------------------
  79886 requests in 10.00s, 13.33MB read
Requests/sec:   7986.77
Transfer/sec:      1.33MB
