Running 10s test @ http://localhost
  2 threads and 10 connections
  Thread Stats   Avg      Stdev     Max   +/- Stdev
    Latency     2.70ms    2.96ms  49.15ms   90.62%
    Req/Sec       -nan      -nan   0.00      0.00%
  Latency Distribution (HdrHistogram - Recorded Latency)
 50.000%    1.79ms
 75.000%    3.02ms
 90.000%    5.48ms
 99.000%   16.38ms
 99.900%   25.38ms
 99.990%   44.67ms
 99.999%   48.48ms
100.000%   49.18ms

  Detailed Percentile spectrum:
       Value   Percentile   TotalCount 1/(1-Percentile)

       0.094     0.000000            1         1.00
       0.763     0.100000         8002         1.11
       1.034     0.200000        16009         1.25
       1.272     0.300000        23983         1.43
       1.516     0.400000        31986         1.67
       1.788     0.500000        39957         2.00
       1.948     0.550000        43956         2.22
       2.125     0.600000        47977         2.50
       2.343     0.650000        51951         2.86
       2.623     0.700000        55935         3.33
       3.017     0.750000        59930         4.00
       3.277     0.775000        61931         4.44
       3.591     0.800000        63931         5.00
       3.961     0.825000        65924         5.71
       4.403     0.850000        67931         6.67
       4.883     0.875000        69922         8.00
       5.159     0.887500        70916         8.89
       5.479     0.900000        71922        10.00
       5.859     0.912500        72916        11.43
       6.307     0.925000        73914        13.33
       6.887     0.937500        74915        16.00
       7.235     0.943750        75412        17.78
       7.647     0.950000        75910        20.00
       8.151     0.956250        76412        22.86
       8.759     0.962500        76913        26.67
       9.639     0.968750        77408        32.00
      10.311     0.971875        77661        35.56
      10.967     0.975000        77910        40.00
      11.759     0.978125        78158        45.71
      12.711     0.981250        78407        53.33
      13.831     0.984375        78657        64.00
      14.519     0.985938        78783        71.11
      15.247     0.987500        78907        80.00
      15.911     0.989062        79033        91.43
      16.719     0.990625        79157       106.67
      17.599     0.992188        79283       128.00
      18.127     0.992969        79346       142.22
      18.591     0.993750        79406       160.00
      19.151     0.994531        79469       182.86
      19.919     0.995313        79533       213.33
      20.655     0.996094        79594       256.00
      21.119     0.996484        79626       284.44
      21.567     0.996875        79656       320.00
      21.951     0.997266        79688       365.71
      22.399     0.997656        79719       426.67
      22.975     0.998047        79750       512.00
      23.279     0.998242        79765       568.89
      23.743     0.998437        79781       640.00
      24.207     0.998633        79796       731.43
      24.815     0.998828        79812       853.33
      25.391     0.999023        79827      1024.00
      25.983     0.999121        79835      1137.78
      27.135     0.999219        79843      1280.00
      28.095     0.999316        79851      1462.86
      29.551     0.999414        79859      1706.67
      30.303     0.999512        79866      2048.00
      31.231     0.999561        79871      2275.56
      33.151     0.999609        79874      2560.00
      35.551     0.999658        79878      2925.71
      36.479     0.999707        79882      3413.33
      37.631     0.999756        79886      4096.00
      39.103     0.999780        79888      4551.11
      40.671     0.999805        79890      5120.00
      41.823     0.999829        79892      5851.43
      43.231     0.999854        79894      6826.67
      44.319     0.999878        79896      8192.00
      44.671     0.999890        79897      9102.22
      44.991     0.999902        79898     10240.00
      45.375     0.999915        79899     11702.86
      45.759     0.999927        79900     13653.33
      46.015     0.999939        79901     16384.00
      46.015     0.999945        79901     18204.44
      46.623     0.999951        79902     20480.00
      46.623     0.999957        79902     23405.71
      47.519     0.999963        79903     27306.67
      47.519     0.999969        79903     32768.00
      47.519     0.999973        79903     36408.89
      48.479     0.999976        79904     40960.00
      48.479     0.999979        79904     46811.43
      48.479     0.999982        79904     54613.33
      48.479     0.999985        79904     65536.00
      48.479     0.999986        79904     72817.78
      49.183     0.999988        79905     81920.00
      49.183     1.000000        79905          inf
#[Mean    =        2.699, StdDeviation   =        2.958]
#[Max     =       49.152, Total count    =        79905]
#[Buckets =           27, SubBuckets     =         2048]
----------------------------------------------------------
  79915 requests in 10.00s, 13.34MB read
Requests/sec:   7990.06
Transfer/sec:      1.33MB
