Running 10s test @ http://localhost
  2 threads and 10 connections
  Thread Stats   Avg      Stdev     Max   +/- Stdev
    Latency     1.66ms    1.36ms  21.14ms   93.56%
    Req/Sec       -nan      -nan   0.00      0.00%
  Latency Distribution (HdrHistogram - Recorded Latency)
 50.000%    1.41ms
 75.000%    1.94ms
 90.000%    2.57ms
 99.000%    7.91ms
 99.900%   16.06ms
 99.990%   19.18ms
 99.999%   20.98ms
100.000%   21.15ms

  Detailed Percentile spectrum:
       Value   Percentile   TotalCount 1/(1-Percentile)

       0.138     0.000000            1         1.00
       0.673     0.100000         7993         1.11
       0.888     0.200000        15990         1.25
       1.070     0.300000        23986         1.43
       1.239     0.400000        31983         1.67
       1.408     0.500000        39962         2.00
       1.501     0.550000        43996         2.22
       1.594     0.600000        47967         2.50
       1.697     0.650000        51959         2.86
       1.810     0.700000        55947         3.33
       1.937     0.750000        59955         4.00
       2.009     0.775000        61953         4.44
       2.093     0.800000        63948         5.00
       2.181     0.825000        65944         5.71
       2.285     0.850000        67956         6.67
       2.413     0.875000        69938         8.00
       2.485     0.887500        70926         8.89
       2.573     0.900000        71939        10.00
       2.675     0.912500        72921        11.43
       2.807     0.925000        73923        13.33
       2.971     0.937500        74915        16.00
       3.087     0.943750        75425        17.78
       3.211     0.950000        75917        20.00
       3.387     0.956250        76413        22.86
       3.611     0.962500        76915        26.67
       3.945     0.968750        77411        32.00
       4.191     0.971875        77667        35.56
       4.459     0.975000        77914        40.00
       4.871     0.978125        78161        45.71
       5.419     0.981250        78411        53.33
       6.119     0.984375        78660        64.00
       6.543     0.985938        78785        71.11
       7.007     0.987500        78910        80.00
       7.599     0.989062        79035        91.43
       8.163     0.990625        79159       106.67
       8.847     0.992188        79284       128.00
       9.239     0.992969        79347       142.22
       9.695     0.993750        79409       160.00
      10.295     0.994531        79473       182.86
      10.799     0.995313        79534       213.33
      11.607     0.996094        79596       256.00
      11.999     0.996484        79628       284.44
      12.471     0.996875        79659       320.00
      12.959     0.997266        79690       365.71
      13.455     0.997656        79721       426.67
      14.007     0.998047        79752       512.00
      14.247     0.998242        79768       568.89
      14.815     0.998437        79784       640.00
      15.031     0.998633        79799       731.43
      15.495     0.998828        79815       853.33
      16.119     0.999023        79831      1024.00
      16.415     0.999121        79838      1137.78
      16.607     0.999219        79846      1280.00
      16.847     0.999316        79854      1462.86
      17.087     0.999414        79862      1706.67
      17.359     0.999512        79869      2048.00
      17.455     0.999561        79873      2275.56
      17.631     0.999609        79877      2560.00
      17.743     0.999658        79881      2925.71
      17.903     0.999707        79885      3413.33
      18.175     0.999756        79890      4096.00
      18.239     0.999780        79891      4551.11
      18.399     0.999805        79893      5120.00
      18.511     0.999829        79895      5851.43
      18.655     0.999854        79897      6826.67
      18.719     0.999878        79899      8192.00
      19.183     0.999890        79900      9102.22
      19.327     0.999902        79901     10240.00
      19.407     0.999915        79903     11702.86
      19.407     0.999927        79903     13653.33
      19.471     0.999939        79904     16384.00
      19.471     0.999945        79904     18204.44
      20.079     0.999951        79905     20480.00
      20.079     0.999957        79905     23405.71
      20.111     0.999963        79906     27306.67
      20.111     0.999969        79906     32768.00
      20.111     0.999973        79906     36408.89
      20.975     0.999976        79907     40960.00
      20.975     0.999979        79907     46811.43
      20.975     0.999982        79907     54613.33
      20.975     0.999985        79907     65536.00
      20.975     0.999986        79907     72817.78
      21.151     0.999988        79908     81920.00
      21.151     1.000000        79908          inf
#[Mean    =        1.656, StdDeviation   =        1.356]
#[Max     =       21.136, Total count    =        79908]
#[Buckets =           27, SubBuckets     =         2048]
----------------------------------------------------------
  79912 requests in 10.00s, 13.34MB read
Requests/sec:   7990.77
Transfer/sec:      1.33MB
