Running 10s test @ http://localhost
  2 threads and 10 connections
  Thread Stats   Avg      Stdev     Max   +/- Stdev
    Latency     1.76ms    2.28ms  37.22ms   96.83%
    Req/Sec       -nan      -nan   0.00      0.00%
  Latency Distribution (HdrHistogram - Recorded Latency)
 50.000%    1.40ms
 75.000%    1.90ms
 90.000%    2.47ms
 99.000%   12.02ms
 99.900%   29.97ms
 99.990%   34.17ms
 99.999%   36.90ms
100.000%   37.25ms

  Detailed Percentile spectrum:
       Value   Percentile   TotalCount 1/(1-Percentile)

       0.117     0.000000            1         1.00
       0.671     0.100000         7993         1.11
       0.878     0.200000        16004         1.25
       1.058     0.300000        24013         1.43
       1.225     0.400000        31973         1.67
       1.397     0.500000        39999         2.00
       1.486     0.550000        43973         2.22
       1.582     0.600000        47984         2.50
       1.679     0.650000        51981         2.86
       1.786     0.700000        55966         3.33
       1.904     0.750000        59950         4.00
       1.967     0.775000        61941         4.44
       2.040     0.800000        63945         5.00
       2.117     0.825000        65954         5.71
       2.211     0.850000        67943         6.67
       2.323     0.875000        69945         8.00
       2.391     0.887500        70942         8.89
       2.469     0.900000        71945        10.00
       2.565     0.912500        72926        11.43
       2.683     0.925000        73930        13.33
       2.839     0.937500        74926        16.00
       2.939     0.943750        75424        17.78
       3.073     0.950000        75922        20.00
       3.249     0.956250        76419        22.86
       3.555     0.962500        76921        26.67
       4.107     0.968750        77418        32.00
       4.563     0.971875        77668        35.56
       5.227     0.975000        77917        40.00
       6.127     0.978125        78166        45.71
       7.291     0.981250        78417        53.33
       8.607     0.984375        78666        64.00
       9.359     0.985938        78793        71.11
      10.215     0.987500        78918        80.00
      11.255     0.989062        79040        91.43
      12.631     0.990625        79165       106.67
      14.527     0.992188        79290       128.00
      15.895     0.992969        79353       142.22
      17.215     0.993750        79415       160.00
      19.055     0.994531        79477       182.86
      20.687     0.995313        79540       213.33
      22.319     0.996094        79602       256.00
      23.119     0.996484        79634       284.44
      23.903     0.996875        79665       320.00
      24.751     0.997266        79696       365.71
      25.743     0.997656        79727       426.67
      26.943     0.998047        79758       512.00
      27.487     0.998242        79774       568.89
      28.143     0.998437        79790       640.00
      28.671     0.998633        79805       731.43
      29.359     0.998828        79821       853.33
      30.079     0.999023        79836      1024.00
      30.447     0.999121        79845      1137.78
      30.911     0.999219        79852      1280.00
      31.455     0.999316        79860      1462.86
      31.743     0.999414        79868      1706.67
      32.319     0.999512        79875      2048.00
      32.559     0.999561        79879      2275.56
      32.863     0.999609        79883      2560.00
      33.023     0.999658        79887      2925.71
      33.183     0.999707        79891      3413.33
      33.471     0.999756        79896      4096.00
      33.663     0.999780        79897      4551.11
      33.727     0.999805        79900      5120.00
      33.791     0.999829        79901      5851.43
      34.015     0.999854        79904      6826.67
      34.111     0.999878        79905      8192.00
      34.175     0.999890        79906      9102.22
      34.239     0.999902        79907     10240.00
      34.463     0.999915        79908     11702.86
      34.559     0.999927        79909     13653.33
      34.655     0.999939        79910     16384.00
      34.655     0.999945        79910     18204.44
      35.551     0.999951        79911     20480.00
      35.551     0.999957        79911     23405.71
      36.351     0.999963        79912     27306.67
      36.351     0.999969        79912     32768.00
      36.351     0.999973        79912     36408.89
      36.895     0.999976        79913     40960.00
      36.895     0.999979        79913     46811.43
      36.895     0.999982        79913     54613.33
      36.895     0.999985        79913     65536.00
      36.895     0.999986        79913     72817.78
      37.247     0.999988        79914     81920.00
      37.247     1.000000        79914          inf
#[Mean    =        1.758, StdDeviation   =        2.279]
#[Max     =       37.216, Total count    =        79914]
#[Buckets =           27, SubBuckets     =         2048]
----------------------------------------------------------
  79918 requests in 10.00s, 13.34MB read
Requests/sec:   7991.10
Transfer/sec:      1.33MB
