Running 10s test @ http://localhost
  2 threads and 10 connections
  Thread Stats   Avg      Stdev     Max   +/- Stdev
    Latency     1.52ms    1.15ms  19.02ms   93.71%
    Req/Sec       -nan      -nan   0.00      0.00%
  Latency Distribution (HdrHistogram - Recorded Latency)
 50.000%    1.36ms
 75.000%    1.84ms
 90.000%    2.31ms
 99.000%    6.16ms
 99.900%   13.99ms
 99.990%   17.90ms
 99.999%   18.56ms
100.000%   19.04ms

  Detailed Percentile spectrum:
       Value   Percentile   TotalCount 1/(1-Percentile)

       0.125     0.000000            1         1.00
       0.649     0.100000         8031         1.11
       0.847     0.200000        16003         1.25
       1.019     0.300000        24011         1.43
       1.186     0.400000        31978         1.67
       1.357     0.500000        39961         2.00
       1.446     0.550000        44003         2.22
       1.535     0.600000        47965         2.50
       1.633     0.650000        51980         2.86
       1.732     0.700000        55960         3.33
       1.841     0.750000        59941         4.00
       1.903     0.775000        61945         4.44
       1.966     0.800000        63952         5.00
       2.034     0.825000        65943         5.71
       2.109     0.850000        67973         6.67
       2.199     0.875000        69960         8.00
       2.249     0.887500        70969         8.89
       2.307     0.900000        71927        10.00
       2.377     0.912500        72941        11.43
       2.455     0.925000        73936        13.33
       2.553     0.937500        74932        16.00
       2.609     0.943750        75423        17.78
       2.677     0.950000        75927        20.00
       2.767     0.956250        76426        22.86
       2.875     0.962500        76925        26.67
       3.023     0.968750        77427        32.00
       3.139     0.971875        77673        35.56
       3.277     0.975000        77921        40.00
       3.525     0.978125        78169        45.71
       3.941     0.981250        78419        53.33
       4.591     0.984375        78670        64.00
       4.939     0.985938        78794        71.11
       5.427     0.987500        78919        80.00
       5.891     0.989062        79043        91.43
       6.495     0.990625        79168       106.67
       7.299     0.992188        79293       128.00
       7.859     0.992969        79357       142.22
       8.399     0.993750        79418       160.00
       9.175     0.994531        79480       182.86
      10.111     0.995313        79544       213.33
      10.983     0.996094        79605       256.00
      11.367     0.996484        79637       284.44
      11.799     0.996875        79668       320.00
      12.151     0.997266        79700       365.71
      12.559     0.997656        79730       426.67
      12.935     0.998047        79761       512.00
      13.215     0.998242        79778       568.89
      13.415     0.998437        79793       640.00
      13.607     0.998633        79808       731.43
      13.839     0.998828        79825       853.33
      14.039     0.999023        79839      1024.00
      14.199     0.999121        79848      1137.78
      14.279     0.999219        79855      1280.00
      14.591     0.999316        79863      1462.86
      14.711     0.999414        79872      1706.67
      14.991     0.999512        79878      2048.00
      15.359     0.999561        79883      2275.56
      15.543     0.999609        79887      2560.00
      15.751     0.999658        79890      2925.71
      16.103     0.999707        79894      3413.33
      16.447     0.999756        79898      4096.00
      16.575     0.999780        79900      4551.11
      16.895     0.999805        79902      5120.00
      17.135     0.999829        79904      5851.43
      17.423     0.999854        79906      6826.67
      17.855     0.999878        79908      8192.00
      17.903     0.999890        79909      9102.22
      17.967     0.999902        79910     10240.00
      17.999     0.999915        79911     11702.86
      18.095     0.999927        79912     13653.33
      18.447     0.999939        79913     16384.00
      18.447     0.999945        79913     18204.44
      18.463     0.999951        79914     20480.00
      18.463     0.999957        79914     23405.71
      18.559     0.999963        79916     27306.67
      18.559     0.999969        79916     32768.00
      18.559     0.999973        79916     36408.89
      18.559     0.999976        79916     40960.00
      18.559     0.999979        79916     46811.43
      18.559     0.999982        79916     54613.33
      18.559     0.999985        79916     65536.00
      18.559     0.999986        79916     72817.78
      19.039     0.999988        79917     81920.00
      19.039     1.000000        79917          inf
#[Mean    =        1.523, StdDeviation   =        1.152]
#[Max     =       19.024, Total count    =        79917]
#[Buckets =           27, SubBuckets     =         2048]
----------------------------------------------------------
  79920 requests in 10.00s, 13.34MB read
Requests/sec:   7991.28
Transfer/sec:      1.33MB
