Running 10s test @ http://localhost
  2 threads and 10 connections
  Thread Stats   Avg      Stdev     Max   +/- Stdev
    Latency     2.57ms    2.40ms  27.89ms   89.16%
    Req/Sec       -nan      -nan   0.00      0.00%
  Latency Distribution (HdrHistogram - Recorded Latency)
 50.000%    1.82ms
 75.000%    3.05ms
 90.000%    5.18ms
 99.000%   12.98ms
 99.900%   20.06ms
 99.990%   25.97ms
 99.999%   27.22ms
100.000%   27.90ms

  Detailed Percentile spectrum:
       Value   Percentile   TotalCount 1/(1-Percentile)

       0.117     0.000000            1         1.00
       0.777     0.100000         7993         1.11
       1.051     0.200000        15982         1.25
       1.295     0.300000        23984         1.43
       1.544     0.400000        31979         1.67
       1.824     0.500000        39972         2.00
       1.980     0.550000        43958         2.22
       2.159     0.600000        47965         2.50
       2.389     0.650000        51959         2.86
       2.671     0.700000        55939         3.33
       3.049     0.750000        59949         4.00
       3.273     0.775000        61935         4.44
       3.529     0.800000        63927         5.00
       3.839     0.825000        65924         5.71
       4.211     0.850000        67938         6.67
       4.639     0.875000        69929         8.00
       4.891     0.887500        70919         8.89
       5.175     0.900000        71916        10.00
       5.503     0.912500        72915        11.43
       5.899     0.925000        73914        13.33
       6.395     0.937500        74920        16.00
       6.683     0.943750        75413        17.78
       7.019     0.950000        75915        20.00
       7.415     0.956250        76418        22.86
       7.975     0.962500        76913        26.67
       8.599     0.968750        77414        32.00
       8.935     0.971875        77660        35.56
       9.319     0.975000        77909        40.00
       9.831     0.978125        78161        45.71
      10.455     0.981250        78408        53.33
      11.167     0.984375        78660        64.00
      11.567     0.985938        78785        71.11
      12.047     0.987500        78909        80.00
      12.647     0.989062        79033        91.43
      13.255     0.990625        79157       106.67
      14.079     0.992188        79284       128.00
      14.391     0.992969        79345       142.22
      14.831     0.993750        79407       160.00
      15.223     0.994531        79470       182.86
      15.567     0.995313        79533       213.33
      16.007     0.996094        79595       256.00
      16.271     0.996484        79626       284.44
      16.543     0.996875        79658       320.00
      16.911     0.997266        79689       365.71
      17.391     0.997656        79719       426.67
      18.223     0.998047        79750       512.00
      18.687     0.998242        79766       568.89
      19.071     0.998437        79782       640.00
      19.423     0.998633        79797       731.43
      19.711     0.998828        79813       853.33
      20.095     0.999023        79828      1024.00
      20.447     0.999121        79836      1137.78
      20.895     0.999219        79844      1280.00
      21.167     0.999316        79852      1462.86
      21.519     0.999414        79861      1706.67
      22.047     0.999512        79867      2048.00
      22.351     0.999561        79871      2275.56
      22.863     0.999609        79875      2560.00
      23.695     0.999658        79879      2925.71
      24.127     0.999707        79883      3413.33
      24.639     0.999756        79887      4096.00
      25.055     0.999780        79889      4551.11
      25.151     0.999805        79891      5120.00
      25.375     0.999829        79893      5851.43
      25.407     0.999854        79895      6826.67
      25.951     0.999878        79897      8192.00
      25.967     0.999890        79898      9102.22
      26.031     0.999902        79900     10240.00
      26.031     0.999915        79900     11702.86
      26.047     0.999927        79901     13653.33
      26.063     0.999939        79902     16384.00
      26.063     0.999945        79902     18204.44
      26.143     0.999951        79903     20480.00
      26.143     0.999957        79903     23405.71
      26.591     0.999963        79904     27306.67
      26.591     0.999969        79904     32768.00
      26.591     0.999973        79904     36408.89
      27.215     0.999976        79905     40960.00
      27.215     0.999979        79905     46811.43
      27.215     0.999982        79905     54613.33
      27.215     0.999985        79905     65536.00
      27.215     0.999986        79905     72817.78
      27.903     0.999988        79906     81920.00
      27.903     1.000000        79906          inf
#[Mean    =        2.572, StdDeviation   =        2.404]
#[Max     =       27.888, Total count    =        79906]
#[Buckets =           27, SubBuckets     =         2048]
----------------------------------------------------------
  79909 requests in 10.00s, 13.34MB read
Requests/sec:   7989.98
Transfer/sec:      1.33MB
