Running 10s test @ http://localhost
  2 threads and 10 connections
  Thread Stats   Avg      Stdev     Max   +/- Stdev
    Latency     1.54ms    1.29ms  21.54ms   96.07%
    Req/Sec       -nan      -nan   0.00      0.00%
  Latency Distribution (HdrHistogram - Recorded Latency)
 50.000%    1.36ms
 75.000%    1.83ms
 90.000%    2.29ms
 99.000%    8.06ms
 99.900%   14.97ms
 99.990%   18.75ms
 99.999%   20.59ms
100.000%   21.55ms

  Detailed Percentile spectrum:
       Value   Percentile   TotalCount 1/(1-Percentile)

       0.114     0.000000            1         1.00
       0.655     0.100000         8005         1.11
       0.858     0.200000        16001         1.25
       1.031     0.300000        23977         1.43
       1.195     0.400000        31974         1.67
       1.356     0.500000        39969         2.00
       1.441     0.550000        43963         2.22
       1.528     0.600000        47958         2.50
       1.621     0.650000        51962         2.86
       1.718     0.700000        55937         3.33
       1.825     0.750000        59960         4.00
       1.883     0.775000        61938         4.44
       1.946     0.800000        63935         5.00
       2.014     0.825000        65950         5.71
       2.091     0.850000        67934         6.67
       2.179     0.875000        69968         8.00
       2.231     0.887500        70927         8.89
       2.285     0.900000        71918        10.00
       2.353     0.912500        72927        11.43
       2.431     0.925000        73933        13.33
       2.523     0.937500        74923        16.00
       2.579     0.943750        75425        17.78
       2.641     0.950000        75924        20.00
       2.723     0.956250        76426        22.86
       2.821     0.962500        76914        26.67
       2.943     0.968750        77415        32.00
       3.029     0.971875        77661        35.56
       3.145     0.975000        77911        40.00
       3.329     0.978125        78162        45.71
       3.723     0.981250        78410        53.33
       4.587     0.984375        78660        64.00
       5.323     0.985938        78785        71.11
       6.447     0.987500        78910        80.00
       7.467     0.989062        79036        91.43
       8.495     0.990625        79159       106.67
       9.543     0.992188        79284       128.00
      10.095     0.992969        79349       142.22
      10.767     0.993750        79409       160.00
      11.303     0.994531        79472       182.86
      11.943     0.995313        79534       213.33
      12.511     0.996094        79598       256.00
      12.743     0.996484        79628       284.44
      13.015     0.996875        79659       320.00
      13.295     0.997266        79690       365.71
      13.567     0.997656        79722       426.67
      13.903     0.998047        79752       512.00
      14.111     0.998242        79768       568.89
      14.279     0.998437        79784       640.00
      14.503     0.998633        79799       731.43
      14.655     0.998828        79816       853.33
      15.007     0.999023        79830      1024.00
      15.215     0.999121        79838      1137.78
      15.503     0.999219        79846      1280.00
      15.783     0.999316        79854      1462.86
      16.143     0.999414        79862      1706.67
      16.655     0.999512        79869      2048.00
      16.863     0.999561        79873      2275.56
      17.167     0.999609        79877      2560.00
      17.471     0.999658        79881      2925.71
      17.631     0.999707        79885      3413.33
      17.903     0.999756        79889      4096.00
      17.999     0.999780        79891      4551.11
      18.175     0.999805        79893      5120.00
      18.271     0.999829        79895      5851.43
      18.335     0.999854        79897      6826.67
      18.687     0.999878        79899      8192.00
      18.751     0.999890        79900      9102.22
      18.767     0.999902        79901     10240.00
      18.799     0.999915        79902     11702.86
      18.847     0.999927        79903     13653.33
      19.055     0.999939        79904     16384.00
      19.055     0.999945        79904     18204.44
      19.103     0.999951        79905     20480.00
      19.103     0.999957        79905     23405.71
      20.127     0.999963        79906     27306.67
      20.127     0.999969        79906     32768.00
      20.127     0.999973        79906     36408.89
      20.591     0.999976        79907     40960.00
      20.591     0.999979        79907     46811.43
      20.591     0.999982        79907     54613.33
      20.591     0.999985        79907     65536.00
      20.591     0.999986        79907     72817.78
      21.551     0.999988        79908     81920.00
      21.551     1.000000        79908          inf
#[Mean    =        1.539, StdDeviation   =        1.287]
#[Max     =       21.536, Total count    =        79908]
#[Buckets =           27, SubBuckets     =         2048]
----------------------------------------------------------
  79913 requests in 10.00s, 13.34MB read
Requests/sec:   7991.30
Transfer/sec:      1.33MB
