Running 10s test @ http://localhost
  2 threads and 10 connections
  Thread Stats   Avg      Stdev     Max   +/- Stdev
    Latency     1.53ms    1.20ms  29.01ms   93.98%
    Req/Sec       -nan      -nan   0.00      0.00%
  Latency Distribution (HdrHistogram - Recorded Latency)
 50.000%    1.37ms
 75.000%    1.86ms
 90.000%    2.35ms
 99.000%    5.36ms
 99.900%   16.91ms
 99.990%   24.74ms
 99.999%   28.37ms
100.000%   29.02ms

  Detailed Percentile spectrum:
       Value   Percentile   TotalCount 1/(1-Percentile)

       0.113     0.000000            1         1.00
       0.643     0.100000         7994         1.11
       0.850     0.200000        16024         1.25
       1.025     0.300000        24009         1.43
       1.195     0.400000        31996         1.67
       1.366     0.500000        40003         2.00
       1.454     0.550000        43963         2.22
       1.549     0.600000        47965         2.50
       1.644     0.650000        51943         2.86
       1.746     0.700000        55944         3.33
       1.859     0.750000        59949         4.00
       1.917     0.775000        61943         4.44
       1.985     0.800000        63935         5.00
       2.053     0.825000        65973         5.71
       2.133     0.850000        67940         6.67
       2.231     0.875000        69945         8.00
       2.285     0.887500        70947         8.89
       2.347     0.900000        71933        10.00
       2.421     0.912500        72931        11.43
       2.505     0.925000        73931        13.33
       2.609     0.937500        74916        16.00
       2.673     0.943750        75423        17.78
       2.749     0.950000        75935        20.00
       2.831     0.956250        76422        22.86
       2.945     0.962500        76920        26.67
       3.073     0.968750        77417        32.00
       3.173     0.971875        77664        35.56
       3.289     0.975000        77912        40.00
       3.459     0.978125        78162        45.71
       3.699     0.981250        78412        53.33
       4.057     0.984375        78661        64.00
       4.315     0.985938        78787        71.11
       4.631     0.987500        78911        80.00
       5.015     0.989062        79035        91.43
       5.623     0.990625        79161       106.67
       6.471     0.992188        79286       128.00
       7.039     0.992969        79348       142.22
       7.559     0.993750        79410       160.00
       8.327     0.994531        79472       182.86
       9.135     0.995313        79535       213.33
      10.303     0.996094        79597       256.00
      11.039     0.996484        79630       284.44
      11.671     0.996875        79660       320.00
      12.327     0.997266        79691       365.71
      13.143     0.997656        79722       426.67
      13.935     0.998047        79753       512.00
      14.247     0.998242        79769       568.89
      14.791     0.998437        79785       640.00
      15.383     0.998633        79800       731.43
      16.279     0.998828        79816       853.33
      16.959     0.999023        79831      1024.00
      17.231     0.999121        79840      1137.78
      17.551     0.999219        79848      1280.00
      17.855     0.999316        79855      1462.86
      18.143     0.999414        79863      1706.67
      18.607     0.999512        79870      2048.00
      18.991     0.999561        79874      2275.56
      19.279     0.999609        79878      2560.00
      20.175     0.999658        79882      2925.71
      21.151     0.999707        79886      3413.33
      22.559     0.999756        79890      4096.00
      23.215     0.999780        79892      4551.11
      23.711     0.999805        79894      5120.00
      23.951     0.999829        79896      5851.43
      24.335     0.999854        79898      6826.67
      24.655     0.999878        79900      8192.00
      24.735     0.999890        79901      9102.22
      24.863     0.999902        79902     10240.00
      24.911     0.999915        79903     11702.86
      25.167     0.999927        79904     13653.33
      25.663     0.999939        79905     16384.00
      25.663     0.999945        79905     18204.44
      26.607     0.999951        79906     20480.00
      26.607     0.999957        79906     23405.71
      27.391     0.999963        79907     27306.67
      27.391     0.999969        79907     32768.00
      27.391     0.999973        79907     36408.89
      28.367     0.999976        79908     40960.00
      28.367     0.999979        79908     46811.43
      28.367     0.999982        79908     54613.33
      28.367     0.999985        79908     65536.00
      28.367     0.999986        79908     72817.78
      29.023     0.999988        79909     81920.00
      29.023     1.000000        79909          inf
#[Mean    =        1.530, StdDeviation   =        1.200]
#[Max     =       29.008, Total count    =        79909]
#[Buckets =           27, SubBuckets     =         2048]
----------------------------------------------------------
  79914 requests in 10.00s, 13.34MB read
Requests/sec:   7991.10
Transfer/sec:      1.33MB
