Running 10s test @ http://localhost
  2 threads and 10 connections
  Thread Stats   Avg      Stdev     Max   +/- Stdev
    Latency     1.60ms    1.17ms  17.65ms   91.17%
    Req/Sec       -nan      -nan   0.00      0.00%
  Latency Distribution (HdrHistogram - Recorded Latency)
 50.000%    1.40ms
 75.000%    1.91ms
 90.000%    2.50ms
 99.000%    6.60ms
 99.900%   12.98ms
 99.990%   16.20ms
 99.999%   17.50ms
100.000%   17.66ms

  Detailed Percentile spectrum:
       Value   Percentile   TotalCount 1/(1-Percentile)

       0.144     0.000000            1         1.00
       0.672     0.100000         8011         1.11
       0.876     0.200000        16023         1.25
       1.054     0.300000        23996         1.43
       1.225     0.400000        31973         1.67
       1.399     0.500000        39960         2.00
       1.487     0.550000        43959         2.22
       1.577     0.600000        47982         2.50
       1.677     0.650000        51975         2.86
       1.786     0.700000        55966         3.33
       1.909     0.750000        59945         4.00
       1.979     0.775000        61942         4.44
       2.051     0.800000        63938         5.00
       2.135     0.825000        65946         5.71
       2.231     0.850000        67953         6.67
       2.345     0.875000        69926         8.00
       2.415     0.887500        70927         8.89
       2.497     0.900000        71928        10.00
       2.589     0.912500        72930        11.43
       2.705     0.925000        73928        13.33
       2.843     0.937500        74925        16.00
       2.931     0.943750        75427        17.78
       3.041     0.950000        75924        20.00
       3.175     0.956250        76417        22.86
       3.351     0.962500        76917        26.67
       3.601     0.968750        77420        32.00
       3.745     0.971875        77669        35.56
       3.947     0.975000        77917        40.00
       4.171     0.978125        78167        45.71
       4.491     0.981250        78416        53.33
       4.947     0.984375        78665        64.00
       5.255     0.985938        78790        71.11
       5.675     0.987500        78916        80.00
       6.215     0.989062        79039        91.43
       6.871     0.990625        79164       106.67
       7.623     0.992188        79289       128.00
       8.167     0.992969        79352       142.22
       8.711     0.993750        79414       160.00
       9.311     0.994531        79476       182.86
       9.927     0.995313        79541       213.33
      10.551     0.996094        79601       256.00
      10.863     0.996484        79633       284.44
      11.167     0.996875        79664       320.00
      11.503     0.997266        79695       365.71
      11.743     0.997656        79727       426.67
      11.959     0.998047        79757       512.00
      12.191     0.998242        79773       568.89
      12.447     0.998437        79789       640.00
      12.623     0.998633        79805       731.43
      12.831     0.998828        79820       853.33
      12.991     0.999023        79835      1024.00
      13.127     0.999121        79843      1137.78
      13.207     0.999219        79851      1280.00
      13.471     0.999316        79859      1462.86
      13.623     0.999414        79867      1706.67
      13.839     0.999512        79874      2048.00
      14.031     0.999561        79878      2275.56
      14.183     0.999609        79882      2560.00
      14.367     0.999658        79886      2925.71
      14.623     0.999707        79890      3413.33
      15.399     0.999756        79894      4096.00
      15.415     0.999780        79896      4551.11
      15.767     0.999805        79898      5120.00
      15.871     0.999829        79900      5851.43
      15.975     0.999854        79902      6826.67
      16.191     0.999878        79904      8192.00
      16.199     0.999890        79905      9102.22
      16.231     0.999902        79906     10240.00
      16.607     0.999915        79907     11702.86
      16.799     0.999927        79908     13653.33
      16.847     0.999939        79909     16384.00
      16.847     0.999945        79909     18204.44
      16.863     0.999951        79910     20480.00
      16.863     0.999957        79910     23405.71
      17.055     0.999963        79911     27306.67
      17.055     0.999969        79911     32768.00
      17.055     0.999973        79911     36408.89
      17.503     0.999976        79912     40960.00
      17.503     0.999979        79912     46811.43
      17.503     0.999982        79912     54613.33
      17.503     0.999985        79912     65536.00
      17.503     0.999986        79912     72817.78
      17.663     0.999988        79913     81920.00
      17.663     1.000000        79913          inf
#[Mean    =        1.596, StdDeviation   =        1.170]
#[Max     =       17.648, Total count    =        79913]
#[Buckets =           27, SubBuckets     =         2048]
----------------------------------------------------------
  79921 requests in 10.00s, 13.34MB read
Requests/sec:   7991.84
Transfer/sec:      1.33MB
