Running 10s test @ http://localhost
  2 threads and 10 connections
  Thread Stats   Avg      Stdev     Max   +/- Stdev
    Latency     1.55ms    1.08ms  20.69ms   89.37%
    Req/Sec       -nan      -nan   0.00      0.00%
  Latency Distribution (HdrHistogram - Recorded Latency)
 50.000%    1.38ms
 75.000%    1.88ms
 90.000%    2.42ms
 99.000%    5.61ms
 99.900%   13.09ms
 99.990%   16.24ms
 99.999%   19.73ms
100.000%   20.70ms

  Detailed Percentile spectrum:
       Value   Percentile   TotalCount 1/(1-Percentile)

       0.107     0.000000            1         1.00
       0.654     0.100000         7997         1.11
       0.861     0.200000        16015         1.25
       1.038     0.300000        23994         1.43
       1.208     0.400000        31964         1.67
       1.380     0.500000        39975         2.00
       1.471     0.550000        43983         2.22
       1.567     0.600000        47961         2.50
       1.665     0.650000        51944         2.86
       1.770     0.700000        55959         3.33
       1.884     0.750000        59955         4.00
       1.948     0.775000        61950         4.44
       2.018     0.800000        63928         5.00
       2.095     0.825000        65935         5.71
       2.181     0.850000        67925         6.67
       2.287     0.875000        69937         8.00
       2.349     0.887500        70944         8.89
       2.417     0.900000        71927        10.00
       2.497     0.912500        72918        11.43
       2.595     0.925000        73914        13.33
       2.721     0.937500        74915        16.00
       2.791     0.943750        75416        17.78
       2.881     0.950000        75910        20.00
       2.993     0.956250        76415        22.86
       3.133     0.962500        76910        26.67
       3.319     0.968750        77411        32.00
       3.431     0.971875        77658        35.56
       3.601     0.975000        77908        40.00
       3.809     0.978125        78158        45.71
       4.067     0.981250        78408        53.33
       4.407     0.984375        78657        64.00
       4.643     0.985938        78782        71.11
       4.943     0.987500        78907        80.00
       5.351     0.989062        79033        91.43
       5.811     0.990625        79156       106.67
       6.535     0.992188        79281       128.00
       6.955     0.992969        79344       142.22
       7.459     0.993750        79407       160.00
       7.931     0.994531        79470       182.86
       8.551     0.995313        79531       213.33
       9.231     0.996094        79593       256.00
       9.671     0.996484        79626       284.44
      10.127     0.996875        79656       320.00
      10.639     0.997266        79687       365.71
      11.023     0.997656        79718       426.67
      11.663     0.998047        79749       512.00
      11.887     0.998242        79765       568.89
      12.223     0.998437        79781       640.00
      12.471     0.998633        79797       731.43
      12.751     0.998828        79812       853.33
      13.135     0.999023        79828      1024.00
      13.271     0.999121        79835      1137.78
      13.471     0.999219        79844      1280.00
      13.583     0.999316        79851      1462.86
      13.767     0.999414        79859      1706.67
      13.927     0.999512        79866      2048.00
      14.063     0.999561        79870      2275.56
      14.191     0.999609        79874      2560.00
      14.431     0.999658        79878      2925.71
      14.543     0.999707        79882      3413.33
      15.079     0.999756        79886      4096.00
      15.231     0.999780        79888      4551.11
      15.351     0.999805        79890      5120.00
      15.575     0.999829        79892      5851.43
      15.727     0.999854        79894      6826.67
      16.103     0.999878        79896      8192.00
      16.239     0.999890        79897      9102.22
      16.607     0.999902        79898     10240.00
      17.247     0.999915        79899     11702.86
      17.455     0.999927        79900     13653.33
      18.031     0.999939        79901     16384.00
      18.031     0.999945        79901     18204.44
      18.111     0.999951        79902     20480.00
      18.111     0.999957        79902     23405.71
      18.911     0.999963        79903     27306.67
      18.911     0.999969        79903     32768.00
      18.911     0.999973        79903     36408.89
      19.727     0.999976        79904     40960.00
      19.727     0.999979        79904     46811.43
      19.727     0.999982        79904     54613.33
      19.727     0.999985        79904     65536.00
      19.727     0.999986        79904     72817.78
      20.703     0.999988        79905     81920.00
      20.703     1.000000        79905          inf
#[Mean    =        1.550, StdDeviation   =        1.080]
#[Max     =       20.688, Total count    =        79905]
#[Buckets =           27, SubBuckets     =         2048]
----------------------------------------------------------
  79911 requests in 10.00s, 13.34MB read
Requests/sec:   7991.13
Transfer/sec:      1.33MB
