Running 10s test @ http://localhost
  2 threads and 10 connections
  Thread Stats   Avg      Stdev     Max   +/- Stdev
    Latency     1.51ms    0.99ms  17.20ms   89.10%
    Req/Sec       -nan      -nan   0.00      0.00%
  Latency Distribution (HdrHistogram - Recorded Latency)
 50.000%    1.36ms
 75.000%    1.82ms
 90.000%    2.30ms
 99.000%    6.20ms
 99.900%   10.56ms
 99.990%   15.77ms
 99.999%   17.18ms
100.000%   17.22ms

  Detailed Percentile spectrum:
       Value   Percentile   TotalCount 1/(1-Percentile)

       0.115     0.000000            1         1.00
       0.674     0.100000         8023         1.11
       0.872     0.200000        15998         1.25
       1.041     0.300000        24007         1.43
       1.202     0.400000        31985         1.67
       1.360     0.500000        39995         2.00
       1.441     0.550000        43956         2.22
       1.526     0.600000        47970         2.50
       1.615     0.650000        51992         2.86
       1.714     0.700000        55954         3.33
       1.822     0.750000        59960         4.00
       1.882     0.775000        61927         4.44
       1.949     0.800000        63951         5.00
       2.018     0.825000        65938         5.71
       2.099     0.850000        67947         6.67
       2.189     0.875000        69965         8.00
       2.241     0.887500        70944         8.89
       2.301     0.900000        71933        10.00
       2.367     0.912500        72925        11.43
       2.441     0.925000        73916        13.33
       2.537     0.937500        74928        16.00
       2.593     0.943750        75429        17.78
       2.659     0.950000        75917        20.00
       2.745     0.956250        76420        22.86
       2.851     0.962500        76911        26.67
       2.989     0.968750        77408        32.00
       3.089     0.971875        77660        35.56
       3.207     0.975000        77908        40.00
       3.429     0.978125        78157        45.71
       3.739     0.981250        78408        53.33
       4.283     0.984375        78656        64.00
       4.627     0.985938        78782        71.11
       5.127     0.987500        78909        80.00
       5.759     0.989062        79031        91.43
       6.423     0.990625        79155       106.67
       7.155     0.992188        79282       128.00
       7.511     0.992969        79343       142.22
       7.743     0.993750        79407       160.00
       8.047     0.994531        79468       182.86
       8.247     0.995313        79530       213.33
       8.631     0.996094        79592       256.00
       8.903     0.996484        79624       284.44
       9.071     0.996875        79657       320.00
       9.255     0.997266        79686       365.71
       9.607     0.997656        79718       426.67
       9.791     0.998047        79748       512.00
       9.943     0.998242        79764       568.89
      10.079     0.998437        79780       640.00
      10.223     0.998633        79796       731.43
      10.423     0.998828        79812       853.33
      10.631     0.999023        79826      1024.00
      10.687     0.999121        79834      1137.78
      10.879     0.999219        79842      1280.00
      11.215     0.999316        79850      1462.86
      11.335     0.999414        79858      1706.67
      11.479     0.999512        79865      2048.00
      11.623     0.999561        79869      2275.56
      11.887     0.999609        79873      2560.00
      12.063     0.999658        79877      2925.71
      12.415     0.999707        79881      3413.33
      12.879     0.999756        79885      4096.00
      13.319     0.999780        79887      4551.11
      14.127     0.999805        79889      5120.00
      14.263     0.999829        79891      5851.43
      14.423     0.999854        79893      6826.67
      15.479     0.999878        79895      8192.00
      15.767     0.999890        79896      9102.22
      15.887     0.999902        79897     10240.00
      16.215     0.999915        79898     11702.86
      16.295     0.999927        79899     13653.33
      16.375     0.999939        79900     16384.00
      16.375     0.999945        79900     18204.44
      16.895     0.999951        79901     20480.00
      16.895     0.999957        79901     23405.71
      17.039     0.999963        79902     27306.67
      17.039     0.999969        79902     32768.00
      17.039     0.999973        79902     36408.89
      17.183     0.999976        79903     40960.00
      17.183     0.999979        79903     46811.43
      17.183     0.999982        79903     54613.33
      17.183     0.999985        79903     65536.00
      17.183     0.999986        79903     72817.78
      17.215     0.999988        79904     81920.00
      17.215     1.000000        79904          inf
#[Mean    =        1.508, StdDeviation   =        0.993]
#[Max     =       17.200, Total count    =        79904]
#[Buckets =           27, SubBuckets     =         2048]
----------------------------------------------------------
  79907 requests in 10.00s, 13.34MB read
Requests/sec:   7990.81
Transfer/sec:      1.33MB
