Running 10s test @ http://localhost
  2 threads and 10 connections
  Thread Stats   Avg      Stdev     Max   +/- Stdev
    Latency     2.86ms    3.12ms  34.53ms   90.33%
    Req/Sec       -nan      -nan   0.00      0.00%
  Latency Distribution (HdrHistogram - Recorded Latency)
 50.000%    1.82ms
 75.000%    3.23ms
 90.000%    5.87ms
 99.000%   17.01ms
 99.900%   23.77ms
 99.990%   32.46ms
 99.999%   34.33ms
100.000%   34.56ms

  Detailed Percentile spectrum:
       Value   Percentile   TotalCount 1/(1-Percentile)

       0.120     0.000000            1         1.00
       0.776     0.100000         8004         1.11
       1.041     0.200000        15986         1.25
       1.283     0.300000        23973         1.43
       1.531     0.400000        31970         1.67
       1.818     0.500000        39965         2.00
       1.991     0.550000        43950         2.22
       2.197     0.600000        47935         2.50
       2.449     0.650000        51953         2.86
       2.775     0.700000        55942         3.33
       3.231     0.750000        59926         4.00
       3.509     0.775000        61921         4.44
       3.839     0.800000        63919         5.00
       4.219     0.825000        65925         5.71
       4.675     0.850000        67915         6.67
       5.207     0.875000        69922         8.00
       5.519     0.887500        70909         8.89
       5.871     0.900000        71913        10.00
       6.311     0.912500        72902        11.43
       6.855     0.925000        73899        13.33
       7.623     0.937500        74896        16.00
       8.119     0.943750        75398        17.78
       8.719     0.950000        75901        20.00
       9.471     0.956250        76396        22.86
      10.511     0.962500        76900        26.67
      11.719     0.968750        77393        32.00
      12.399     0.971875        77643        35.56
      13.047     0.975000        77894        40.00
      13.839     0.978125        78145        45.71
      14.679     0.981250        78393        53.33
      15.439     0.984375        78643        64.00
      15.863     0.985938        78767        71.11
      16.263     0.987500        78893        80.00
      16.783     0.989062        79018        91.43
      17.279     0.990625        79141       106.67
      17.807     0.992188        79266       128.00
      18.095     0.992969        79331       142.22
      18.351     0.993750        79393       160.00
      18.767     0.994531        79455       182.86
      19.263     0.995313        79515       213.33
      19.887     0.996094        79579       256.00
      20.223     0.996484        79612       284.44
      20.607     0.996875        79640       320.00
      20.927     0.997266        79671       365.71
      21.359     0.997656        79704       426.67
      21.919     0.998047        79733       512.00
      22.175     0.998242        79749       568.89
      22.495     0.998437        79766       640.00
      22.927     0.998633        79780       731.43
      23.343     0.998828        79796       853.33
      23.903     0.999023        79811      1024.00
      24.063     0.999121        79819      1137.78
      24.447     0.999219        79827      1280.00
      24.799     0.999316        79836      1462.86
      25.151     0.999414        79843      1706.67
      25.439     0.999512        79850      2048.00
      25.823     0.999561        79854      2275.56
      26.095     0.999609        79858      2560.00
      26.319     0.999658        79862      2925.71
      26.687     0.999707        79867      3413.33
      26.959     0.999756        79870      4096.00
      27.407     0.999780        79872      4551.11
      27.791     0.999805        79874      5120.00
      29.295     0.999829        79876      5851.43
      29.951     0.999854        79878      6826.67
      31.631     0.999878        79880      8192.00
      32.463     0.999890        79881      9102.22
      32.671     0.999902        79882     10240.00
      32.799     0.999915        79883     11702.86
      33.343     0.999927        79885     13653.33
      33.343     0.999939        79885     16384.00
      33.343     0.999945        79885     18204.44
      34.047     0.999951        79886     20480.00
      34.047     0.999957        79886     23405.71
      34.303     0.999963        79887     27306.67
      34.303     0.999969        79887     32768.00
      34.303     0.999973        79887     36408.89
      34.335     0.999976        79888     40960.00
      34.335     0.999979        79888     46811.43
      34.335     0.999982        79888     54613.33
      34.335     0.999985        79888     65536.00
      34.335     0.999986        79888     72817.78
      34.559     0.999988        79889     81920.00
      34.559     1.000000        79889          inf
#[Mean    =        2.858, StdDeviation   =        3.118]
#[Max     =       34.528, Total count    =        79889]
#[Buckets =           27, SubBuckets     =         2048]
----------------------------------------------------------
  79894 requests in 10.00s, 13.33MB read
Requests/sec:   7989.75
Transfer/sec:      1.33MB
