Running 10s test @ http://localhost
  2 threads and 10 connections
  Thread Stats   Avg      Stdev     Max   +/- Stdev
    Latency     2.62ms    2.42ms  28.35ms   88.48%
    Req/Sec       -nan      -nan   0.00      0.00%
  Latency Distribution (HdrHistogram - Recorded Latency)
 50.000%    1.83ms
 75.000%    3.12ms
 90.000%    5.41ms
 99.000%   12.85ms
 99.900%   19.31ms
 99.990%   23.58ms
 99.999%   27.45ms
100.000%   28.37ms

  Detailed Percentile spectrum:
       Value   Percentile   TotalCount 1/(1-Percentile)

       0.155     0.000000            1         1.00
       0.782     0.100000         8000         1.11
       1.053     0.200000        15992         1.25
       1.297     0.300000        23988         1.43
       1.549     0.400000        31968         1.67
       1.834     0.500000        39956         2.00
       1.996     0.550000        43959         2.22
       2.189     0.600000        47965         2.50
       2.425     0.650000        51942         2.86
       2.729     0.700000        55941         3.33
       3.121     0.750000        59938         4.00
       3.373     0.775000        61925         4.44
       3.653     0.800000        63921         5.00
       3.987     0.825000        65923         5.71
       4.375     0.850000        67926         6.67
       4.851     0.875000        69929         8.00
       5.107     0.887500        70918         8.89
       5.415     0.900000        71921        10.00
       5.763     0.912500        72916        11.43
       6.179     0.925000        73909        13.33
       6.663     0.937500        74912        16.00
       6.963     0.943750        75408        17.78
       7.303     0.950000        75910        20.00
       7.699     0.956250        76409        22.86
       8.171     0.962500        76906        26.67
       8.743     0.968750        77407        32.00
       9.047     0.971875        77656        35.56
       9.415     0.975000        77905        40.00
       9.935     0.978125        78154        45.71
      10.519     0.981250        78407        53.33
      11.239     0.984375        78654        64.00
      11.583     0.985938        78779        71.11
      12.015     0.987500        78904        80.00
      12.495     0.989062        79029        91.43
      13.047     0.990625        79153       106.67
      13.727     0.992188        79277       128.00
      14.087     0.992969        79340       142.22
      14.559     0.993750        79402       160.00
      14.975     0.994531        79467       182.86
      15.399     0.995313        79527       213.33
      15.887     0.996094        79589       256.00
      16.207     0.996484        79621       284.44
      16.527     0.996875        79652       320.00
      17.007     0.997266        79683       365.71
      17.439     0.997656        79714       426.67
      17.855     0.998047        79745       512.00
      18.175     0.998242        79762       568.89
      18.511     0.998437        79777       640.00
      18.735     0.998633        79794       731.43
      18.943     0.998828        79809       853.33
      19.327     0.999023        79823      1024.00
      19.423     0.999121        79831      1137.78
      19.647     0.999219        79839      1280.00
      19.903     0.999316        79848      1462.86
      20.159     0.999414        79856      1706.67
      20.447     0.999512        79862      2048.00
      20.559     0.999561        79866      2275.56
      20.879     0.999609        79870      2560.00
      21.263     0.999658        79874      2925.71
      21.599     0.999707        79878      3413.33
      21.839     0.999756        79882      4096.00
      22.303     0.999780        79884      4551.11
      22.383     0.999805        79886      5120.00
      22.415     0.999829        79888      5851.43
      22.623     0.999854        79890      6826.67
      23.199     0.999878        79892      8192.00
      23.583     0.999890        79893      9102.22
      23.711     0.999902        79894     10240.00
      23.999     0.999915        79895     11702.86
      24.111     0.999927        79896     13653.33
      24.863     0.999939        79897     16384.00
      24.863     0.999945        79897     18204.44
      25.711     0.999951        79898     20480.00
      25.711     0.999957        79898     23405.71
      26.687     0.999963        79899     27306.67
      26.687     0.999969        79899     32768.00
      26.687     0.999973        79899     36408.89
      27.455     0.999976        79900     40960.00
      27.455     0.999979        79900     46811.43
      27.455     0.999982        79900     54613.33
      27.455     0.999985        79900     65536.00
      27.455     0.999986        79900     72817.78
      28.367     0.999988        79901     81920.00
      28.367     1.000000        79901          inf
#[Mean    =        2.620, StdDeviation   =        2.425]
#[Max     =       28.352, Total count    =        79901]
#[Buckets =           27, SubBuckets     =         2048]
----------------------------------------------------------
  79908 requests in 10.00s, 13.34MB read
Requests/sec:   7991.02
Transfer/sec:      1.33MB
