Running 10s test @ http://localhost
  2 threads and 10 connections
  Thread Stats   Avg      Stdev     Max   +/- Stdev
    Latency     3.09ms    3.53ms  36.35ms   90.52%
    Req/Sec       -nan      -nan   0.00      0.00%
  Latency Distribution (HdrHistogram - Recorded Latency)
 50.000%    1.93ms
 75.000%    3.53ms
 90.000%    6.43ms
 99.000%   18.90ms
 99.900%   30.96ms
 99.990%   35.07ms
 99.999%   36.32ms
100.000%   36.38ms

  Detailed Percentile spectrum:
       Value   Percentile   TotalCount 1/(1-Percentile)

       0.113     0.000000            1         1.00
       0.795     0.100000         7997         1.11
       1.075     0.200000        15998         1.25
       1.338     0.300000        23979         1.43
       1.616     0.400000        31960         1.67
       1.928     0.500000        39944         2.00
       2.111     0.550000        43955         2.22
       2.329     0.600000        47943         2.50
       2.623     0.650000        51927         2.86
       3.017     0.700000        55918         3.33
       3.531     0.750000        59916         4.00
       3.835     0.775000        61911         4.44
       4.199     0.800000        63923         5.00
       4.607     0.825000        65911         5.71
       5.079     0.850000        67907         6.67
       5.675     0.875000        69903         8.00
       6.019     0.887500        70891         8.89
       6.431     0.900000        71893        10.00
       6.915     0.912500        72888        11.43
       7.507     0.925000        73894        13.33
       8.295     0.937500        74886        16.00
       8.823     0.943750        75389        17.78
       9.447     0.950000        75885        20.00
      10.279     0.956250        76384        22.86
      11.175     0.962500        76882        26.67
      12.295     0.968750        77383        32.00
      12.935     0.971875        77631        35.56
      13.663     0.975000        77884        40.00
      14.399     0.978125        78131        45.71
      15.271     0.981250        78385        53.33
      16.255     0.984375        78629        64.00
      16.815     0.985938        78754        71.11
      17.439     0.987500        78879        80.00
      18.367     0.989062        79004        91.43
      19.247     0.990625        79129       106.67
      20.271     0.992188        79253       128.00
      20.911     0.992969        79316       142.22
      21.583     0.993750        79379       160.00
      22.543     0.994531        79442       182.86
      23.631     0.995313        79503       213.33
      24.831     0.996094        79565       256.00
      25.407     0.996484        79597       284.44
      26.175     0.996875        79628       320.00
      27.023     0.997266        79659       365.71
      27.823     0.997656        79690       426.67
      28.527     0.998047        79722       512.00
      28.943     0.998242        79738       568.89
      29.423     0.998437        79753       640.00
      29.791     0.998633        79768       731.43
      30.239     0.998828        79785       853.33
      31.103     0.999023        79799      1024.00
      31.327     0.999121        79807      1137.78
      31.791     0.999219        79815      1280.00
      32.303     0.999316        79824      1462.86
      32.575     0.999414        79832      1706.67
      32.991     0.999512        79838      2048.00
      33.183     0.999561        79842      2275.56
      33.375     0.999609        79847      2560.00
      33.535     0.999658        79851      2925.71
      33.823     0.999707        79854      3413.33
      34.207     0.999756        79859      4096.00
      34.271     0.999780        79860      4551.11
      34.431     0.999805        79862      5120.00
      34.623     0.999829        79864      5851.43
      34.783     0.999854        79866      6826.67
      34.879     0.999878        79868      8192.00
      35.071     0.999890        79869      9102.22
      35.167     0.999902        79870     10240.00
      35.231     0.999915        79872     11702.86
      35.231     0.999927        79872     13653.33
      35.647     0.999939        79873     16384.00
      35.647     0.999945        79873     18204.44
      35.775     0.999951        79874     20480.00
      35.775     0.999957        79874     23405.71
      36.127     0.999963        79875     27306.67
      36.127     0.999969        79875     32768.00
      36.127     0.999973        79875     36408.89
      36.319     0.999976        79876     40960.00
      36.319     0.999979        79876     46811.43
      36.319     0.999982        79876     54613.33
      36.319     0.999985        79876     65536.00
      36.319     0.999986        79876     72817.78
      36.383     0.999988        79877     81920.00
      36.383     1.000000        79877          inf
#[Mean    =        3.091, StdDeviation   =        3.528]
#[Max     =       36.352, Total count    =        79877]
#[Buckets =           27, SubBuckets     =         2048]
----------------------------------------------------------
  79882 requests in 10.00s, 13.33MB read
Requests/sec:   7988.95
Transfer/sec:      1.33MB
