Running 10s test @ http://localhost
  2 threads and 10 connections
  Thread Stats   Avg      Stdev     Max   +/- Stdev
    Latency     1.57ms    1.19ms  21.50ms   91.84%
    Req/Sec       -nan      -nan   0.00      0.00%
  Latency Distribution (HdrHistogram - Recorded Latency)
 50.000%    1.37ms
 75.000%    1.87ms
 90.000%    2.43ms
 99.000%    6.91ms
 99.900%   13.65ms
 99.990%   17.60ms
 99.999%   21.01ms
100.000%   21.52ms

  Detailed Percentile spectrum:
       Value   Percentile   TotalCount 1/(1-Percentile)

       0.104     0.000000            1         1.00
       0.651     0.100000         8019         1.11
       0.861     0.200000        16012         1.25
       1.038     0.300000        23998         1.43
       1.201     0.400000        32012         1.67
       1.365     0.500000        39982         2.00
       1.452     0.550000        43984         2.22
       1.543     0.600000        47974         2.50
       1.643     0.650000        51971         2.86
       1.749     0.700000        55951         3.33
       1.868     0.750000        59968         4.00
       1.932     0.775000        61965         4.44
       2.004     0.800000        63957         5.00
       2.085     0.825000        65977         5.71
       2.177     0.850000        67955         6.67
       2.285     0.875000        69941         8.00
       2.355     0.887500        70943         8.89
       2.431     0.900000        71938        10.00
       2.515     0.912500        72935        11.43
       2.617     0.925000        73939        13.33
       2.759     0.937500        74934        16.00
       2.855     0.943750        75431        17.78
       2.963     0.950000        75934        20.00
       3.089     0.956250        76429        22.86
       3.273     0.962500        76922        26.67
       3.545     0.968750        77422        32.00
       3.709     0.971875        77673        35.56
       3.921     0.975000        77922        40.00
       4.223     0.978125        78170        45.71
       4.655     0.981250        78423        53.33
       5.247     0.984375        78670        64.00
       5.651     0.985938        78796        71.11
       6.075     0.987500        78921        80.00
       6.567     0.989062        79045        91.43
       7.147     0.990625        79170       106.67
       7.823     0.992188        79294       128.00
       8.191     0.992969        79357       142.22
       8.607     0.993750        79420       160.00
       8.975     0.994531        79481       182.86
       9.527     0.995313        79544       213.33
      10.103     0.996094        79607       256.00
      10.447     0.996484        79639       284.44
      10.879     0.996875        79670       320.00
      11.255     0.997266        79700       365.71
      11.647     0.997656        79731       426.67
      12.071     0.998047        79762       512.00
      12.383     0.998242        79778       568.89
      12.615     0.998437        79794       640.00
      12.991     0.998633        79809       731.43
      13.311     0.998828        79825       853.33
      13.711     0.999023        79840      1024.00
      13.807     0.999121        79848      1137.78
      14.087     0.999219        79856      1280.00
      14.207     0.999316        79864      1462.86
      14.567     0.999414        79872      1706.67
      14.791     0.999512        79879      2048.00
      15.031     0.999561        79883      2275.56
      15.167     0.999609        79887      2560.00
      15.487     0.999658        79891      2925.71
      15.695     0.999707        79895      3413.33
      16.351     0.999756        79899      4096.00
      16.463     0.999780        79902      4551.11
      16.511     0.999805        79903      5120.00
      16.687     0.999829        79905      5851.43
      17.007     0.999854        79907      6826.67
      17.359     0.999878        79909      8192.00
      17.599     0.999890        79910      9102.22
      17.887     0.999902        79911     10240.00
      18.191     0.999915        79912     11702.86
      18.351     0.999927        79913     13653.33
      19.055     0.999939        79914     16384.00
      19.055     0.999945        79914     18204.44
      19.215     0.999951        79915     20480.00
      19.215     0.999957        79915     23405.71
      20.159     0.999963        79916     27306.67
      20.159     0.999969        79916     32768.00
      20.159     0.999973        79916     36408.89
      21.007     0.999976        79917     40960.00
      21.007     0.999979        79917     46811.43
      21.007     0.999982        79917     54613.33
      21.007     0.999985        79917     65536.00
      21.007     0.999986        79917     72817.78
      21.519     0.999988        79918     81920.00
      21.519     1.000000        79918          inf
#[Mean    =        1.567, StdDeviation   =        1.186]
#[Max     =       21.504, Total count    =        79918]
#[Buckets =           27, SubBuckets     =         2048]
----------------------------------------------------------
  79920 requests in 10.00s, 13.34MB read
Requests/sec:   7991.14
Transfer/sec:      1.33MB
