Running 10s test @ http://localhost
  2 threads and 10 connections
  Thread Stats   Avg      Stdev     Max   +/- Stdev
    Latency     1.66ms    1.37ms  28.56ms   93.88%
    Req/Sec       -nan      -nan   0.00      0.00%
  Latency Distribution (HdrHistogram - Recorded Latency)
 50.000%    1.41ms
 75.000%    1.93ms
 90.000%    2.55ms
 99.000%    8.52ms
 99.900%   14.83ms
 99.990%   24.25ms
 99.999%   27.77ms
100.000%   28.58ms

  Detailed Percentile spectrum:
       Value   Percentile   TotalCount 1/(1-Percentile)

       0.117     0.000000            1         1.00
       0.692     0.100000         8006         1.11
       0.899     0.200000        15982         1.25
       1.075     0.300000        23980         1.43
       1.243     0.400000        31997         1.67
       1.408     0.500000        39974         2.00
       1.496     0.550000        43977         2.22
       1.589     0.600000        47963         2.50
       1.691     0.650000        51941         2.86
       1.802     0.700000        55948         3.33
       1.926     0.750000        59940         4.00
       1.998     0.775000        61930         4.44
       2.079     0.800000        63948         5.00
       2.169     0.825000        65925         5.71
       2.277     0.850000        67935         6.67
       2.399     0.875000        69911         8.00
       2.471     0.887500        70922         8.89
       2.553     0.900000        71905        10.00
       2.659     0.912500        72905        11.43
       2.787     0.925000        73894        13.33
       2.969     0.937500        74893        16.00
       3.073     0.943750        75401        17.78
       3.215     0.950000        75891        20.00
       3.389     0.956250        76393        22.86
       3.621     0.962500        76893        26.67
       3.971     0.968750        77389        32.00
       4.187     0.971875        77640        35.56
       4.535     0.975000        77888        40.00
       4.955     0.978125        78139        45.71
       5.527     0.981250        78387        53.33
       6.395     0.984375        78636        64.00
       6.911     0.985938        78761        71.11
       7.483     0.987500        78886        80.00
       8.115     0.989062        79011        91.43
       8.711     0.990625        79136       106.67
       9.327     0.992188        79263       128.00
       9.655     0.992969        79324       142.22
       9.999     0.993750        79386       160.00
      10.375     0.994531        79448       182.86
      10.863     0.995313        79510       213.33
      11.367     0.996094        79574       256.00
      11.639     0.996484        79604       284.44
      11.951     0.996875        79635       320.00
      12.367     0.997266        79667       365.71
      12.647     0.997656        79697       426.67
      12.999     0.998047        79728       512.00
      13.231     0.998242        79745       568.89
      13.583     0.998437        79760       640.00
      13.959     0.998633        79775       731.43
      14.351     0.998828        79791       853.33
      14.839     0.999023        79806      1024.00
      15.335     0.999121        79814      1137.78
      15.519     0.999219        79823      1280.00
      16.103     0.999316        79830      1462.86
      16.703     0.999414        79838      1706.67
      17.311     0.999512        79846      2048.00
      17.647     0.999561        79849      2275.56
      18.191     0.999609        79853      2560.00
      18.687     0.999658        79857      2925.71
      19.375     0.999707        79861      3413.33
      20.191     0.999756        79865      4096.00
      20.767     0.999780        79867      4551.11
      20.927     0.999805        79869      5120.00
      21.519     0.999829        79871      5851.43
      22.831     0.999854        79873      6826.67
      23.727     0.999878        79875      8192.00
      24.255     0.999890        79876      9102.22
      24.383     0.999902        79877     10240.00
      24.399     0.999915        79878     11702.86
      25.007     0.999927        79879     13653.33
      25.551     0.999939        79880     16384.00
      25.551     0.999945        79880     18204.44
      26.431     0.999951        79881     20480.00
      26.431     0.999957        79881     23405.71
      26.959     0.999963        79882     27306.67
      26.959     0.999969        79882     32768.00
      26.959     0.999973        79882     36408.89
      27.775     0.999976        79883     40960.00
      27.775     0.999979        79883     46811.43
      27.775     0.999982        79883     54613.33
      27.775     0.999985        79883     65536.00
      27.775     0.999986        79883     72817.78
      28.575     0.999988        79884     81920.00
      28.575     1.000000        79884          inf
#[Mean    =        1.661, StdDeviation   =        1.371]
#[Max     =       28.560, Total count    =        79884]
#[Buckets =           27, SubBuckets     =         2048]
----------------------------------------------------------
  79886 requests in 10.00s, 13.33MB read
Requests/sec:   7988.64
Transfer/sec:      1.33MB
