Running 10s test @ http://localhost
  2 threads and 10 connections
  Thread Stats   Avg      Stdev     Max   +/- Stdev
    Latency     1.72ms    1.71ms  24.82ms   95.05%
    Req/Sec       -nan      -nan   0.00      0.00%
  Latency Distribution (HdrHistogram - Recorded Latency)
 50.000%    1.41ms
 75.000%    1.94ms
 90.000%    2.59ms
 99.000%    9.86ms
 99.900%   20.59ms
 99.990%   22.74ms
 99.999%   24.09ms
100.000%   24.83ms

  Detailed Percentile spectrum:
       Value   Percentile   TotalCount 1/(1-Percentile)

       0.091     0.000000            1         1.00
       0.660     0.100000         7994         1.11
       0.871     0.200000        16024         1.25
       1.053     0.300000        23999         1.43
       1.229     0.400000        31995         1.67
       1.406     0.500000        39992         2.00
       1.497     0.550000        43972         2.22
       1.597     0.600000        47968         2.50
       1.697     0.650000        51953         2.86
       1.811     0.700000        55939         3.33
       1.939     0.750000        59950         4.00
       2.009     0.775000        61930         4.44
       2.089     0.800000        63977         5.00
       2.175     0.825000        65930         5.71
       2.287     0.850000        67935         6.67
       2.419     0.875000        69949         8.00
       2.495     0.887500        70922         8.89
       2.593     0.900000        71933        10.00
       2.713     0.912500        72926        11.43
       2.859     0.925000        73919        13.33
       3.083     0.937500        74921        16.00
       3.223     0.943750        75419        17.78
       3.411     0.950000        75917        20.00
       3.709     0.956250        76413        22.86
       4.107     0.962500        76915        26.67
       4.771     0.968750        77411        32.00
       5.243     0.971875        77663        35.56
       5.831     0.975000        77911        40.00
       6.515     0.978125        78161        45.71
       7.211     0.981250        78412        53.33
       8.031     0.984375        78663        64.00
       8.479     0.985938        78785        71.11
       9.023     0.987500        78912        80.00
       9.487     0.989062        79037        91.43
      10.079     0.990625        79161       106.67
      10.887     0.992188        79284       128.00
      11.279     0.992969        79348       142.22
      11.799     0.993750        79410       160.00
      12.519     0.994531        79472       182.86
      13.383     0.995313        79534       213.33
      14.735     0.996094        79596       256.00
      15.327     0.996484        79628       284.44
      15.967     0.996875        79659       320.00
      16.847     0.997266        79690       365.71
      17.727     0.997656        79721       426.67
      18.431     0.998047        79752       512.00
      18.831     0.998242        79769       568.89
      19.183     0.998437        79785       640.00
      19.599     0.998633        79799       731.43
      20.111     0.998828        79815       853.33
      20.639     0.999023        79831      1024.00
      20.783     0.999121        79838      1137.78
      21.023     0.999219        79846      1280.00
      21.391     0.999316        79854      1462.86
      21.551     0.999414        79862      1706.67
      21.759     0.999512        79869      2048.00
      21.871     0.999561        79873      2275.56
      22.063     0.999609        79878      2560.00
      22.175     0.999658        79881      2925.71
      22.271     0.999707        79885      3413.33
      22.399     0.999756        79891      4096.00
      22.399     0.999780        79891      4551.11
      22.511     0.999805        79893      5120.00
      22.543     0.999829        79895      5851.43
      22.591     0.999854        79897      6826.67
      22.655     0.999878        79899      8192.00
      22.735     0.999890        79900      9102.22
      22.751     0.999902        79901     10240.00
      22.783     0.999915        79902     11702.86
      22.863     0.999927        79903     13653.33
      22.991     0.999939        79904     16384.00
      22.991     0.999945        79904     18204.44
      23.071     0.999951        79905     20480.00
      23.071     0.999957        79905     23405.71
      23.535     0.999963        79906     27306.67
      23.535     0.999969        79906     32768.00
      23.535     0.999973        79906     36408.89
      24.095     0.999976        79907     40960.00
      24.095     0.999979        79907     46811.43
      24.095     0.999982        79907     54613.33
      24.095     0.999985        79907     65536.00
      24.095     0.999986        79907     72817.78
      24.831     0.999988        79908     81920.00
      24.831     1.000000        79908          inf
#[Mean    =        1.724, StdDeviation   =        1.710]
#[Max     =       24.816, Total count    =        79908]
#[Buckets =           27, SubBuckets     =         2048]
----------------------------------------------------------
  79910 requests in 10.00s, 13.34MB read
Requests/sec:   7990.65
Transfer/sec:      1.33MB
