Running 10s test @ http://localhost
  2 threads and 10 connections
  Thread Stats   Avg      Stdev     Max   +/- Stdev
    Latency     1.58ms    1.24ms  16.18ms   93.48%
    Req/Sec       -nan      -nan   0.00      0.00%
  Latency Distribution (HdrHistogram - Recorded Latency)
 50.000%    1.38ms
 75.000%    1.86ms
 90.000%    2.42ms
 99.000%    7.78ms
 99.900%   13.98ms
 99.990%   15.70ms
 99.999%   16.14ms
100.000%   16.19ms

  Detailed Percentile spectrum:
       Value   Percentile   TotalCount 1/(1-Percentile)

       0.115     0.000000            1         1.00
       0.658     0.100000         8007         1.11
       0.871     0.200000        16008         1.25
       1.045     0.300000        23990         1.43
       1.213     0.400000        31984         1.67
       1.378     0.500000        39984         2.00
       1.464     0.550000        43954         2.22
       1.551     0.600000        47992         2.50
       1.645     0.650000        51976         2.86
       1.748     0.700000        55955         3.33
       1.862     0.750000        59954         4.00
       1.927     0.775000        61930         4.44
       1.998     0.800000        63946         5.00
       2.077     0.825000        65953         5.71
       2.169     0.850000        67927         6.67
       2.279     0.875000        69919         8.00
       2.341     0.887500        70929         8.89
       2.417     0.900000        71944        10.00
       2.501     0.912500        72917        11.43
       2.599     0.925000        73922        13.33
       2.731     0.937500        74919        16.00
       2.815     0.943750        75418        17.78
       2.919     0.950000        75919        20.00
       3.049     0.956250        76413        22.86
       3.215     0.962500        76918        26.67
       3.467     0.968750        77414        32.00
       3.659     0.971875        77660        35.56
       3.891     0.975000        77910        40.00
       4.155     0.978125        78160        45.71
       4.631     0.981250        78409        53.33
       5.375     0.984375        78662        64.00
       5.987     0.985938        78786        71.11
       6.627     0.987500        78909        80.00
       7.351     0.989062        79034        91.43
       8.027     0.990625        79159       106.67
       8.823     0.992188        79285       128.00
       9.183     0.992969        79346       142.22
       9.647     0.993750        79408       160.00
      10.111     0.994531        79471       182.86
      10.623     0.995313        79533       213.33
      11.103     0.996094        79595       256.00
      11.431     0.996484        79627       284.44
      11.847     0.996875        79659       320.00
      12.111     0.997266        79689       365.71
      12.527     0.997656        79721       426.67
      12.927     0.998047        79751       512.00
      13.175     0.998242        79767       568.89
      13.367     0.998437        79784       640.00
      13.519     0.998633        79798       731.43
      13.719     0.998828        79814       853.33
      14.031     0.999023        79831      1024.00
      14.183     0.999121        79837      1137.78
      14.287     0.999219        79845      1280.00
      14.455     0.999316        79853      1462.86
      14.647     0.999414        79862      1706.67
      14.743     0.999512        79869      2048.00
      14.791     0.999561        79872      2275.56
      14.831     0.999609        79876      2560.00
      14.927     0.999658        79880      2925.71
      14.975     0.999707        79884      3413.33
      15.183     0.999756        79888      4096.00
      15.319     0.999780        79890      4551.11
      15.343     0.999805        79892      5120.00
      15.431     0.999829        79894      5851.43
      15.559     0.999854        79896      6826.67
      15.663     0.999878        79898      8192.00
      15.703     0.999890        79899      9102.22
      15.783     0.999902        79900     10240.00
      15.791     0.999915        79901     11702.86
      15.991     0.999927        79902     13653.33
      16.007     0.999939        79903     16384.00
      16.007     0.999945        79903     18204.44
      16.127     0.999951        79904     20480.00
      16.127     0.999957        79904     23405.71
      16.143     0.999963        79906     27306.67
      16.143     0.999969        79906     32768.00
      16.143     0.999973        79906     36408.89
      16.143     0.999976        79906     40960.00
      16.143     0.999979        79906     46811.43
      16.143     0.999982        79906     54613.33
      16.143     0.999985        79906     65536.00
      16.143     0.999986        79906     72817.78
      16.191     0.999988        79907     81920.00
      16.191     1.000000        79907          inf
#[Mean    =        1.580, StdDeviation   =        1.241]
#[Max     =       16.184, Total count    =        79907]
#[Buckets =           27, SubBuckets     =         2048]
----------------------------------------------------------
  79909 requests in 10.00s, 13.34MB read
Requests/sec:   7990.79
Transfer/sec:      1.33MB
