Running 10s test @ http://localhost
  2 threads and 10 connections
  Thread Stats   Avg      Stdev     Max   +/- Stdev
    Latency     1.53ms    1.35ms  33.73ms   96.52%
    Req/Sec       -nan      -nan   0.00      0.00%
  Latency Distribution (HdrHistogram - Recorded Latency)
 50.000%    1.36ms
 75.000%    1.82ms
 90.000%    2.30ms
 99.000%    5.67ms
 99.900%   20.99ms
 99.990%   27.15ms
 99.999%   33.25ms
100.000%   33.76ms

  Detailed Percentile spectrum:
       Value   Percentile   TotalCount 1/(1-Percentile)

       0.118     0.000000            2         1.00
       0.658     0.100000         8015         1.11
       0.860     0.200000        15994         1.25
       1.034     0.300000        24008         1.43
       1.200     0.400000        32001         1.67
       1.360     0.500000        39972         2.00
       1.441     0.550000        44004         2.22
       1.523     0.600000        47962         2.50
       1.612     0.650000        51967         2.86
       1.710     0.700000        55961         3.33
       1.815     0.750000        59959         4.00
       1.875     0.775000        61953         4.44
       1.937     0.800000        63930         5.00
       2.005     0.825000        65931         5.71
       2.087     0.850000        67932         6.67
       2.183     0.875000        69935         8.00
       2.237     0.887500        70927         8.89
       2.297     0.900000        71937        10.00
       2.361     0.912500        72922        11.43
       2.439     0.925000        73913        13.33
       2.535     0.937500        74929        16.00
       2.593     0.943750        75418        17.78
       2.663     0.950000        75913        20.00
       2.739     0.956250        76416        22.86
       2.833     0.962500        76912        26.67
       2.965     0.968750        77410        32.00
       3.053     0.971875        77660        35.56
       3.183     0.975000        77910        40.00
       3.353     0.978125        78159        45.71
       3.669     0.981250        78409        53.33
       4.123     0.984375        78661        64.00
       4.463     0.985938        78783        71.11
       4.835     0.987500        78907        80.00
       5.395     0.989062        79032        91.43
       5.947     0.990625        79156       106.67
       6.723     0.992188        79281       128.00
       7.251     0.992969        79344       142.22
       7.855     0.993750        79406       160.00
       8.455     0.994531        79469       182.86
       9.463     0.995313        79531       213.33
      11.535     0.996094        79593       256.00
      12.679     0.996484        79625       284.44
      13.591     0.996875        79656       320.00
      14.767     0.997266        79687       365.71
      16.207     0.997656        79718       426.67
      17.359     0.998047        79749       512.00
      18.175     0.998242        79765       568.89
      18.767     0.998437        79781       640.00
      19.375     0.998633        79796       731.43
      20.255     0.998828        79812       853.33
      21.087     0.999023        79827      1024.00
      21.647     0.999121        79835      1137.78
      22.175     0.999219        79843      1280.00
      22.431     0.999316        79852      1462.86
      22.783     0.999414        79859      1706.67
      23.551     0.999512        79866      2048.00
      23.599     0.999561        79870      2275.56
      23.727     0.999609        79874      2560.00
      24.351     0.999658        79878      2925.71
      24.671     0.999707        79882      3413.33
      25.311     0.999756        79886      4096.00
      25.471     0.999780        79888      4551.11
      26.063     0.999805        79890      5120.00
      26.207     0.999829        79892      5851.43
      26.479     0.999854        79894      6826.67
      27.151     0.999878        79897      8192.00
      27.151     0.999890        79897      9102.22
      28.047     0.999902        79898     10240.00
      28.959     0.999915        79899     11702.86
      29.743     0.999927        79900     13653.33
      30.575     0.999939        79901     16384.00
      30.575     0.999945        79901     18204.44
      31.375     0.999951        79902     20480.00
      31.375     0.999957        79902     23405.71
      32.335     0.999963        79903     27306.67
      32.335     0.999969        79903     32768.00
      32.335     0.999973        79903     36408.89
      33.247     0.999976        79904     40960.00
      33.247     0.999979        79904     46811.43
      33.247     0.999982        79904     54613.33
      33.247     0.999985        79904     65536.00
      33.247     0.999986        79904     72817.78
      33.759     0.999988        79905     81920.00
      33.759     1.000000        79905          inf
#[Mean    =        1.530, StdDeviation   =        1.354]
#[Max     =       33.728, Total count    =        79905]
#[Buckets =           27, SubBuckets     =         2048]
----------------------------------------------------------
  79913 requests in 10.00s, 13.34MB read
Requests/sec:   7991.12
Transfer/sec:      1.33MB
