Running 10s test @ http://localhost
  2 threads and 10 connections
  Thread Stats   Avg      Stdev     Max   +/- Stdev
    Latency     2.97ms    3.08ms  33.60ms   89.63%
    Req/Sec       -nan      -nan   0.00      0.00%
  Latency Distribution (HdrHistogram - Recorded Latency)
 50.000%    1.94ms
 75.000%    3.60ms
 90.000%    6.17ms
 99.000%   16.70ms
 99.900%   25.98ms
 99.990%   31.60ms
 99.999%   33.12ms
100.000%   33.63ms

  Detailed Percentile spectrum:
       Value   Percentile   TotalCount 1/(1-Percentile)

       0.133     0.000000            1         1.00
       0.798     0.100000         7995         1.11
       1.081     0.200000        15990         1.25
       1.338     0.300000        23975         1.43
       1.614     0.400000        31978         1.67
       1.944     0.500000        39947         2.00
       2.147     0.550000        43942         2.22
       2.395     0.600000        47962         2.50
       2.705     0.650000        51958         2.86
       3.107     0.700000        55936         3.33
       3.603     0.750000        59927         4.00
       3.891     0.775000        61921         4.44
       4.203     0.800000        63930         5.00
       4.559     0.825000        65930         5.71
       4.979     0.850000        67927         6.67
       5.503     0.875000        69912         8.00
       5.811     0.887500        70913         8.89
       6.167     0.900000        71910        10.00
       6.583     0.912500        72902        11.43
       7.091     0.925000        73905        13.33
       7.667     0.937500        74898        16.00
       8.035     0.943750        75399        17.78
       8.471     0.950000        75895        20.00
       9.007     0.956250        76402        22.86
       9.679     0.962500        76899        26.67
      10.519     0.968750        77397        32.00
      11.063     0.971875        77643        35.56
      11.703     0.975000        77895        40.00
      12.447     0.978125        78142        45.71
      13.359     0.981250        78392        53.33
      14.287     0.984375        78642        64.00
      14.823     0.985938        78767        71.11
      15.391     0.987500        78892        80.00
      16.151     0.989062        79016        91.43
      17.119     0.990625        79141       106.67
      18.223     0.992188        79269       128.00
      18.687     0.992969        79329       142.22
      19.247     0.993750        79393       160.00
      19.711     0.994531        79453       182.86
      20.399     0.995313        79516       213.33
      21.055     0.996094        79579       256.00
      21.439     0.996484        79609       284.44
      21.935     0.996875        79640       320.00
      22.463     0.997266        79671       365.71
      23.183     0.997656        79702       426.67
      23.887     0.998047        79734       512.00
      24.255     0.998242        79750       568.89
      24.623     0.998437        79765       640.00
      24.991     0.998633        79780       731.43
      25.567     0.998828        79796       853.33
      26.063     0.999023        79812      1024.00
      26.399     0.999121        79819      1137.78
      26.767     0.999219        79827      1280.00
      27.103     0.999316        79835      1462.86
      27.727     0.999414        79843      1706.67
      28.239     0.999512        79850      2048.00
      28.399     0.999561        79854      2275.56
      28.847     0.999609        79858      2560.00
      29.167     0.999658        79863      2925.71
      29.615     0.999707        79866      3413.33
      30.207     0.999756        79870      4096.00
      30.303     0.999780        79872      4551.11
      30.415     0.999805        79874      5120.00
      30.895     0.999829        79876      5851.43
      31.119     0.999854        79878      6826.67
      31.471     0.999878        79880      8192.00
      31.599     0.999890        79881      9102.22
      31.839     0.999902        79882     10240.00
      32.159     0.999915        79883     11702.86
      32.415     0.999927        79884     13653.33
      32.639     0.999939        79885     16384.00
      32.639     0.999945        79885     18204.44
      32.719     0.999951        79886     20480.00
      32.719     0.999957        79886     23405.71
      32.799     0.999963        79887     27306.67
      32.799     0.999969        79887     32768.00
      32.799     0.999973        79887     36408.89
      33.119     0.999976        79888     40960.00
      33.119     0.999979        79888     46811.43
      33.119     0.999982        79888     54613.33
      33.119     0.999985        79888     65536.00
      33.119     0.999986        79888     72817.78
      33.631     0.999988        79889     81920.00
      33.631     1.000000        79889          inf
#[Mean    =        2.974, StdDeviation   =        3.083]
#[Max     =       33.600, Total count    =        79889]
#[Buckets =           27, SubBuckets     =         2048]
----------------------------------------------------------
  79896 requests in 10.00s, 13.33MB read
Requests/sec:   7987.75
Transfer/sec:      1.33MB
