Running 10s test @ http://localhost
  2 threads and 10 connections
  Thread Stats   Avg      Stdev     Max   +/- Stdev
    Latency     1.53ms    1.16ms  19.31ms   93.02%
    Req/Sec       -nan      -nan   0.00      0.00%
  Latency Distribution (HdrHistogram - Recorded Latency)
 50.000%    1.36ms
 75.000%    1.83ms
 90.000%    2.35ms
 99.000%    6.52ms
 99.900%   14.41ms
 99.990%   16.13ms
 99.999%   18.54ms
100.000%   19.33ms

  Detailed Percentile spectrum:
       Value   Percentile   TotalCount 1/(1-Percentile)

       0.118     0.000000            1         1.00
       0.657     0.100000         7995         1.11
       0.869     0.200000        15985         1.25
       1.044     0.300000        23990         1.43
       1.205     0.400000        31996         1.67
       1.363     0.500000        39998         2.00
       1.443     0.550000        43977         2.22
       1.529     0.600000        47975         2.50
       1.621     0.650000        51963         2.86
       1.719     0.700000        55940         3.33
       1.832     0.750000        59941         4.00
       1.895     0.775000        61951         4.44
       1.963     0.800000        63934         5.00
       2.040     0.825000        65927         5.71
       2.127     0.850000        67939         6.67
       2.225     0.875000        69936         8.00
       2.283     0.887500        70950         8.89
       2.345     0.900000        71917        10.00
       2.419     0.912500        72926        11.43
       2.499     0.925000        73920        13.33
       2.599     0.937500        74917        16.00
       2.663     0.943750        75431        17.78
       2.735     0.950000        75912        20.00
       2.819     0.956250        76414        22.86
       2.929     0.962500        76913        26.67
       3.079     0.968750        77413        32.00
       3.189     0.971875        77659        35.56
       3.331     0.975000        77908        40.00
       3.541     0.978125        78158        45.71
       3.867     0.981250        78409        53.33
       4.347     0.984375        78657        64.00
       4.679     0.985938        78785        71.11
       5.167     0.987500        78907        80.00
       5.967     0.989062        79032        91.43
       6.871     0.990625        79156       106.67
       7.703     0.992188        79281       128.00
       8.111     0.992969        79344       142.22
       8.751     0.993750        79406       160.00
       9.327     0.994531        79469       182.86
      10.023     0.995313        79532       213.33
      10.719     0.996094        79593       256.00
      11.191     0.996484        79626       284.44
      11.751     0.996875        79656       320.00
      12.199     0.997266        79687       365.71
      12.743     0.997656        79718       426.67
      13.191     0.998047        79749       512.00
      13.447     0.998242        79765       568.89
      13.767     0.998437        79782       640.00
      13.935     0.998633        79796       731.43
      14.231     0.998828        79812       853.33
      14.455     0.999023        79827      1024.00
      14.599     0.999121        79836      1137.78
      14.743     0.999219        79843      1280.00
      14.991     0.999316        79851      1462.86
      15.207     0.999414        79859      1706.67
      15.271     0.999512        79866      2048.00
      15.399     0.999561        79870      2275.56
      15.439     0.999609        79874      2560.00
      15.607     0.999658        79879      2925.71
      15.679     0.999707        79882      3413.33
      15.759     0.999756        79887      4096.00
      15.775     0.999780        79888      4551.11
      15.807     0.999805        79890      5120.00
      15.983     0.999829        79892      5851.43
      15.999     0.999854        79894      6826.67
      16.055     0.999878        79896      8192.00
      16.127     0.999890        79898      9102.22
      16.127     0.999902        79898     10240.00
      16.223     0.999915        79899     11702.86
      16.527     0.999927        79900     13653.33
      17.343     0.999939        79901     16384.00
      17.343     0.999945        79901     18204.44
      17.919     0.999951        79902     20480.00
      17.919     0.999957        79902     23405.71
      18.543     0.999963        79904     27306.67
      18.543     0.999969        79904     32768.00
      18.543     0.999973        79904     36408.89
      18.543     0.999976        79904     40960.00
      18.543     0.999979        79904     46811.43
      18.543     0.999982        79904     54613.33
      18.543     0.999985        79904     65536.00
      18.543     0.999986        79904     72817.78
      19.327     0.999988        79905     81920.00
      19.327     1.000000        79905          inf
#[Mean    =        1.534, StdDeviation   =        1.159]
#[Max     =       19.312, Total count    =        79905]
#[Buckets =           27, SubBuckets     =         2048]
----------------------------------------------------------
  79908 requests in 10.00s, 13.34MB read
Requests/sec:   7991.15
Transfer/sec:      1.33MB
