Running 10s test @ http://localhost
  2 threads and 10 connections
  Thread Stats   Avg      Stdev     Max   +/- Stdev
    Latency     1.52ms    0.93ms  13.95ms   84.64%
    Req/Sec       -nan      -nan   0.00      0.00%
  Latency Distribution (HdrHistogram - Recorded Latency)
 50.000%    1.38ms
 75.000%    1.84ms
 90.000%    2.37ms
 99.000%    5.14ms
 99.900%   10.45ms
 99.990%   12.76ms
 99.999%   13.12ms
100.000%   13.96ms

  Detailed Percentile spectrum:
       Value   Percentile   TotalCount 1/(1-Percentile)

       0.124     0.000000            1         1.00
       0.673     0.100000         8021         1.11
       0.883     0.200000        15998         1.25
       1.057     0.300000        24014         1.43
       1.217     0.400000        31990         1.67
       1.377     0.500000        39991         2.00
       1.456     0.550000        43965         2.22
       1.540     0.600000        47990         2.50
       1.630     0.650000        51958         2.86
       1.730     0.700000        55955         3.33
       1.841     0.750000        59936         4.00
       1.907     0.775000        61940         4.44
       1.980     0.800000        63949         5.00
       2.061     0.825000        65961         5.71
       2.149     0.850000        67948         6.67
       2.251     0.875000        69961         8.00
       2.307     0.887500        70927         8.89
       2.371     0.900000        71942        10.00
       2.443     0.912500        72941        11.43
       2.527     0.925000        73933        13.33
       2.625     0.937500        74928        16.00
       2.691     0.943750        75439        17.78
       2.761     0.950000        75920        20.00
       2.853     0.956250        76425        22.86
       2.975     0.962500        76923        26.67
       3.141     0.968750        77424        32.00
       3.253     0.971875        77667        35.56
       3.391     0.975000        77920        40.00
       3.563     0.978125        78168        45.71
       3.813     0.981250        78416        53.33
       4.139     0.984375        78668        64.00
       4.387     0.985938        78793        71.11
       4.663     0.987500        78918        80.00
       4.963     0.989062        79040        91.43
       5.287     0.990625        79166       106.67
       5.799     0.992188        79290       128.00
       6.115     0.992969        79353       142.22
       6.459     0.993750        79415       160.00
       6.767     0.994531        79477       182.86
       7.131     0.995313        79540       213.33
       7.559     0.996094        79603       256.00
       7.839     0.996484        79634       284.44
       8.171     0.996875        79666       320.00
       8.431     0.997266        79696       365.71
       8.823     0.997656        79727       426.67
       9.223     0.998047        79758       512.00
       9.407     0.998242        79775       568.89
       9.639     0.998437        79790       640.00
       9.911     0.998633        79805       731.43
      10.103     0.998828        79821       853.33
      10.543     0.999023        79836      1024.00
      10.727     0.999121        79844      1137.78
      10.863     0.999219        79852      1280.00
      10.951     0.999316        79860      1462.86
      11.271     0.999414        79868      1706.67
      11.551     0.999512        79875      2048.00
      11.615     0.999561        79880      2275.56
      11.663     0.999609        79884      2560.00
      11.695     0.999658        79887      2925.71
      11.783     0.999707        79892      3413.33
      11.863     0.999756        79895      4096.00
      12.279     0.999780        79897      4551.11
      12.367     0.999805        79899      5120.00
      12.543     0.999829        79901      5851.43
      12.591     0.999854        79903      6826.67
      12.623     0.999878        79905      8192.00
      12.759     0.999890        79906      9102.22
      12.815     0.999902        79907     10240.00
      12.847     0.999915        79909     11702.86
      12.847     0.999927        79909     13653.33
      12.855     0.999939        79910     16384.00
      12.855     0.999945        79910     18204.44
      12.959     0.999951        79911     20480.00
      12.959     0.999957        79911     23405.71
      12.967     0.999963        79912     27306.67
      12.967     0.999969        79912     32768.00
      12.967     0.999973        79912     36408.89
      13.119     0.999976        79913     40960.00
      13.119     0.999979        79913     46811.43
      13.119     0.999982        79913     54613.33
      13.119     0.999985        79913     65536.00
      13.119     0.999986        79913     72817.78
      13.959     0.999988        79914     81920.00
      13.959     1.000000        79914          inf
#[Mean    =        1.517, StdDeviation   =        0.930]
#[Max     =       13.952, Total count    =        79914]
#[Buckets =           27, SubBuckets     =         2048]
----------------------------------------------------------
  79917 requests in 10.00s, 13.34MB read
Requests/sec:   7990.70
Transfer/sec:      1.33MB
