Running 10s test @ http://localhost
  2 threads and 10 connections
  Thread Stats   Avg      Stdev     Max   +/- Stdev
    Latency     1.57ms    1.15ms  28.43ms   91.21%
    Req/Sec       -nan      -nan   0.00      0.00%
  Latency Distribution (HdrHistogram - Recorded Latency)
 50.000%    1.38ms
 75.000%    1.89ms
 90.000%    2.44ms
 99.000%    6.21ms
 99.900%   13.43ms
 99.990%   24.86ms
 99.999%   27.74ms
100.000%   28.45ms

  Detailed Percentile spectrum:
       Value   Percentile   TotalCount 1/(1-Percentile)

       0.100     0.000000            1         1.00
       0.653     0.100000         8018         1.11
       0.863     0.200000        16012         1.25
       1.043     0.300000        24014         1.43
       1.214     0.400000        31993         1.67
       1.385     0.500000        39960         2.00
       1.476     0.550000        43978         2.22
       1.571     0.600000        47950         2.50
       1.672     0.650000        51958         2.86
       1.776     0.700000        55939         3.33
       1.892     0.750000        59954         4.00
       1.957     0.775000        61943         4.44
       2.027     0.800000        63942         5.00
       2.103     0.825000        65928         5.71
       2.195     0.850000        67940         6.67
       2.301     0.875000        69933         8.00
       2.367     0.887500        70937         8.89
       2.441     0.900000        71920        10.00
       2.531     0.912500        72922        11.43
       2.635     0.925000        73914        13.33
       2.767     0.937500        74924        16.00
       2.847     0.943750        75420        17.78
       2.943     0.950000        75916        20.00
       3.061     0.956250        76420        22.86
       3.229     0.962500        76916        26.67
       3.465     0.968750        77411        32.00
       3.611     0.971875        77660        35.56
       3.803     0.975000        77913        40.00
       4.057     0.978125        78161        45.71
       4.375     0.981250        78410        53.33
       4.839     0.984375        78659        64.00
       5.159     0.985938        78784        71.11
       5.491     0.987500        78913        80.00
       5.919     0.989062        79034        91.43
       6.427     0.990625        79158       106.67
       7.163     0.992188        79283       128.00
       7.567     0.992969        79346       142.22
       8.003     0.993750        79411       160.00
       8.479     0.994531        79471       182.86
       8.991     0.995313        79533       213.33
       9.535     0.996094        79595       256.00
       9.831     0.996484        79627       284.44
      10.239     0.996875        79658       320.00
      10.583     0.997266        79689       365.71
      10.959     0.997656        79721       426.67
      11.479     0.998047        79752       512.00
      11.775     0.998242        79767       568.89
      12.167     0.998437        79783       640.00
      12.503     0.998633        79798       731.43
      12.895     0.998828        79814       853.33
      13.471     0.999023        79829      1024.00
      13.663     0.999121        79837      1137.78
      13.895     0.999219        79845      1280.00
      14.103     0.999316        79853      1462.86
      14.327     0.999414        79861      1706.67
      14.655     0.999512        79868      2048.00
      14.823     0.999561        79872      2275.56
      14.911     0.999609        79876      2560.00
      15.263     0.999658        79880      2925.71
      15.487     0.999707        79884      3413.33
      17.055     0.999756        79888      4096.00
      18.735     0.999780        79890      4551.11
      19.935     0.999805        79892      5120.00
      21.055     0.999829        79894      5851.43
      22.991     0.999854        79896      6826.67
      24.655     0.999878        79898      8192.00
      24.863     0.999890        79899      9102.22
      25.023     0.999902        79900     10240.00
      25.663     0.999915        79901     11702.86
      25.839     0.999927        79902     13653.33
      26.367     0.999939        79903     16384.00
      26.367     0.999945        79903     18204.44
      26.591     0.999951        79904     20480.00
      26.591     0.999957        79904     23405.71
      27.215     0.999963        79905     27306.67
      27.215     0.999969        79905     32768.00
      27.215     0.999973        79905     36408.89
      27.743     0.999976        79906     40960.00
      27.743     0.999979        79906     46811.43
      27.743     0.999982        79906     54613.33
      27.743     0.999985        79906     65536.00
      27.743     0.999986        79906     72817.78
      28.447     0.999988        79907     81920.00
      28.447     1.000000        79907          inf
#[Mean    =        1.570, StdDeviation   =        1.154]
#[Max     =       28.432, Total count    =        79907]
#[Buckets =           27, SubBuckets     =         2048]
----------------------------------------------------------
  79912 requests in 10.00s, 13.34MB read
Requests/sec:   7991.04
Transfer/sec:      1.33MB
