Running 10s test @ http://localhost
  2 threads and 10 connections
  Thread Stats   Avg      Stdev     Max   +/- Stdev
    Latency     1.70ms    1.55ms  22.64ms   95.07%
    Req/Sec       -nan      -nan   0.00      0.00%
  Latency Distribution (HdrHistogram - Recorded Latency)
 50.000%    1.41ms
 75.000%    1.93ms
 90.000%    2.56ms
 99.000%   10.06ms
 99.900%   16.90ms
 99.990%   20.46ms
 99.999%   22.13ms
100.000%   22.66ms

  Detailed Percentile spectrum:
       Value   Percentile   TotalCount 1/(1-Percentile)

       0.105     0.000000            1         1.00
       0.677     0.100000         8012         1.11
       0.891     0.200000        16002         1.25
       1.071     0.300000        23980         1.43
       1.242     0.400000        31965         1.67
       1.411     0.500000        39991         2.00
       1.500     0.550000        43985         2.22
       1.593     0.600000        47962         2.50
       1.695     0.650000        51974         2.86
       1.808     0.700000        55942         3.33
       1.933     0.750000        59942         4.00
       2.005     0.775000        61941         4.44
       2.083     0.800000        63959         5.00
       2.171     0.825000        65926         5.71
       2.275     0.850000        67958         6.67
       2.395     0.875000        69947         8.00
       2.469     0.887500        70957         8.89
       2.555     0.900000        71925        10.00
       2.655     0.912500        72939        11.43
       2.785     0.925000        73921        13.33
       2.961     0.937500        74920        16.00
       3.083     0.943750        75416        17.78
       3.227     0.950000        75916        20.00
       3.419     0.956250        76414        22.86
       3.687     0.962500        76914        26.67
       4.151     0.968750        77417        32.00
       4.495     0.971875        77667        35.56
       4.943     0.975000        77913        40.00
       5.667     0.978125        78162        45.71
       6.555     0.981250        78412        53.33
       7.779     0.984375        78662        64.00
       8.343     0.985938        78789        71.11
       9.007     0.987500        78914        80.00
       9.647     0.989062        79036        91.43
      10.287     0.990625        79163       106.67
      10.967     0.992188        79286       128.00
      11.319     0.992969        79349       142.22
      11.735     0.993750        79411       160.00
      12.311     0.994531        79473       182.86
      12.871     0.995313        79536       213.33
      13.431     0.996094        79598       256.00
      13.743     0.996484        79630       284.44
      13.951     0.996875        79662       320.00
      14.415     0.997266        79694       365.71
      14.743     0.997656        79723       426.67
      15.207     0.998047        79754       512.00
      15.567     0.998242        79770       568.89
      15.815     0.998437        79786       640.00
      16.039     0.998633        79801       731.43
      16.495     0.998828        79817       853.33
      17.007     0.999023        79832      1024.00
      17.151     0.999121        79840      1137.78
      17.567     0.999219        79848      1280.00
      17.759     0.999316        79856      1462.86
      18.047     0.999414        79864      1706.67
      18.511     0.999512        79871      2048.00
      18.591     0.999561        79875      2275.56
      18.655     0.999609        79879      2560.00
      18.959     0.999658        79883      2925.71
      19.279     0.999707        79888      3413.33
      19.631     0.999756        79891      4096.00
      19.839     0.999780        79894      4551.11
      19.903     0.999805        79896      5120.00
      19.983     0.999829        79897      5851.43
      20.127     0.999854        79899      6826.67
      20.335     0.999878        79901      8192.00
      20.463     0.999890        79902      9102.22
      20.815     0.999902        79903     10240.00
      20.879     0.999915        79904     11702.86
      20.959     0.999927        79905     13653.33
      21.119     0.999939        79906     16384.00
      21.119     0.999945        79906     18204.44
      21.455     0.999951        79907     20480.00
      21.455     0.999957        79907     23405.71
      21.823     0.999963        79908     27306.67
      21.823     0.999969        79908     32768.00
      21.823     0.999973        79908     36408.89
      22.127     0.999976        79909     40960.00
      22.127     0.999979        79909     46811.43
      22.127     0.999982        79909     54613.33
      22.127     0.999985        79909     65536.00
      22.127     0.999986        79909     72817.78
      22.655     0.999988        79910     81920.00
      22.655     1.000000        79910          inf
#[Mean    =        1.696, StdDeviation   =        1.555]
#[Max     =       22.640, Total count    =        79910]
#[Buckets =           27, SubBuckets     =         2048]
----------------------------------------------------------
  79918 requests in 10.00s, 13.34MB read
Requests/sec:   7991.07
Transfer/sec:      1.33MB
