Running 10s test @ http://localhost
  2 threads and 10 connections
  Thread Stats   Avg      Stdev     Max   +/- Stdev
    Latency     1.52ms    1.25ms  22.64ms   95.79%
    Req/Sec       -nan      -nan   0.00      0.00%
  Latency Distribution (HdrHistogram - Recorded Latency)
 50.000%    1.35ms
 75.000%    1.82ms
 90.000%    2.28ms
 99.000%    6.14ms
 99.900%   16.99ms
 99.990%   21.31ms
 99.999%   22.08ms
100.000%   22.66ms

  Detailed Percentile spectrum:
       Value   Percentile   TotalCount 1/(1-Percentile)

       0.116     0.000000            1         1.00
       0.641     0.100000         7995         1.11
       0.851     0.200000        15987         1.25
       1.025     0.300000        23975         1.43
       1.190     0.400000        31998         1.67
       1.350     0.500000        39993         2.00
       1.434     0.550000        43979         2.22
       1.521     0.600000        47977         2.50
       1.614     0.650000        51957         2.86
       1.713     0.700000        55950         3.33
       1.820     0.750000        59956         4.00
       1.877     0.775000        61936         4.44
       1.943     0.800000        63950         5.00
       2.012     0.825000        65933         5.71
       2.091     0.850000        67958         6.67
       2.179     0.875000        69960         8.00
       2.227     0.887500        70945         8.89
       2.279     0.900000        71931        10.00
       2.343     0.912500        72924        11.43
       2.419     0.925000        73942        13.33
       2.505     0.937500        74920        16.00
       2.559     0.943750        75430        17.78
       2.623     0.950000        75932        20.00
       2.693     0.956250        76425        22.86
       2.785     0.962500        76919        26.67
       2.911     0.968750        77417        32.00
       2.983     0.971875        77672        35.56
       3.079     0.975000        77919        40.00
       3.219     0.978125        78168        45.71
       3.475     0.981250        78417        53.33
       3.929     0.984375        78666        64.00
       4.359     0.985938        78790        71.11
       4.867     0.987500        78915        80.00
       5.659     0.989062        79039        91.43
       6.639     0.990625        79164       106.67
       7.535     0.992188        79289       128.00
       8.143     0.992969        79352       142.22
       8.959     0.993750        79414       160.00
       9.855     0.994531        79476       182.86
      10.663     0.995313        79539       213.33
      12.039     0.996094        79601       256.00
      12.775     0.996484        79633       284.44
      13.335     0.996875        79664       320.00
      14.031     0.997266        79695       365.71
      14.783     0.997656        79726       426.67
      15.399     0.998047        79757       512.00
      15.727     0.998242        79773       568.89
      15.975     0.998437        79789       640.00
      16.223     0.998633        79804       731.43
      16.671     0.998828        79820       853.33
      17.039     0.999023        79835      1024.00
      17.199     0.999121        79844      1137.78
      17.279     0.999219        79851      1280.00
      17.727     0.999316        79860      1462.86
      17.919     0.999414        79867      1706.67
      18.335     0.999512        79874      2048.00
      18.463     0.999561        79879      2275.56
      18.591     0.999609        79882      2560.00
      18.815     0.999658        79886      2925.71
      19.071     0.999707        79890      3413.33
      19.599     0.999756        79894      4096.00
      19.807     0.999780        79896      4551.11
      20.079     0.999805        79898      5120.00
      20.271     0.999829        79900      5851.43
      20.815     0.999854        79902      6826.67
      21.087     0.999878        79904      8192.00
      21.311     0.999890        79905      9102.22
      21.631     0.999902        79906     10240.00
      21.759     0.999915        79908     11702.86
      21.759     0.999927        79908     13653.33
      21.807     0.999939        79909     16384.00
      21.807     0.999945        79909     18204.44
      21.839     0.999951        79910     20480.00
      21.839     0.999957        79910     23405.71
      22.015     0.999963        79911     27306.67
      22.015     0.999969        79911     32768.00
      22.015     0.999973        79911     36408.89
      22.079     0.999976        79912     40960.00
      22.079     0.999979        79912     46811.43
      22.079     0.999982        79912     54613.33
      22.079     0.999985        79912     65536.00
      22.079     0.999986        79912     72817.78
      22.655     0.999988        79913     81920.00
      22.655     1.000000        79913          inf
#[Mean    =        1.516, StdDeviation   =        1.250]
#[Max     =       22.640, Total count    =        79913]
#[Buckets =           27, SubBuckets     =         2048]
----------------------------------------------------------
  79915 requests in 10.00s, 13.34MB read
Requests/sec:   7991.68
Transfer/sec:      1.33MB
