Running 10s test @ http://localhost
  2 threads and 10 connections
  Thread Stats   Avg      Stdev     Max   +/- Stdev
    Latency     2.19ms    1.84ms  24.83ms   87.72%
    Req/Sec       -nan      -nan   0.00      0.00%
  Latency Distribution (HdrHistogram - Recorded Latency)
 50.000%    1.65ms
 75.000%    2.56ms
 90.000%    4.33ms
 99.000%    9.82ms
 99.900%   15.69ms
 99.990%   19.84ms
 99.999%   24.30ms
100.000%   24.85ms

  Detailed Percentile spectrum:
       Value   Percentile   TotalCount 1/(1-Percentile)

       0.140     0.000000            1         1.00
       0.751     0.100000         8024         1.11
       0.994     0.200000        15991         1.25
       1.212     0.300000        23977         1.43
       1.421     0.400000        31967         1.67
       1.646     0.500000        39963         2.00
       1.777     0.550000        43961         2.22
       1.922     0.600000        47968         2.50
       2.091     0.650000        51963         2.86
       2.301     0.700000        55954         3.33
       2.563     0.750000        59937         4.00
       2.729     0.775000        61942         4.44
       2.937     0.800000        63929         5.00
       3.195     0.825000        65944         5.71
       3.495     0.850000        67926         6.67
       3.877     0.875000        69927         8.00
       4.081     0.887500        70928         8.89
       4.327     0.900000        71923        10.00
       4.575     0.912500        72926        11.43
       4.863     0.925000        73918        13.33
       5.203     0.937500        74917        16.00
       5.399     0.943750        75418        17.78
       5.615     0.950000        75917        20.00
       5.867     0.956250        76420        22.86
       6.175     0.962500        76916        26.67
       6.607     0.968750        77415        32.00
       6.871     0.971875        77664        35.56
       7.191     0.975000        77915        40.00
       7.539     0.978125        78163        45.71
       7.995     0.981250        78413        53.33
       8.559     0.984375        78667        64.00
       8.871     0.985938        78789        71.11
       9.223     0.987500        78915        80.00
       9.623     0.989062        79039        91.43
       9.999     0.990625        79162       106.67
      10.511     0.992188        79287       128.00
      10.783     0.992969        79350       142.22
      11.159     0.993750        79412       160.00
      11.519     0.994531        79474       182.86
      11.975     0.995313        79539       213.33
      12.471     0.996094        79601       256.00
      12.735     0.996484        79631       284.44
      13.151     0.996875        79662       320.00
      13.511     0.997266        79695       365.71
      13.783     0.997656        79724       426.67
      14.247     0.998047        79755       512.00
      14.399     0.998242        79771       568.89
      14.679     0.998437        79787       640.00
      14.903     0.998633        79803       731.43
      15.175     0.998828        79818       853.33
      15.839     0.999023        79833      1024.00
      16.015     0.999121        79841      1137.78
      16.359     0.999219        79849      1280.00
      16.575     0.999316        79857      1462.86
      16.991     0.999414        79865      1706.67
      17.359     0.999512        79872      2048.00
      17.631     0.999561        79876      2275.56
      17.791     0.999609        79881      2560.00
      17.871     0.999658        79885      2925.71
      18.015     0.999707        79889      3413.33
      18.175     0.999756        79892      4096.00
      18.447     0.999780        79894      4551.11
      18.767     0.999805        79896      5120.00
      18.975     0.999829        79898      5851.43
      19.151     0.999854        79900      6826.67
      19.455     0.999878        79902      8192.00
      19.839     0.999890        79903      9102.22
      19.871     0.999902        79904     10240.00
      20.735     0.999915        79905     11702.86
      21.327     0.999927        79906     13653.33
      22.271     0.999939        79907     16384.00
      22.271     0.999945        79907     18204.44
      23.167     0.999951        79908     20480.00
      23.167     0.999957        79908     23405.71
      23.855     0.999963        79909     27306.67
      23.855     0.999969        79909     32768.00
      23.855     0.999973        79909     36408.89
      24.303     0.999976        79910     40960.00
      24.303     0.999979        79910     46811.43
      24.303     0.999982        79910     54613.33
      24.303     0.999985        79910     65536.00
      24.303     0.999986        79910     72817.78
      24.847     0.999988        79911     81920.00
      24.847     1.000000        79911          inf
#[Mean    =        2.190, StdDeviation   =        1.840]
#[Max     =       24.832, Total count    =        79911]
#[Buckets =           27, SubBuckets     =         2048]
----------------------------------------------------------
  79920 requests in 10.00s, 13.34MB read
Requests/sec:   7990.34
Transfer/sec:      1.33MB
