Running 10s test @ http://localhost
  2 threads and 10 connections
  Thread Stats   Avg      Stdev     Max   +/- Stdev
    Latency     3.06ms    5.04ms  67.84ms   94.75%
    Req/Sec       -nan      -nan   0.00      0.00%
  Latency Distribution (HdrHistogram - Recorded Latency)
 50.000%    1.78ms
 75.000%    3.07ms
 90.000%    5.48ms
 99.000%   26.83ms
 99.900%   59.04ms
 99.990%   65.86ms
 99.999%   67.07ms
100.000%   67.90ms

  Detailed Percentile spectrum:
       Value   Percentile   TotalCount 1/(1-Percentile)

       0.108     0.000000            1         1.00
       0.780     0.100000         8003         1.11
       1.038     0.200000        15989         1.25
       1.268     0.300000        24004         1.43
       1.506     0.400000        31974         1.67
       1.778     0.500000        39979         2.00
       1.935     0.550000        43953         2.22
       2.117     0.600000        47964         2.50
       2.347     0.650000        51964         2.86
       2.657     0.700000        55957         3.33
       3.069     0.750000        59947         4.00
       3.329     0.775000        61947         4.44
       3.611     0.800000        63936         5.00
       3.969     0.825000        65931         5.71
       4.383     0.850000        67938         6.67
       4.859     0.875000        69934         8.00
       5.143     0.887500        70932         8.89
       5.483     0.900000        71933        10.00
       5.879     0.912500        72924        11.43
       6.427     0.925000        73927        13.33
       7.167     0.937500        74922        16.00
       7.715     0.943750        75419        17.78
       8.391     0.950000        75921        20.00
       9.303     0.956250        76418        22.86
      10.463     0.962500        76918        26.67
      12.119     0.968750        77419        32.00
      13.159     0.971875        77668        35.56
      14.231     0.975000        77916        40.00
      15.599     0.978125        78165        45.71
      17.183     0.981250        78415        53.33
      18.991     0.984375        78666        64.00
      19.983     0.985938        78790        71.11
      21.391     0.987500        78915        80.00
      23.871     0.989062        79039        91.43
      28.991     0.990625        79164       106.67
      35.519     0.992188        79289       128.00
      37.631     0.992969        79352       142.22
      39.583     0.993750        79414       160.00
      41.087     0.994531        79477       182.86
      42.431     0.995313        79539       213.33
      43.935     0.996094        79601       256.00
      44.959     0.996484        79633       284.44
      46.335     0.996875        79664       320.00
      47.967     0.997266        79695       365.71
      49.823     0.997656        79726       426.67
      52.607     0.998047        79758       512.00
      53.727     0.998242        79773       568.89
      55.327     0.998437        79789       640.00
      56.799     0.998633        79804       731.43
      58.047     0.998828        79820       853.33
      59.263     0.999023        79835      1024.00
      59.871     0.999121        79843      1137.78
      60.351     0.999219        79851      1280.00
      61.119     0.999316        79859      1462.86
      62.239     0.999414        79867      1706.67
      62.751     0.999512        79874      2048.00
      62.975     0.999561        79878      2275.56
      63.199     0.999609        79882      2560.00
      63.455     0.999658        79886      2925.71
      64.031     0.999707        79890      3413.33
      64.223     0.999756        79894      4096.00
      64.447     0.999780        79896      4551.11
      64.831     0.999805        79898      5120.00
      65.119     0.999829        79901      5851.43
      65.247     0.999854        79902      6826.67
      65.503     0.999878        79904      8192.00
      65.855     0.999890        79905      9102.22
      66.047     0.999902        79907     10240.00
      66.047     0.999915        79907     11702.86
      66.303     0.999927        79908     13653.33
      66.367     0.999939        79909     16384.00
      66.367     0.999945        79909     18204.44
      66.751     0.999951        79910     20480.00
      66.751     0.999957        79910     23405.71
      67.007     0.999963        79911     27306.67
      67.007     0.999969        79911     32768.00
      67.007     0.999973        79911     36408.89
      67.071     0.999976        79912     40960.00
      67.071     0.999979        79912     46811.43
      67.071     0.999982        79912     54613.33
      67.071     0.999985        79912     65536.00
      67.071     0.999986        79912     72817.78
      67.903     0.999988        79913     81920.00
      67.903     1.000000        79913          inf
#[Mean    =        3.058, StdDeviation   =        5.040]
#[Max     =       67.840, Total count    =        79913]
#[Buckets =           27, SubBuckets     =         2048]
----------------------------------------------------------
  79917 requests in 10.00s, 13.34MB read
Requests/sec:   7991.77
Transfer/sec:      1.33MB
