Running 10s test @ http://localhost
  2 threads and 10 connections
  Thread Stats   Avg      Stdev     Max   +/- Stdev
    Latency     1.57ms    1.20ms  19.39ms   92.84%
    Req/Sec       -nan      -nan   0.00      0.00%
  Latency Distribution (HdrHistogram - Recorded Latency)
 50.000%    1.37ms
 75.000%    1.86ms
 90.000%    2.40ms
 99.000%    6.56ms
 99.900%   14.56ms
 99.990%   17.45ms
 99.999%   18.78ms
100.000%   19.41ms

  Detailed Percentile spectrum:
       Value   Percentile   TotalCount 1/(1-Percentile)

       0.108     0.000000            2         1.00
       0.659     0.100000         8005         1.11
       0.869     0.200000        16020         1.25
       1.045     0.300000        24009         1.43
       1.212     0.400000        31964         1.67
       1.373     0.500000        39979         2.00
       1.458     0.550000        43982         2.22
       1.547     0.600000        47973         2.50
       1.642     0.650000        51972         2.86
       1.742     0.700000        55966         3.33
       1.858     0.750000        59939         4.00
       1.923     0.775000        61943         4.44
       1.995     0.800000        63935         5.00
       2.075     0.825000        65950         5.71
       2.165     0.850000        67924         6.67
       2.271     0.875000        69920         8.00
       2.335     0.887500        70939         8.89
       2.401     0.900000        71930        10.00
       2.481     0.912500        72932        11.43
       2.581     0.925000        73930        13.33
       2.703     0.937500        74925        16.00
       2.787     0.943750        75418        17.78
       2.883     0.950000        75913        20.00
       3.011     0.956250        76421        22.86
       3.199     0.962500        76909        26.67
       3.485     0.968750        77410        32.00
       3.663     0.971875        77658        35.56
       3.899     0.975000        77908        40.00
       4.239     0.978125        78158        45.71
       4.667     0.981250        78408        53.33
       5.159     0.984375        78659        64.00
       5.447     0.985938        78783        71.11
       5.799     0.987500        78907        80.00
       6.227     0.989062        79033        91.43
       6.851     0.990625        79157       106.67
       7.631     0.992188        79281       128.00
       8.171     0.992969        79345       142.22
       8.695     0.993750        79407       160.00
       9.271     0.994531        79469       182.86
       9.967     0.995313        79532       213.33
      10.567     0.996094        79593       256.00
      11.063     0.996484        79627       284.44
      11.383     0.996875        79656       320.00
      11.775     0.997266        79688       365.71
      12.063     0.997656        79718       426.67
      12.639     0.998047        79750       512.00
      13.031     0.998242        79765       568.89
      13.503     0.998437        79783       640.00
      13.927     0.998633        79796       731.43
      14.271     0.998828        79812       853.33
      14.679     0.999023        79827      1024.00
      14.887     0.999121        79835      1137.78
      15.127     0.999219        79843      1280.00
      15.295     0.999316        79851      1462.86
      15.503     0.999414        79859      1706.67
      15.807     0.999512        79866      2048.00
      15.927     0.999561        79870      2275.56
      15.967     0.999609        79874      2560.00
      16.199     0.999658        79878      2925.71
      16.327     0.999707        79882      3413.33
      16.447     0.999756        79886      4096.00
      16.479     0.999780        79888      4551.11
      16.671     0.999805        79890      5120.00
      16.735     0.999829        79892      5851.43
      16.927     0.999854        79894      6826.67
      17.263     0.999878        79896      8192.00
      17.455     0.999890        79897      9102.22
      17.839     0.999902        79898     10240.00
      17.855     0.999915        79899     11702.86
      17.951     0.999927        79900     13653.33
      18.127     0.999939        79901     16384.00
      18.127     0.999945        79901     18204.44
      18.495     0.999951        79902     20480.00
      18.495     0.999957        79902     23405.71
      18.719     0.999963        79903     27306.67
      18.719     0.999969        79903     32768.00
      18.719     0.999973        79903     36408.89
      18.783     0.999976        79904     40960.00
      18.783     0.999979        79904     46811.43
      18.783     0.999982        79904     54613.33
      18.783     0.999985        79904     65536.00
      18.783     0.999986        79904     72817.78
      19.407     0.999988        79905     81920.00
      19.407     1.000000        79905          inf
#[Mean    =        1.568, StdDeviation   =        1.197]
#[Max     =       19.392, Total count    =        79905]
#[Buckets =           27, SubBuckets     =         2048]
----------------------------------------------------------
  79909 requests in 10.00s, 13.34MB read
Requests/sec:   7991.23
Transfer/sec:      1.33MB
