Running 10s test @ http://localhost
  2 threads and 10 connections
  Thread Stats   Avg      Stdev     Max   +/- Stdev
    Latency     1.54ms    1.00ms  16.94ms   85.91%
    Req/Sec       -nan      -nan   0.00      0.00%
  Latency Distribution (HdrHistogram - Recorded Latency)
 50.000%    1.39ms
 75.000%    1.90ms
 90.000%    2.43ms
 99.000%    4.96ms
 99.900%   12.13ms
 99.990%   16.06ms
 99.999%   16.75ms
100.000%   16.96ms

  Detailed Percentile spectrum:
       Value   Percentile   TotalCount 1/(1-Percentile)

       0.101     0.000000            1         1.00
       0.657     0.100000         7992         1.11
       0.863     0.200000        15990         1.25
       1.039     0.300000        24011         1.43
       1.213     0.400000        31967         1.67
       1.386     0.500000        39993         2.00
       1.477     0.550000        44000         2.22
       1.571     0.600000        47956         2.50
       1.673     0.650000        51960         2.86
       1.780     0.700000        55960         3.33
       1.896     0.750000        59958         4.00
       1.961     0.775000        61947         4.44
       2.031     0.800000        63930         5.00
       2.111     0.825000        65961         5.71
       2.197     0.850000        67953         6.67
       2.301     0.875000        69943         8.00
       2.363     0.887500        70934         8.89
       2.435     0.900000        71927        10.00
       2.519     0.912500        72936        11.43
       2.625     0.925000        73931        13.33
       2.741     0.937500        74918        16.00
       2.817     0.943750        75417        17.78
       2.911     0.950000        75918        20.00
       3.011     0.956250        76421        22.86
       3.139     0.962500        76919        26.67
       3.309     0.968750        77415        32.00
       3.427     0.971875        77666        35.56
       3.561     0.975000        77920        40.00
       3.713     0.978125        78165        45.71
       3.923     0.981250        78414        53.33
       4.175     0.984375        78667        64.00
       4.343     0.985938        78789        71.11
       4.535     0.987500        78914        80.00
       4.779     0.989062        79039        91.43
       5.167     0.990625        79165       106.67
       5.619     0.992188        79288       128.00
       5.943     0.992969        79351       142.22
       6.283     0.993750        79413       160.00
       6.723     0.994531        79475       182.86
       7.155     0.995313        79538       213.33
       7.679     0.996094        79601       256.00
       8.099     0.996484        79632       284.44
       8.447     0.996875        79663       320.00
       8.943     0.997266        79695       365.71
       9.423     0.997656        79725       426.67
      10.119     0.998047        79756       512.00
      10.439     0.998242        79772       568.89
      10.911     0.998437        79788       640.00
      11.319     0.998633        79803       731.43
      11.735     0.998828        79819       853.33
      12.183     0.999023        79834      1024.00
      12.383     0.999121        79842      1137.78
      12.711     0.999219        79851      1280.00
      13.095     0.999316        79858      1462.86
      13.327     0.999414        79866      1706.67
      13.751     0.999512        79873      2048.00
      14.023     0.999561        79877      2275.56
      14.327     0.999609        79881      2560.00
      14.399     0.999658        79885      2925.71
      14.799     0.999707        79889      3413.33
      15.127     0.999756        79893      4096.00
      15.279     0.999780        79895      4551.11
      15.575     0.999805        79897      5120.00
      15.607     0.999829        79899      5851.43
      15.863     0.999854        79901      6826.67
      16.015     0.999878        79903      8192.00
      16.063     0.999890        79904      9102.22
      16.087     0.999902        79905     10240.00
      16.127     0.999915        79906     11702.86
      16.271     0.999927        79907     13653.33
      16.279     0.999939        79908     16384.00
      16.279     0.999945        79908     18204.44
      16.463     0.999951        79909     20480.00
      16.463     0.999957        79909     23405.71
      16.687     0.999963        79910     27306.67
      16.687     0.999969        79910     32768.00
      16.687     0.999973        79910     36408.89
      16.751     0.999976        79911     40960.00
      16.751     0.999979        79911     46811.43
      16.751     0.999982        79911     54613.33
      16.751     0.999985        79911     65536.00
      16.751     0.999986        79911     72817.78
      16.959     0.999988        79912     81920.00
      16.959     1.000000        79912          inf
#[Mean    =        1.542, StdDeviation   =        0.996]
#[Max     =       16.944, Total count    =        79912]
#[Buckets =           27, SubBuckets     =         2048]
----------------------------------------------------------
  79914 requests in 10.00s, 13.34MB read
Requests/sec:   7991.18
Transfer/sec:      1.33MB
