Running 10s test @ http://localhost
  2 threads and 10 connections
  Thread Stats   Avg      Stdev     Max   +/- Stdev
    Latency     1.84ms    1.33ms  18.11ms   86.53%
    Req/Sec       -nan      -nan   0.00      0.00%
  Latency Distribution (HdrHistogram - Recorded Latency)
 50.000%    1.52ms
 75.000%    2.19ms
 90.000%    3.28ms
 99.000%    6.91ms
 99.900%   12.68ms
 99.990%   16.82ms
 99.999%   18.13ms
100.000%   18.13ms

  Detailed Percentile spectrum:
       Value   Percentile   TotalCount 1/(1-Percentile)

       0.166     0.000000            1         1.00
       0.743     0.100000         4997         1.11
       0.934     0.200000         9993         1.25
       1.114     0.300000        14997         1.43
       1.303     0.400000        19990         1.67
       1.523     0.500000        24972         2.00
       1.638     0.550000        27470         2.22
       1.757     0.600000        29980         2.50
       1.887     0.650000        32462         2.86
       2.026     0.700000        34962         3.33
       2.191     0.750000        37474         4.00
       2.291     0.775000        38714         4.44
       2.407     0.800000        39955         5.00
       2.549     0.825000        41211         5.71
       2.725     0.850000        42449         6.67
       2.977     0.875000        43704         8.00
       3.121     0.887500        44321         8.89
       3.275     0.900000        44948        10.00
       3.461     0.912500        45573        11.43
       3.673     0.925000        46192        13.33
       3.915     0.937500        46818        16.00
       4.061     0.943750        47127        17.78
       4.231     0.950000        47441        20.00
       4.423     0.956250        47758        22.86
       4.631     0.962500        48064        26.67
       4.879     0.968750        48378        32.00
       5.027     0.971875        48533        35.56
       5.195     0.975000        48691        40.00
       5.371     0.978125        48844        45.71
       5.619     0.981250        49000        53.33
       5.955     0.984375        49155        64.00
       6.135     0.985938        49233        71.11
       6.363     0.987500        49312        80.00
       6.651     0.989062        49390        91.43
       7.123     0.990625        49468       106.67
       7.559     0.992188        49545       128.00
       7.835     0.992969        49584       142.22
       8.135     0.993750        49623       160.00
       8.583     0.994531        49662       182.86
       9.111     0.995313        49702       213.33
       9.567     0.996094        49741       256.00
       9.975     0.996484        49761       284.44
      10.279     0.996875        49779       320.00
      10.655     0.997266        49799       365.71
      10.975     0.997656        49818       426.67
      11.455     0.998047        49838       512.00
      11.663     0.998242        49849       568.89
      11.927     0.998437        49857       640.00
      12.167     0.998633        49867       731.43
      12.479     0.998828        49877       853.33
      12.839     0.999023        49887      1024.00
      13.215     0.999121        49893      1137.78
      13.295     0.999219        49896      1280.00
      13.511     0.999316        49901      1462.86
      13.743     0.999414        49906      1706.67
      14.159     0.999512        49911      2048.00
      14.535     0.999561        49914      2275.56
      14.623     0.999609        49916      2560.00
      14.791     0.999658        49918      2925.71
      14.943     0.999707        49921      3413.33
      15.119     0.999756        49923      4096.00
      15.807     0.999780        49925      4551.11
      16.111     0.999805        49926      5120.00
      16.151     0.999829        49927      5851.43
      16.167     0.999854        49928      6826.67
      16.367     0.999878        49929      8192.00
      16.815     0.999890        49930      9102.22
      16.943     0.999902        49931     10240.00
      16.943     0.999915        49931     11702.86
      17.407     0.999927        49932     13653.33
      17.407     0.999939        49932     16384.00
      17.631     0.999945        49933     18204.44
      17.631     0.999951        49933     20480.00
      17.631     0.999957        49933     23405.71
      17.935     0.999963        49934     27306.67
      17.935     0.999969        49934     32768.00
      17.935     0.999973        49934     36408.89
      17.935     0.999976        49934     40960.00
      17.935     0.999979        49934     46811.43
      18.127     0.999982        49935     54613.33
      18.127     1.000000        49935          inf
#[Mean    =        1.840, StdDeviation   =        1.326]
#[Max     =       18.112, Total count    =        49935]
#[Buckets =           27, SubBuckets     =         2048]
----------------------------------------------------------
  49941 requests in 10.00s, 8.33MB read
Requests/sec:   4994.19
Transfer/sec:    853.50KB
