Running 10s test @ http://localhost
  2 threads and 10 connections
  Thread Stats   Avg      Stdev     Max   +/- Stdev
    Latency     1.34ms  782.51us  13.20ms   80.66%
    Req/Sec       -nan      -nan   0.00      0.00%
  Latency Distribution (HdrHistogram - Recorded Latency)
 50.000%    1.25ms
 75.000%    1.72ms
 90.000%    2.13ms
 99.000%    2.96ms
 99.900%   10.53ms
 99.990%   12.57ms
 99.999%   13.21ms
100.000%   13.21ms

  Detailed Percentile spectrum:
       Value   Percentile   TotalCount 1/(1-Percentile)

       0.104     0.000000            1         1.00
       0.574     0.100000         5015         1.11
       0.765     0.200000         9996         1.25
       0.933     0.300000        14997         1.43
       1.093     0.400000        19998         1.67
       1.251     0.500000        24972         2.00
       1.330     0.550000        27490         2.22
       1.416     0.600000        30000         2.50
       1.506     0.650000        32469         2.86
       1.608     0.700000        34967         3.33
       1.720     0.750000        37478         4.00
       1.777     0.775000        38708         4.44
       1.840     0.800000        39971         5.00
       1.905     0.825000        41206         5.71
       1.973     0.850000        42464         6.67
       2.044     0.875000        43706         8.00
       2.085     0.887500        44338         8.89
       2.129     0.900000        44967        10.00
       2.175     0.912500        45601        11.43
       2.223     0.925000        46227        13.33
       2.277     0.937500        46837        16.00
       2.309     0.943750        47145        17.78
       2.343     0.950000        47467        20.00
       2.383     0.956250        47770        22.86
       2.429     0.962500        48079        26.67
       2.477     0.968750        48385        32.00
       2.509     0.971875        48546        35.56
       2.547     0.975000        48699        40.00
       2.583     0.978125        48857        45.71
       2.635     0.981250        49011        53.33
       2.709     0.984375        49166        64.00
       2.751     0.985938        49243        71.11
       2.811     0.987500        49320        80.00
       2.885     0.989062        49398        91.43
       3.017     0.990625        49476       106.67
       3.213     0.992188        49554       128.00
       3.383     0.992969        49593       142.22
       3.665     0.993750        49632       160.00
       4.219     0.994531        49671       182.86
       4.827     0.995313        49710       213.33
       5.883     0.996094        49749       256.00
       6.571     0.996484        49769       284.44
       7.439     0.996875        49788       320.00
       8.095     0.997266        49808       365.71
       8.631     0.997656        49827       426.67
       9.055     0.998047        49847       512.00
       9.383     0.998242        49857       568.89
       9.663     0.998437        49866       640.00
       9.879     0.998633        49877       731.43
      10.143     0.998828        49886       853.33
      10.583     0.999023        49896      1024.00
      10.791     0.999121        49901      1137.78
      10.959     0.999219        49905      1280.00
      11.103     0.999316        49910      1462.86
      11.303     0.999414        49915      1706.67
      11.415     0.999512        49921      2048.00
      11.495     0.999561        49923      2275.56
      11.623     0.999609        49925      2560.00
      11.719     0.999658        49927      2925.71
      11.839     0.999707        49930      3413.33
      11.943     0.999756        49932      4096.00
      12.127     0.999780        49934      4551.11
      12.239     0.999805        49935      5120.00
      12.263     0.999829        49936      5851.43
      12.399     0.999854        49937      6826.67
      12.559     0.999878        49938      8192.00
      12.567     0.999890        49939      9102.22
      12.879     0.999902        49940     10240.00
      12.879     0.999915        49940     11702.86
      12.903     0.999927        49941     13653.33
      12.903     0.999939        49941     16384.00
      12.975     0.999945        49942     18204.44
      12.975     0.999951        49942     20480.00
      12.975     0.999957        49942     23405.71
      13.087     0.999963        49943     27306.67
      13.087     0.999969        49943     32768.00
      13.087     0.999973        49943     36408.89
      13.087     0.999976        49943     40960.00
      13.087     0.999979        49943     46811.43
      13.207     0.999982        49944     54613.33
      13.207     1.000000        49944          inf
#[Mean    =        1.340, StdDeviation   =        0.783]
#[Max     =       13.200, Total count    =        49944]
#[Buckets =           27, SubBuckets     =         2048]
----------------------------------------------------------
  49947 requests in 10.00s, 8.34MB read
Requests/sec:   4994.65
Transfer/sec:    853.58KB
