Running 10s test @ http://localhost
  2 threads and 10 connections
  Thread Stats   Avg      Stdev     Max   +/- Stdev
    Latency     1.74ms    1.36ms  19.52ms   88.84%
    Req/Sec       -nan      -nan   0.00      0.00%
  Latency Distribution (HdrHistogram - Recorded Latency)
 50.000%    1.41ms
 75.000%    2.02ms
 90.000%    3.18ms
 99.000%    6.67ms
 99.900%   15.33ms
 99.990%   18.90ms
 99.999%   19.53ms
100.000%   19.53ms

  Detailed Percentile spectrum:
       Value   Percentile   TotalCount 1/(1-Percentile)

       0.138     0.000000            1         1.00
       0.670     0.100000         4999         1.11
       0.850     0.200000        10009         1.25
       1.025     0.300000        14998         1.43
       1.208     0.400000        19993         1.67
       1.406     0.500000        24998         2.00
       1.509     0.550000        27478         2.22
       1.611     0.600000        29987         2.50
       1.723     0.650000        32469         2.86
       1.859     0.700000        34971         3.33
       2.020     0.750000        37463         4.00
       2.129     0.775000        38721         4.44
       2.249     0.800000        39966         5.00
       2.415     0.825000        41207         5.71
       2.605     0.850000        42460         6.67
       2.855     0.875000        43704         8.00
       3.009     0.887500        44328         8.89
       3.181     0.900000        44955        10.00
       3.413     0.912500        45572        11.43
       3.651     0.925000        46200        13.33
       3.917     0.937500        46822        16.00
       4.099     0.943750        47138        17.78
       4.291     0.950000        47449        20.00
       4.491     0.956250        47759        22.86
       4.703     0.962500        48072        26.67
       4.951     0.968750        48385        32.00
       5.091     0.971875        48538        35.56
       5.251     0.975000        48697        40.00
       5.427     0.978125        48851        45.71
       5.619     0.981250        49006        53.33
       5.903     0.984375        49161        64.00
       6.123     0.985938        49239        71.11
       6.307     0.987500        49318        80.00
       6.523     0.989062        49395        91.43
       6.783     0.990625        49473       106.67
       7.151     0.992188        49551       128.00
       7.359     0.992969        49590       142.22
       7.615     0.993750        49629       160.00
       7.931     0.994531        49668       182.86
       8.311     0.995313        49707       213.33
       8.799     0.996094        49747       256.00
       9.199     0.996484        49766       284.44
       9.599     0.996875        49785       320.00
      10.119     0.997266        49805       365.71
      11.079     0.997656        49824       426.67
      12.087     0.998047        49844       512.00
      12.599     0.998242        49854       568.89
      12.911     0.998437        49863       640.00
      13.815     0.998633        49873       731.43
      14.647     0.998828        49883       853.33
      15.391     0.999023        49893      1024.00
      15.831     0.999121        49898      1137.78
      16.359     0.999219        49902      1280.00
      16.591     0.999316        49907      1462.86
      16.911     0.999414        49912      1706.67
      17.359     0.999512        49917      2048.00
      17.471     0.999561        49920      2275.56
      17.567     0.999609        49922      2560.00
      17.855     0.999658        49924      2925.71
      17.951     0.999707        49927      3413.33
      18.303     0.999756        49930      4096.00
      18.463     0.999780        49931      4551.11
      18.495     0.999805        49932      5120.00
      18.527     0.999829        49933      5851.43
      18.639     0.999854        49934      6826.67
      18.671     0.999878        49935      8192.00
      18.895     0.999890        49936      9102.22
      18.943     0.999902        49937     10240.00
      18.943     0.999915        49937     11702.86
      19.023     0.999927        49938     13653.33
      19.023     0.999939        49938     16384.00
      19.039     0.999945        49939     18204.44
      19.039     0.999951        49939     20480.00
      19.039     0.999957        49939     23405.71
      19.471     0.999963        49940     27306.67
      19.471     0.999969        49940     32768.00
      19.471     0.999973        49940     36408.89
      19.471     0.999976        49940     40960.00
      19.471     0.999979        49940     46811.43
      19.535     0.999982        49941     54613.33
      19.535     1.000000        49941          inf
#[Mean    =        1.742, StdDeviation   =        1.362]
#[Max     =       19.520, Total count    =        49941]
#[Buckets =           27, SubBuckets     =         2048]
----------------------------------------------------------
  49947 requests in 10.00s, 8.34MB read
Requests/sec:   4994.59
Transfer/sec:    853.57KB
