Running 10s test @ http://localhost
  2 threads and 10 connections
  Thread Stats   Avg      Stdev     Max   +/- Stdev
    Latency     1.45ms    0.93ms  15.10ms   89.05%
    Req/Sec       -nan      -nan   0.00      0.00%
  Latency Distribution (HdrHistogram - Recorded Latency)
 50.000%    1.36ms
 75.000%    1.79ms
 90.000%    2.18ms
 99.000%    3.32ms
 99.900%   12.45ms
 99.990%   14.23ms
 99.999%   15.11ms
100.000%   15.11ms

  Detailed Percentile spectrum:
       Value   Percentile   TotalCount 1/(1-Percentile)

       0.097     0.000000            1         1.00
       0.660     0.100000         5003         1.11
       0.876     0.200000        10004         1.25
       1.047     0.300000        14985         1.43
       1.202     0.400000        19985         1.67
       1.358     0.500000        24992         2.00
       1.437     0.550000        27478         2.22
       1.521     0.600000        29998         2.50
       1.607     0.650000        32482         2.86
       1.695     0.700000        34983         3.33
       1.795     0.750000        37476         4.00
       1.847     0.775000        38713         4.44
       1.901     0.800000        39971         5.00
       1.957     0.825000        41221         5.71
       2.023     0.850000        42468         6.67
       2.097     0.875000        43716         8.00
       2.137     0.887500        44352         8.89
       2.183     0.900000        44977        10.00
       2.229     0.912500        45583        11.43
       2.283     0.925000        46204        13.33
       2.343     0.937500        46841        16.00
       2.383     0.943750        47145        17.78
       2.421     0.950000        47462        20.00
       2.465     0.956250        47774        22.86
       2.521     0.962500        48085        26.67
       2.585     0.968750        48389        32.00
       2.625     0.971875        48552        35.56
       2.671     0.975000        48702        40.00
       2.725     0.978125        48858        45.71
       2.787     0.981250        49015        53.33
       2.869     0.984375        49174        64.00
       2.929     0.985938        49249        71.11
       3.011     0.987500        49325        80.00
       3.145     0.989062        49403        91.43
       3.447     0.990625        49481       106.67
       4.327     0.992188        49559       128.00
       5.635     0.992969        49598       142.22
       6.763     0.993750        49637       160.00
       7.659     0.994531        49676       182.86
       8.663     0.995313        49716       213.33
       9.367     0.996094        49754       256.00
       9.815     0.996484        49774       284.44
      10.287     0.996875        49793       320.00
      10.639     0.997266        49815       365.71
      11.023     0.997656        49832       426.67
      11.319     0.998047        49852       512.00
      11.583     0.998242        49862       568.89
      11.743     0.998437        49871       640.00
      11.975     0.998633        49881       731.43
      12.167     0.998828        49891       853.33
      12.463     0.999023        49902      1024.00
      12.535     0.999121        49906      1137.78
      12.591     0.999219        49910      1280.00
      12.751     0.999316        49915      1462.86
      12.815     0.999414        49920      1706.67
      12.895     0.999512        49925      2048.00
      12.967     0.999561        49928      2275.56
      13.087     0.999609        49930      2560.00
      13.231     0.999658        49932      2925.71
      13.487     0.999707        49935      3413.33
      13.719     0.999756        49937      4096.00
      13.855     0.999780        49939      4551.11
      13.919     0.999805        49940      5120.00
      13.959     0.999829        49941      5851.43
      14.007     0.999854        49942      6826.67
      14.079     0.999878        49943      8192.00
      14.231     0.999890        49945      9102.22
      14.231     0.999902        49945     10240.00
      14.231     0.999915        49945     11702.86
      14.527     0.999927        49947     13653.33
      14.527     0.999939        49947     16384.00
      14.527     0.999945        49947     18204.44
      14.527     0.999951        49947     20480.00
      14.527     0.999957        49947     23405.71
      14.639     0.999963        49948     27306.67
      14.639     0.999969        49948     32768.00
      14.639     0.999973        49948     36408.89
      14.639     0.999976        49948     40960.00
      14.639     0.999979        49948     46811.43
      15.111     0.999982        49949     54613.33
      15.111     1.000000        49949          inf
#[Mean    =        1.451, StdDeviation   =        0.931]
#[Max     =       15.104, Total count    =        49949]
#[Buckets =           27, SubBuckets     =         2048]
----------------------------------------------------------
  49954 requests in 10.00s, 8.34MB read
Requests/sec:   4994.97
Transfer/sec:    853.63KB
