Running 10s test @ http://localhost
  2 threads and 10 connections
  Thread Stats   Avg      Stdev     Max   +/- Stdev
    Latency     2.91ms    3.66ms  41.98ms   90.38%
    Req/Sec       -nan      -nan   0.00      0.00%
  Latency Distribution (HdrHistogram - Recorded Latency)
 50.000%    1.73ms
 75.000%    2.88ms
 90.000%    6.40ms
 99.000%   18.29ms
 99.900%   34.14ms
 99.990%   40.54ms
 99.999%   42.01ms
100.000%   42.01ms

  Detailed Percentile spectrum:
       Value   Percentile   TotalCount 1/(1-Percentile)

       0.151     0.000000            1         1.00
       0.767     0.100000         4989         1.11
       0.999     0.200000         9978         1.25
       1.232     0.300000        14944         1.43
       1.473     0.400000        19922         1.67
       1.725     0.500000        24907         2.00
       1.861     0.550000        27376         2.22
       2.013     0.600000        29867         2.50
       2.205     0.650000        32372         2.86
       2.463     0.700000        34853         3.33
       2.875     0.750000        37337         4.00
       3.175     0.775000        38578         4.44
       3.555     0.800000        39822         5.00
       4.025     0.825000        41067         5.71
       4.603     0.850000        42315         6.67
       5.327     0.875000        43556         8.00
       5.819     0.887500        44176         8.89
       6.399     0.900000        44797        10.00
       7.051     0.912500        45421        11.43
       7.859     0.925000        46041        13.33
       8.879     0.937500        46670        16.00
       9.487     0.943750        46976        17.78
      10.215     0.950000        47287        20.00
      10.959     0.956250        47600        22.86
      11.943     0.962500        47908        26.67
      12.935     0.968750        48220        32.00
      13.447     0.971875        48377        35.56
      13.999     0.975000        48530        40.00
      14.679     0.978125        48686        45.71
      15.407     0.981250        48841        53.33
      16.303     0.984375        48999        64.00
      16.767     0.985938        49076        71.11
      17.343     0.987500        49154        80.00
      17.903     0.989062        49231        91.43
      18.575     0.990625        49308       106.67
      19.551     0.992188        49389       128.00
      20.143     0.992969        49425       142.22
      20.751     0.993750        49463       160.00
      21.551     0.994531        49502       182.86
      23.007     0.995313        49542       213.33
      24.751     0.996094        49580       256.00
      25.999     0.996484        49600       284.44
      27.583     0.996875        49620       320.00
      29.039     0.997266        49638       365.71
      30.831     0.997656        49658       426.67
      31.791     0.998047        49677       512.00
      32.335     0.998242        49687       568.89
      32.831     0.998437        49697       640.00
      33.055     0.998633        49706       731.43
      33.471     0.998828        49716       853.33
      34.207     0.999023        49727      1024.00
      34.335     0.999121        49731      1137.78
      34.943     0.999219        49736      1280.00
      35.071     0.999316        49740      1462.86
      35.519     0.999414        49745      1706.67
      35.839     0.999512        49750      2048.00
      36.127     0.999561        49753      2275.56
      36.479     0.999609        49755      2560.00
      36.895     0.999658        49757      2925.71
      37.535     0.999707        49760      3413.33
      38.463     0.999756        49762      4096.00
      39.039     0.999780        49764      4551.11
      39.103     0.999805        49765      5120.00
      39.199     0.999829        49766      5851.43
      39.935     0.999854        49767      6826.67
      40.479     0.999878        49768      8192.00
      40.543     0.999890        49769      9102.22
      40.671     0.999902        49770     10240.00
      40.671     0.999915        49770     11702.86
      41.279     0.999927        49771     13653.33
      41.279     0.999939        49771     16384.00
      41.855     0.999945        49772     18204.44
      41.855     0.999951        49772     20480.00
      41.855     0.999957        49772     23405.71
      41.919     0.999963        49773     27306.67
      41.919     0.999969        49773     32768.00
      41.919     0.999973        49773     36408.89
      41.919     0.999976        49773     40960.00
      41.919     0.999979        49773     46811.43
      42.015     0.999982        49774     54613.33
      42.015     1.000000        49774          inf
#[Mean    =        2.914, StdDeviation   =        3.663]
#[Max     =       41.984, Total count    =        49774]
#[Buckets =           27, SubBuckets     =         2048]
----------------------------------------------------------
  49780 requests in 10.00s, 8.31MB read
Requests/sec:   4977.40
Transfer/sec:    850.63KB
