Running 10s test @ http://localhost
  2 threads and 10 connections
  Thread Stats   Avg      Stdev     Max   +/- Stdev
    Latency     1.41ms  639.78us  15.10ms   71.23%
    Req/Sec       -nan      -nan   0.00      0.00%
  Latency Distribution (HdrHistogram - Recorded Latency)
 50.000%    1.33ms
 75.000%    1.78ms
 90.000%    2.20ms
 99.000%    3.09ms
 99.900%    5.74ms
 99.990%    9.34ms
 99.999%   15.11ms
100.000%   15.11ms

  Detailed Percentile spectrum:
       Value   Percentile   TotalCount 1/(1-Percentile)

       0.146     0.000000            1         1.00
       0.687     0.100000         4999         1.11
       0.866     0.200000        10012         1.25
       1.021     0.300000        14999         1.43
       1.172     0.400000        20014         1.67
       1.326     0.500000        25003         2.00
       1.411     0.550000        27499         2.22
       1.497     0.600000        29977         2.50
       1.589     0.650000        32479         2.86
       1.685     0.700000        34965         3.33
       1.785     0.750000        37480         4.00
       1.838     0.775000        38716         4.44
       1.899     0.800000        39971         5.00
       1.967     0.825000        41222         5.71
       2.038     0.850000        42466         6.67
       2.113     0.875000        43719         8.00
       2.155     0.887500        44335         8.89
       2.203     0.900000        44960        10.00
       2.257     0.912500        45587        11.43
       2.315     0.925000        46221        13.33
       2.385     0.937500        46832        16.00
       2.425     0.943750        47149        17.78
       2.467     0.950000        47450        20.00
       2.515     0.956250        47762        22.86
       2.573     0.962500        48077        26.67
       2.639     0.968750        48388        32.00
       2.683     0.971875        48549        35.56
       2.725     0.975000        48699        40.00
       2.769     0.978125        48858        45.71
       2.827     0.981250        49012        53.33
       2.889     0.984375        49172        64.00
       2.929     0.985938        49247        71.11
       2.987     0.987500        49323        80.00
       3.049     0.989062        49404        91.43
       3.119     0.990625        49479       106.67
       3.221     0.992188        49558       128.00
       3.293     0.992969        49596       142.22
       3.377     0.993750        49637       160.00
       3.467     0.994531        49674       182.86
       3.577     0.995313        49713       213.33
       3.753     0.996094        49753       256.00
       3.823     0.996484        49772       284.44
       3.951     0.996875        49792       320.00
       4.211     0.997266        49813       365.71
       4.471     0.997656        49830       426.67
       4.667     0.998047        49850       512.00
       4.807     0.998242        49860       568.89
       4.959     0.998437        49869       640.00
       5.271     0.998633        49879       731.43
       5.559     0.998828        49889       853.33
       5.875     0.999023        49899      1024.00
       6.011     0.999121        49904      1137.78
       6.115     0.999219        49908      1280.00
       6.391     0.999316        49913      1462.86
       6.535     0.999414        49918      1706.67
       7.255     0.999512        49923      2048.00
       7.431     0.999561        49926      2275.56
       7.491     0.999609        49928      2560.00
       7.667     0.999658        49930      2925.71
       7.955     0.999707        49933      3413.33
       8.359     0.999756        49935      4096.00
       8.495     0.999780        49937      4551.11
       8.631     0.999805        49938      5120.00
       8.807     0.999829        49939      5851.43
       9.207     0.999854        49940      6826.67
       9.295     0.999878        49941      8192.00
       9.343     0.999890        49942      9102.22
       9.415     0.999902        49943     10240.00
       9.415     0.999915        49943     11702.86
      10.143     0.999927        49944     13653.33
      10.143     0.999939        49944     16384.00
      11.791     0.999945        49945     18204.44
      11.791     0.999951        49945     20480.00
      11.791     0.999957        49945     23405.71
      13.535     0.999963        49946     27306.67
      13.535     0.999969        49946     32768.00
      13.535     0.999973        49946     36408.89
      13.535     0.999976        49946     40960.00
      13.535     0.999979        49946     46811.43
      15.111     0.999982        49947     54613.33
      15.111     1.000000        49947          inf
#[Mean    =        1.409, StdDeviation   =        0.640]
#[Max     =       15.104, Total count    =        49947]
#[Buckets =           27, SubBuckets     =         2048]
----------------------------------------------------------
  49950 requests in 10.00s, 8.34MB read
Requests/sec:   4994.74
Transfer/sec:    853.59KB
