Running 10s test @ http://localhost
  2 threads and 10 connections
  Thread Stats   Avg      Stdev     Max   +/- Stdev
    Latency     1.69ms    1.44ms  23.01ms   90.85%
    Req/Sec       -nan      -nan   0.00      0.00%
  Latency Distribution (HdrHistogram - Recorded Latency)
 50.000%    1.36ms
 75.000%    1.94ms
 90.000%    2.99ms
 99.000%    6.66ms
 99.900%   18.16ms
 99.990%   21.58ms
 99.999%   23.02ms
100.000%   23.02ms

  Detailed Percentile spectrum:
       Value   Percentile   TotalCount 1/(1-Percentile)

       0.112     0.000000            1         1.00
       0.668     0.100000         5009         1.11
       0.836     0.200000        10012         1.25
       0.996     0.300000        15009         1.43
       1.174     0.400000        19977         1.67
       1.363     0.500000        24975         2.00
       1.460     0.550000        27482         2.22
       1.564     0.600000        29966         2.50
       1.673     0.650000        32470         2.86
       1.799     0.700000        34982         3.33
       1.943     0.750000        37468         4.00
       2.029     0.775000        38702         4.44
       2.137     0.800000        39955         5.00
       2.271     0.825000        41206         5.71
       2.443     0.850000        42450         6.67
       2.677     0.875000        43699         8.00
       2.825     0.887500        44319         8.89
       2.989     0.900000        44949        10.00
       3.195     0.912500        45569        11.43
       3.439     0.925000        46193        13.33
       3.737     0.937500        46817        16.00
       3.907     0.943750        47128        17.78
       4.073     0.950000        47442        20.00
       4.259     0.956250        47752        22.86
       4.467     0.962500        48069        26.67
       4.727     0.968750        48379        32.00
       4.871     0.971875        48534        35.56
       5.035     0.975000        48688        40.00
       5.223     0.978125        48843        45.71
       5.439     0.981250        48999        53.33
       5.719     0.984375        49155        64.00
       5.919     0.985938        49234        71.11
       6.191     0.987500        49312        80.00
       6.431     0.989062        49389        91.43
       6.803     0.990625        49469       106.67
       7.287     0.992188        49545       128.00
       7.667     0.992969        49584       142.22
       8.051     0.993750        49623       160.00
       8.575     0.994531        49662       182.86
       9.783     0.995313        49702       213.33
      10.863     0.996094        49740       256.00
      11.655     0.996484        49760       284.44
      12.359     0.996875        49779       320.00
      13.247     0.997266        49799       365.71
      14.199     0.997656        49818       426.67
      15.559     0.998047        49838       512.00
      15.999     0.998242        49848       568.89
      16.703     0.998437        49857       640.00
      17.071     0.998633        49867       731.43
      17.487     0.998828        49877       853.33
      18.303     0.999023        49887      1024.00
      18.527     0.999121        49892      1137.78
      18.767     0.999219        49896      1280.00
      18.879     0.999316        49901      1462.86
      19.215     0.999414        49906      1706.67
      19.759     0.999512        49911      2048.00
      20.095     0.999561        49914      2275.56
      20.367     0.999609        49916      2560.00
      20.399     0.999658        49918      2925.71
      20.495     0.999707        49921      3413.33
      20.655     0.999756        49923      4096.00
      20.783     0.999780        49926      4551.11
      20.783     0.999805        49926      5120.00
      20.815     0.999829        49928      5851.43
      20.815     0.999854        49928      6826.67
      20.991     0.999878        49929      8192.00
      21.583     0.999890        49930      9102.22
      22.655     0.999902        49931     10240.00
      22.655     0.999915        49931     11702.86
      22.719     0.999927        49932     13653.33
      22.719     0.999939        49932     16384.00
      22.895     0.999945        49933     18204.44
      22.895     0.999951        49933     20480.00
      22.895     0.999957        49933     23405.71
      23.007     0.999963        49934     27306.67
      23.007     0.999969        49934     32768.00
      23.007     0.999973        49934     36408.89
      23.007     0.999976        49934     40960.00
      23.007     0.999979        49934     46811.43
      23.023     0.999982        49935     54613.33
      23.023     1.000000        49935          inf
#[Mean    =        1.695, StdDeviation   =        1.440]
#[Max     =       23.008, Total count    =        49935]
#[Buckets =           27, SubBuckets     =         2048]
----------------------------------------------------------
  49945 requests in 10.00s, 8.34MB read
Requests/sec:   4994.51
Transfer/sec:    853.55KB
