Running 10s test @ http://localhost
  2 threads and 10 connections
  Thread Stats   Avg      Stdev     Max   +/- Stdev
    Latency     1.85ms    1.89ms  41.95ms   92.22%
    Req/Sec       -nan      -nan   0.00      0.00%
  Latency Distribution (HdrHistogram - Recorded Latency)
 50.000%    1.46ms
 75.000%    2.11ms
 90.000%    3.33ms
 99.000%    7.66ms
 99.900%   30.09ms
 99.990%   39.07ms
 99.999%   41.98ms
100.000%   41.98ms

  Detailed Percentile spectrum:
       Value   Percentile   TotalCount 1/(1-Percentile)

       0.129     0.000000            1         1.00
       0.669     0.100000         5014         1.11
       0.865     0.200000         9998         1.25
       1.049     0.300000        15004         1.43
       1.247     0.400000        20007         1.67
       1.459     0.500000        24978         2.00
       1.564     0.550000        27487         2.22
       1.675     0.600000        29974         2.50
       1.800     0.650000        32467         2.86
       1.938     0.700000        34964         3.33
       2.109     0.750000        37479         4.00
       2.217     0.775000        38725         4.44
       2.347     0.800000        39980         5.00
       2.507     0.825000        41203         5.71
       2.713     0.850000        42460         6.67
       2.985     0.875000        43707         8.00
       3.139     0.887500        44335         8.89
       3.329     0.900000        44959        10.00
       3.559     0.912500        45580        11.43
       3.801     0.925000        46199        13.33
       4.111     0.937500        46827        16.00
       4.275     0.943750        47139        17.78
       4.447     0.950000        47446        20.00
       4.651     0.956250        47759        22.86
       4.891     0.962500        48077        26.67
       5.151     0.968750        48383        32.00
       5.307     0.971875        48546        35.56
       5.511     0.975000        48695        40.00
       5.723     0.978125        48855        45.71
       6.003     0.981250        49009        53.33
       6.391     0.984375        49164        64.00
       6.639     0.985938        49242        71.11
       6.959     0.987500        49319        80.00
       7.379     0.989062        49397        91.43
       7.859     0.990625        49475       106.67
       8.623     0.992188        49553       128.00
       9.031     0.992969        49592       142.22
       9.527     0.993750        49631       160.00
      10.063     0.994531        49671       182.86
      10.847     0.995313        49709       213.33
      11.799     0.996094        49748       256.00
      12.367     0.996484        49768       284.44
      13.071     0.996875        49787       320.00
      14.271     0.997266        49807       365.71
      15.743     0.997656        49826       426.67
      19.823     0.998047        49846       512.00
      22.895     0.998242        49856       568.89
      25.631     0.998437        49865       640.00
      27.359     0.998633        49876       731.43
      28.863     0.998828        49885       853.33
      30.351     0.999023        49895      1024.00
      31.135     0.999121        49900      1137.78
      31.471     0.999219        49904      1280.00
      32.671     0.999316        49909      1462.86
      33.503     0.999414        49914      1706.67
      34.207     0.999512        49919      2048.00
      34.495     0.999561        49922      2275.56
      34.751     0.999609        49924      2560.00
      35.487     0.999658        49926      2925.71
      36.095     0.999707        49929      3413.33
      36.991     0.999756        49931      4096.00
      37.535     0.999780        49933      4551.11
      37.567     0.999805        49934      5120.00
      37.823     0.999829        49935      5851.43
      38.047     0.999854        49936      6826.67
      38.399     0.999878        49937      8192.00
      39.071     0.999890        49938      9102.22
      39.583     0.999902        49939     10240.00
      39.583     0.999915        49939     11702.86
      40.639     0.999927        49940     13653.33
      40.639     0.999939        49940     16384.00
      40.895     0.999945        49941     18204.44
      40.895     0.999951        49941     20480.00
      40.895     0.999957        49941     23405.71
      41.631     0.999963        49942     27306.67
      41.631     0.999969        49942     32768.00
      41.631     0.999973        49942     36408.89
      41.631     0.999976        49942     40960.00
      41.631     0.999979        49942     46811.43
      41.983     0.999982        49943     54613.33
      41.983     1.000000        49943          inf
#[Mean    =        1.851, StdDeviation   =        1.894]
#[Max     =       41.952, Total count    =        49943]
#[Buckets =           27, SubBuckets     =         2048]
----------------------------------------------------------
  49948 requests in 10.00s, 8.34MB read
Requests/sec:   4994.63
Transfer/sec:    853.57KB
