Running 10s test @ http://localhost
  2 threads and 10 connections
  Thread Stats   Avg      Stdev     Max   +/- Stdev
    Latency     1.72ms    1.15ms  12.83ms   85.86%
    Req/Sec       -nan      -nan   0.00      0.00%
  Latency Distribution (HdrHistogram - Recorded Latency)
 50.000%    1.47ms
 75.000%    2.03ms
 90.000%    2.85ms
 99.000%    6.32ms
 99.900%   10.22ms
 99.990%   12.31ms
 99.999%   12.84ms
100.000%   12.84ms

  Detailed Percentile spectrum:
       Value   Percentile   TotalCount 1/(1-Percentile)

       0.114     0.000000            1         1.00
       0.719     0.100000         5008         1.11
       0.918     0.200000        10001         1.25
       1.091     0.300000        15008         1.43
       1.273     0.400000        19993         1.67
       1.467     0.500000        24974         2.00
       1.570     0.550000        27484         2.22
       1.677     0.600000        29986         2.50
       1.787     0.650000        32478         2.86
       1.903     0.700000        34970         3.33
       2.028     0.750000        37471         4.00
       2.101     0.775000        38732         4.44
       2.181     0.800000        39960         5.00
       2.281     0.825000        41225         5.71
       2.407     0.850000        42463         6.67
       2.575     0.875000        43705         8.00
       2.693     0.887500        44329         8.89
       2.847     0.900000        44956        10.00
       3.037     0.912500        45577        11.43
       3.273     0.925000        46202        13.33
       3.559     0.937500        46830        16.00
       3.735     0.943750        47138        17.78
       3.937     0.950000        47450        20.00
       4.151     0.956250        47766        22.86
       4.407     0.962500        48075        26.67
       4.663     0.968750        48387        32.00
       4.803     0.971875        48543        35.56
       4.955     0.975000        48702        40.00
       5.159     0.978125        48856        45.71
       5.367     0.981250        49013        53.33
       5.643     0.984375        49169        64.00
       5.811     0.985938        49245        71.11
       5.983     0.987500        49324        80.00
       6.167     0.989062        49401        91.43
       6.483     0.990625        49479       106.67
       6.835     0.992188        49557       128.00
       7.007     0.992969        49596       142.22
       7.199     0.993750        49635       160.00
       7.439     0.994531        49674       182.86
       7.691     0.995313        49713       213.33
       8.071     0.996094        49755       256.00
       8.215     0.996484        49772       284.44
       8.399     0.996875        49791       320.00
       8.647     0.997266        49811       365.71
       8.911     0.997656        49830       426.67
       9.143     0.998047        49850       512.00
       9.375     0.998242        49860       568.89
       9.615     0.998437        49869       640.00
       9.871     0.998633        49879       731.43
      10.007     0.998828        49889       853.33
      10.247     0.999023        49900      1024.00
      10.319     0.999121        49905      1137.78
      10.455     0.999219        49908      1280.00
      10.623     0.999316        49914      1462.86
      10.991     0.999414        49918      1706.67
      11.111     0.999512        49923      2048.00
      11.191     0.999561        49926      2275.56
      11.295     0.999609        49929      2560.00
      11.319     0.999658        49930      2925.71
      11.399     0.999707        49933      3413.33
      11.431     0.999756        49935      4096.00
      11.543     0.999780        49937      4551.11
      11.559     0.999805        49938      5120.00
      11.575     0.999829        49939      5851.43
      11.647     0.999854        49940      6826.67
      12.103     0.999878        49941      8192.00
      12.311     0.999890        49942      9102.22
      12.375     0.999902        49943     10240.00
      12.375     0.999915        49943     11702.86
      12.407     0.999927        49944     13653.33
      12.407     0.999939        49944     16384.00
      12.543     0.999945        49945     18204.44
      12.543     0.999951        49945     20480.00
      12.543     0.999957        49945     23405.71
      12.791     0.999963        49946     27306.67
      12.791     0.999969        49946     32768.00
      12.791     0.999973        49946     36408.89
      12.791     0.999976        49946     40960.00
      12.791     0.999979        49946     46811.43
      12.839     0.999982        49947     54613.33
      12.839     1.000000        49947          inf
#[Mean    =        1.716, StdDeviation   =        1.153]
#[Max     =       12.832, Total count    =        49947]
#[Buckets =           27, SubBuckets     =         2048]
----------------------------------------------------------
  49951 requests in 10.00s, 8.34MB read
Requests/sec:   4994.70
Transfer/sec:    853.59KB
