Running 10s test @ http://localhost
  2 threads and 10 connections
  Thread Stats   Avg      Stdev     Max   +/- Stdev
    Latency     1.32ms    0.87ms  22.70ms   89.49%
    Req/Sec       -nan      -nan   0.00      0.00%
  Latency Distribution (HdrHistogram - Recorded Latency)
 50.000%    1.22ms
 75.000%    1.71ms
 90.000%    2.09ms
 99.000%    2.81ms
 99.900%   14.49ms
 99.990%   21.30ms
 99.999%   22.72ms
100.000%   22.72ms

  Detailed Percentile spectrum:
       Value   Percentile   TotalCount 1/(1-Percentile)

       0.148     0.000000            1         1.00
       0.588     0.100000         5005         1.11
       0.749     0.200000         9999         1.25
       0.897     0.300000        15019         1.43
       1.047     0.400000        20009         1.67
       1.216     0.500000        24992         2.00
       1.303     0.550000        27476         2.22
       1.395     0.600000        29976         2.50
       1.495     0.650000        32481         2.86
       1.607     0.700000        34987         3.33
       1.714     0.750000        37463         4.00
       1.771     0.775000        38718         4.44
       1.827     0.800000        39973         5.00
       1.888     0.825000        41231         5.71
       1.952     0.850000        42469         6.67
       2.019     0.875000        43726         8.00
       2.053     0.887500        44339         8.89
       2.091     0.900000        44960        10.00
       2.137     0.912500        45579        11.43
       2.181     0.925000        46217        13.33
       2.231     0.937500        46837        16.00
       2.261     0.943750        47156        17.78
       2.291     0.950000        47450        20.00
       2.327     0.956250        47769        22.86
       2.365     0.962500        48076        26.67
       2.413     0.968750        48387        32.00
       2.441     0.971875        48546        35.56
       2.471     0.975000        48702        40.00
       2.503     0.978125        48860        45.71
       2.543     0.981250        49013        53.33
       2.607     0.984375        49168        64.00
       2.647     0.985938        49245        71.11
       2.693     0.987500        49324        80.00
       2.749     0.989062        49401        91.43
       2.853     0.990625        49479       106.67
       2.989     0.992188        49557       128.00
       3.089     0.992969        49596       142.22
       3.245     0.993750        49635       160.00
       3.509     0.994531        49674       182.86
       3.823     0.995313        49713       213.33
       4.251     0.996094        49753       256.00
       4.823     0.996484        49772       284.44
       5.263     0.996875        49791       320.00
       5.763     0.997266        49811       365.71
       6.527     0.997656        49830       426.67
       7.499     0.998047        49850       512.00
       8.239     0.998242        49860       568.89
       9.599     0.998437        49869       640.00
      11.023     0.998633        49879       731.43
      12.999     0.998828        49889       853.33
      14.623     0.999023        49899      1024.00
      15.775     0.999121        49904      1137.78
      16.703     0.999219        49908      1280.00
      17.567     0.999316        49913      1462.86
      18.687     0.999414        49918      1706.67
      18.943     0.999512        49923      2048.00
      19.151     0.999561        49926      2275.56
      19.631     0.999609        49928      2560.00
      20.159     0.999658        49930      2925.71
      20.495     0.999707        49933      3413.33
      20.607     0.999756        49935      4096.00
      21.023     0.999780        49937      4551.11
      21.039     0.999805        49938      5120.00
      21.135     0.999829        49939      5851.43
      21.279     0.999854        49941      6826.67
      21.279     0.999878        49941      8192.00
      21.295     0.999890        49942      9102.22
      21.407     0.999902        49943     10240.00
      21.407     0.999915        49943     11702.86
      21.423     0.999927        49944     13653.33
      21.423     0.999939        49944     16384.00
      21.551     0.999945        49945     18204.44
      21.551     0.999951        49945     20480.00
      21.551     0.999957        49945     23405.71
      22.479     0.999963        49946     27306.67
      22.479     0.999969        49946     32768.00
      22.479     0.999973        49946     36408.89
      22.479     0.999976        49946     40960.00
      22.479     0.999979        49946     46811.43
      22.719     0.999982        49947     54613.33
      22.719     1.000000        49947          inf
#[Mean    =        1.321, StdDeviation   =        0.873]
#[Max     =       22.704, Total count    =        49947]
#[Buckets =           27, SubBuckets     =         2048]
----------------------------------------------------------
  49950 requests in 10.00s, 8.34MB read
Requests/sec:   4994.53
Transfer/sec:    853.56KB
