Running 10s test @ http://localhost
  2 threads and 10 connections
  Thread Stats   Avg      Stdev     Max   +/- Stdev
    Latency     1.45ms    1.21ms  18.29ms   96.94%
    Req/Sec       -nan      -nan   0.00      0.00%
  Latency Distribution (HdrHistogram - Recorded Latency)
 50.000%    1.27ms
 75.000%    1.74ms
 90.000%    2.22ms
 99.000%    7.42ms
 99.900%   14.09ms
 99.990%   16.46ms
 99.999%   18.30ms
100.000%   18.30ms

  Detailed Percentile spectrum:
       Value   Percentile   TotalCount 1/(1-Percentile)

       0.147     0.000000            1         1.00
       0.629     0.100000         5002         1.11
       0.800     0.200000        10011         1.25
       0.958     0.300000        15002         1.43
       1.118     0.400000        20014         1.67
       1.273     0.500000        24991         2.00
       1.356     0.550000        27499         2.22
       1.443     0.600000        29981         2.50
       1.534     0.650000        32476         2.86
       1.632     0.700000        34977         3.33
       1.741     0.750000        37460         4.00
       1.806     0.775000        38710         4.44
       1.874     0.800000        39971         5.00
       1.948     0.825000        41206         5.71
       2.034     0.850000        42457         6.67
       2.123     0.875000        43710         8.00
       2.171     0.887500        44335         8.89
       2.219     0.900000        44954        10.00
       2.271     0.912500        45593        11.43
       2.323     0.925000        46219        13.33
       2.387     0.937500        46829        16.00
       2.427     0.943750        47148        17.78
       2.467     0.950000        47463        20.00
       2.509     0.956250        47764        22.86
       2.561     0.962500        48079        26.67
       2.639     0.968750        48392        32.00
       2.687     0.971875        48542        35.56
       2.761     0.975000        48698        40.00
       2.877     0.978125        48853        45.71
       3.099     0.981250        49009        53.33
       3.771     0.984375        49165        64.00
       4.619     0.985938        49243        71.11
       5.627     0.987500        49321        80.00
       6.739     0.989062        49399        91.43
       7.943     0.990625        49477       106.67
       9.319     0.992188        49556       128.00
       9.823     0.992969        49594       142.22
      10.415     0.993750        49633       160.00
      10.911     0.994531        49672       182.86
      11.407     0.995313        49711       213.33
      12.015     0.996094        49750       256.00
      12.303     0.996484        49771       284.44
      12.575     0.996875        49789       320.00
      12.895     0.997266        49809       365.71
      13.199     0.997656        49829       426.67
      13.423     0.998047        49848       512.00
      13.559     0.998242        49858       568.89
      13.639     0.998437        49867       640.00
      13.767     0.998633        49877       731.43
      13.959     0.998828        49887       853.33
      14.183     0.999023        49898      1024.00
      14.271     0.999121        49902      1137.78
      14.335     0.999219        49906      1280.00
      14.415     0.999316        49912      1462.86
      14.471     0.999414        49916      1706.67
      14.767     0.999512        49921      2048.00
      14.943     0.999561        49924      2275.56
      14.983     0.999609        49926      2560.00
      15.215     0.999658        49928      2925.71
      15.359     0.999707        49931      3413.33
      15.847     0.999756        49933      4096.00
      15.887     0.999780        49935      4551.11
      15.959     0.999805        49936      5120.00
      15.999     0.999829        49937      5851.43
      16.279     0.999854        49938      6826.67
      16.343     0.999878        49939      8192.00
      16.463     0.999890        49940      9102.22
      16.959     0.999902        49941     10240.00
      16.959     0.999915        49941     11702.86
      17.311     0.999927        49942     13653.33
      17.311     0.999939        49942     16384.00
      17.583     0.999945        49943     18204.44
      17.583     0.999951        49943     20480.00
      17.583     0.999957        49943     23405.71
      17.663     0.999963        49944     27306.67
      17.663     0.999969        49944     32768.00
      17.663     0.999973        49944     36408.89
      17.663     0.999976        49944     40960.00
      17.663     0.999979        49944     46811.43
      18.303     0.999982        49945     54613.33
      18.303     1.000000        49945          inf
#[Mean    =        1.453, StdDeviation   =        1.208]
#[Max     =       18.288, Total count    =        49945]
#[Buckets =           27, SubBuckets     =         2048]
----------------------------------------------------------
  49948 requests in 10.00s, 8.34MB read
Requests/sec:   4994.13
Transfer/sec:    853.49KB
