Running 10s test @ http://localhost
  2 threads and 10 connections
  Thread Stats   Avg      Stdev     Max   +/- Stdev
    Latency     1.73ms    1.22ms  20.05ms   86.35%
    Req/Sec       -nan      -nan   0.00      0.00%
  Latency Distribution (HdrHistogram - Recorded Latency)
 50.000%    1.44ms
 75.000%    2.03ms
 90.000%    3.05ms
 99.000%    6.18ms
 99.900%   12.13ms
 99.990%   18.70ms
 99.999%   20.06ms
100.000%   20.06ms

  Detailed Percentile spectrum:
       Value   Percentile   TotalCount 1/(1-Percentile)

       0.143     0.000000            1         1.00
       0.690     0.100000         5002         1.11
       0.901     0.200000        10007         1.25
       1.082     0.300000        14991         1.43
       1.258     0.400000        19996         1.67
       1.436     0.500000        24974         2.00
       1.530     0.550000        27471         2.22
       1.633     0.600000        29976         2.50
       1.745     0.650000        32469         2.86
       1.874     0.700000        34972         3.33
       2.026     0.750000        37463         4.00
       2.119     0.775000        38722         4.44
       2.227     0.800000        39955         5.00
       2.361     0.825000        41215         5.71
       2.525     0.850000        42456         6.67
       2.745     0.875000        43704         8.00
       2.879     0.887500        44329         8.89
       3.049     0.900000        44948        10.00
       3.243     0.912500        45577        11.43
       3.471     0.925000        46200        13.33
       3.733     0.937500        46823        16.00
       3.883     0.943750        47136        17.78
       4.061     0.950000        47445        20.00
       4.251     0.956250        47762        22.86
       4.495     0.962500        48074        26.67
       4.719     0.968750        48388        32.00
       4.847     0.971875        48540        35.56
       4.983     0.975000        48694        40.00
       5.139     0.978125        48851        45.71
       5.307     0.981250        49006        53.33
       5.515     0.984375        49164        64.00
       5.671     0.985938        49240        71.11
       5.823     0.987500        49319        80.00
       5.991     0.989062        49396        91.43
       6.303     0.990625        49474       106.67
       6.579     0.992188        49552       128.00
       6.767     0.992969        49591       142.22
       6.955     0.993750        49630       160.00
       7.171     0.994531        49671       182.86
       7.563     0.995313        49708       213.33
       7.891     0.996094        49747       256.00
       8.063     0.996484        49768       284.44
       8.407     0.996875        49786       320.00
       8.719     0.997266        49806       365.71
       9.071     0.997656        49828       426.67
       9.487     0.998047        49846       512.00
       9.783     0.998242        49856       568.89
      10.151     0.998437        49864       640.00
      10.655     0.998633        49874       731.43
      11.431     0.998828        49884       853.33
      12.303     0.999023        49894      1024.00
      12.823     0.999121        49899      1137.78
      13.151     0.999219        49903      1280.00
      13.719     0.999316        49908      1462.86
      14.327     0.999414        49913      1706.67
      14.639     0.999512        49918      2048.00
      15.079     0.999561        49921      2275.56
      15.215     0.999609        49923      2560.00
      15.671     0.999658        49925      2925.71
      16.311     0.999707        49928      3413.33
      16.943     0.999756        49930      4096.00
      17.199     0.999780        49932      4551.11
      17.679     0.999805        49933      5120.00
      17.775     0.999829        49934      5851.43
      18.047     0.999854        49935      6826.67
      18.255     0.999878        49936      8192.00
      18.703     0.999890        49937      9102.22
      18.799     0.999902        49938     10240.00
      18.799     0.999915        49938     11702.86
      19.071     0.999927        49939     13653.33
      19.071     0.999939        49939     16384.00
      19.087     0.999945        49940     18204.44
      19.087     0.999951        49940     20480.00
      19.087     0.999957        49940     23405.71
      19.631     0.999963        49941     27306.67
      19.631     0.999969        49941     32768.00
      19.631     0.999973        49941     36408.89
      19.631     0.999976        49941     40960.00
      19.631     0.999979        49941     46811.43
      20.063     0.999982        49942     54613.33
      20.063     1.000000        49942          inf
#[Mean    =        1.726, StdDeviation   =        1.222]
#[Max     =       20.048, Total count    =        49942]
#[Buckets =           27, SubBuckets     =         2048]
----------------------------------------------------------
  49950 requests in 10.00s, 8.34MB read
Requests/sec:   4994.48
Transfer/sec:    853.55KB
