Running 10s test @ http://localhost
  2 threads and 10 connections
  Thread Stats   Avg      Stdev     Max   +/- Stdev
    Latency     1.79ms    1.23ms  14.23ms   83.91%
    Req/Sec       -nan      -nan   0.00      0.00%
  Latency Distribution (HdrHistogram - Recorded Latency)
 50.000%    1.49ms
 75.000%    2.13ms
 90.000%    3.27ms
 99.000%    6.15ms
 99.900%   11.28ms
 99.990%   13.30ms
 99.999%   14.24ms
100.000%   14.24ms

  Detailed Percentile spectrum:
       Value   Percentile   TotalCount 1/(1-Percentile)

       0.152     0.000000            1         1.00
       0.707     0.100000         5003         1.11
       0.900     0.200000        10002         1.25
       1.083     0.300000        14991         1.43
       1.277     0.400000        19994         1.67
       1.488     0.500000        24982         2.00
       1.600     0.550000        27471         2.22
       1.713     0.600000        29983         2.50
       1.833     0.650000        32477         2.86
       1.966     0.700000        34964         3.33
       2.131     0.750000        37459         4.00
       2.235     0.775000        38721         4.44
       2.363     0.800000        39963         5.00
       2.525     0.825000        41204         5.71
       2.719     0.850000        42459         6.67
       2.967     0.875000        43707         8.00
       3.097     0.887500        44326         8.89
       3.271     0.900000        44953        10.00
       3.449     0.912500        45579        11.43
       3.661     0.925000        46199        13.33
       3.949     0.937500        46823        16.00
       4.107     0.943750        47141        17.78
       4.255     0.950000        47454        20.00
       4.427     0.956250        47764        22.86
       4.623     0.962500        48074        26.67
       4.823     0.968750        48385        32.00
       4.959     0.971875        48546        35.56
       5.095     0.975000        48699        40.00
       5.247     0.978125        48852        45.71
       5.411     0.981250        49011        53.33
       5.623     0.984375        49165        64.00
       5.755     0.985938        49242        71.11
       5.907     0.987500        49321        80.00
       6.055     0.989062        49399        91.43
       6.227     0.990625        49479       106.67
       6.483     0.992188        49554       128.00
       6.651     0.992969        49594       142.22
       6.839     0.993750        49632       160.00
       7.123     0.994531        49672       182.86
       7.403     0.995313        49710       213.33
       7.795     0.996094        49749       256.00
       8.055     0.996484        49769       284.44
       8.359     0.996875        49788       320.00
       8.695     0.997266        49808       365.71
       9.111     0.997656        49827       426.67
       9.591     0.998047        49847       512.00
       9.903     0.998242        49857       568.89
      10.087     0.998437        49867       640.00
      10.471     0.998633        49876       731.43
      10.775     0.998828        49886       853.33
      11.311     0.999023        49896      1024.00
      11.391     0.999121        49901      1137.78
      11.463     0.999219        49905      1280.00
      11.815     0.999316        49910      1462.86
      12.023     0.999414        49915      1706.67
      12.271     0.999512        49921      2048.00
      12.471     0.999561        49923      2275.56
      12.559     0.999609        49925      2560.00
      12.639     0.999658        49927      2925.71
      12.831     0.999707        49930      3413.33
      12.887     0.999756        49932      4096.00
      12.911     0.999780        49934      4551.11
      12.959     0.999805        49935      5120.00
      13.047     0.999829        49936      5851.43
      13.055     0.999854        49937      6826.67
      13.295     0.999878        49938      8192.00
      13.303     0.999890        49939      9102.22
      13.455     0.999902        49941     10240.00
      13.455     0.999915        49941     11702.86
      13.455     0.999927        49941     13653.33
      13.455     0.999939        49941     16384.00
      13.935     0.999945        49943     18204.44
      13.935     0.999951        49943     20480.00
      13.935     0.999957        49943     23405.71
      13.935     0.999963        49943     27306.67
      13.935     0.999969        49943     32768.00
      13.935     0.999973        49943     36408.89
      13.935     0.999976        49943     40960.00
      13.935     0.999979        49943     46811.43
      14.239     0.999982        49944     54613.33
      14.239     1.000000        49944          inf
#[Mean    =        1.789, StdDeviation   =        1.230]
#[Max     =       14.232, Total count    =        49944]
#[Buckets =           27, SubBuckets     =         2048]
----------------------------------------------------------
  49950 requests in 10.00s, 8.34MB read
Requests/sec:   4993.98
Transfer/sec:    853.46KB
