Running 10s test @ http://localhost
  2 threads and 10 connections
  Thread Stats   Avg      Stdev     Max   +/- Stdev
    Latency     1.30ms  790.36us  12.71ms   83.27%
    Req/Sec       -nan      -nan   0.00      0.00%
  Latency Distribution (HdrHistogram - Recorded Latency)
 50.000%    1.20ms
 75.000%    1.63ms
 90.000%    2.08ms
 99.000%    3.06ms
 99.900%   10.73ms
 99.990%   12.46ms
 99.999%   12.72ms
100.000%   12.72ms

  Detailed Percentile spectrum:
       Value   Percentile   TotalCount 1/(1-Percentile)

       0.152     0.000000            1         1.00
       0.557     0.100000         4999         1.11
       0.716     0.200000        10003         1.25
       0.888     0.300000        15000         1.43
       1.061     0.400000        19988         1.67
       1.204     0.500000        24985         2.00
       1.275     0.550000        27487         2.22
       1.349     0.600000        29994         2.50
       1.429     0.650000        32472         2.86
       1.521     0.700000        34991         3.33
       1.628     0.750000        37461         4.00
       1.693     0.775000        38726         4.44
       1.757     0.800000        39975         5.00
       1.831     0.825000        41211         5.71
       1.911     0.850000        42463         6.67
       1.993     0.875000        43705         8.00
       2.034     0.887500        44331         8.89
       2.079     0.900000        44979        10.00
       2.125     0.912500        45595        11.43
       2.173     0.925000        46204        13.33
       2.233     0.937500        46842        16.00
       2.267     0.943750        47151        17.78
       2.301     0.950000        47477        20.00
       2.341     0.956250        47772        22.86
       2.389     0.962500        48084        26.67
       2.449     0.968750        48394        32.00
       2.485     0.971875        48547        35.56
       2.527     0.975000        48705        40.00
       2.571     0.978125        48865        45.71
       2.625     0.981250        49015        53.33
       2.707     0.984375        49168        64.00
       2.757     0.985938        49246        71.11
       2.833     0.987500        49325        80.00
       2.951     0.989062        49404        91.43
       3.161     0.990625        49480       106.67
       3.461     0.992188        49558       128.00
       3.729     0.992969        49597       142.22
       4.211     0.993750        49636       160.00
       4.727     0.994531        49675       182.86
       5.539     0.995313        49714       213.33
       6.375     0.996094        49753       256.00
       6.923     0.996484        49773       284.44
       7.463     0.996875        49794       320.00
       8.079     0.997266        49812       365.71
       8.767     0.997656        49831       426.67
       9.335     0.998047        49852       512.00
       9.639     0.998242        49861       568.89
       9.887     0.998437        49870       640.00
      10.247     0.998633        49880       731.43
      10.463     0.998828        49890       853.33
      10.743     0.999023        49901      1024.00
      10.903     0.999121        49905      1137.78
      11.031     0.999219        49909      1280.00
      11.223     0.999316        49914      1462.86
      11.303     0.999414        49919      1706.67
      11.639     0.999512        49924      2048.00
      11.751     0.999561        49927      2275.56
      11.799     0.999609        49929      2560.00
      11.839     0.999658        49933      2925.71
      11.871     0.999707        49934      3413.33
      11.911     0.999756        49936      4096.00
      12.071     0.999780        49938      4551.11
      12.079     0.999805        49939      5120.00
      12.271     0.999829        49940      5851.43
      12.359     0.999854        49941      6826.67
      12.415     0.999878        49942      8192.00
      12.463     0.999890        49944      9102.22
      12.463     0.999902        49944     10240.00
      12.463     0.999915        49944     11702.86
      12.663     0.999927        49945     13653.33
      12.663     0.999939        49945     16384.00
      12.671     0.999945        49946     18204.44
      12.671     0.999951        49946     20480.00
      12.671     0.999957        49946     23405.71
      12.679     0.999963        49947     27306.67
      12.679     0.999969        49947     32768.00
      12.679     0.999973        49947     36408.89
      12.679     0.999976        49947     40960.00
      12.679     0.999979        49947     46811.43
      12.719     0.999982        49948     54613.33
      12.719     1.000000        49948          inf
#[Mean    =        1.296, StdDeviation   =        0.790]
#[Max     =       12.712, Total count    =        49948]
#[Buckets =           27, SubBuckets     =         2048]
----------------------------------------------------------
  49950 requests in 10.00s, 8.34MB read
Requests/sec:   4995.06
Transfer/sec:    853.65KB
