Running 10s test @ http://localhost
  2 threads and 10 connections
  Thread Stats   Avg      Stdev     Max   +/- Stdev
    Latency     1.27ms  707.55us  13.26ms   84.02%
    Req/Sec       -nan      -nan   0.00      0.00%
  Latency Distribution (HdrHistogram - Recorded Latency)
 50.000%    1.15ms
 75.000%    1.61ms
 90.000%    1.96ms
 99.000%    2.88ms
 99.900%    9.70ms
 99.990%   12.75ms
 99.999%   13.26ms
100.000%   13.26ms

  Detailed Percentile spectrum:
       Value   Percentile   TotalCount 1/(1-Percentile)

       0.129     0.000000            1         1.00
       0.625     0.100000         5018         1.11
       0.766     0.200000        10013         1.25
       0.887     0.300000        15014         1.43
       1.009     0.400000        19994         1.67
       1.150     0.500000        24975         2.00
       1.234     0.550000        27477         2.22
       1.324     0.600000        29972         2.50
       1.420     0.650000        32503         2.86
       1.513     0.700000        34977         3.33
       1.605     0.750000        37489         4.00
       1.653     0.775000        38732         4.44
       1.704     0.800000        39978         5.00
       1.756     0.825000        41217         5.71
       1.820     0.850000        42466         6.67
       1.890     0.875000        43720         8.00
       1.925     0.887500        44339         8.89
       1.962     0.900000        44965        10.00
       2.004     0.912500        45583        11.43
       2.049     0.925000        46211        13.33
       2.101     0.937500        46853        16.00
       2.129     0.943750        47145        17.78
       2.163     0.950000        47453        20.00
       2.197     0.956250        47775        22.86
       2.235     0.962500        48079        26.67
       2.285     0.968750        48392        32.00
       2.315     0.971875        48546        35.56
       2.355     0.975000        48702        40.00
       2.397     0.978125        48860        45.71
       2.471     0.981250        49016        53.33
       2.555     0.984375        49171        64.00
       2.599     0.985938        49248        71.11
       2.683     0.987500        49326        80.00
       2.785     0.989062        49404        91.43
       2.931     0.990625        49484       106.67
       3.095     0.992188        49560       128.00
       3.309     0.992969        49599       142.22
       3.589     0.993750        49638       160.00
       4.043     0.994531        49677       182.86
       4.591     0.995313        49716       213.33
       5.215     0.996094        49756       256.00
       5.763     0.996484        49775       284.44
       6.203     0.996875        49794       320.00
       6.931     0.997266        49814       365.71
       7.439     0.997656        49833       426.67
       8.311     0.998047        49853       512.00
       8.575     0.998242        49863       568.89
       8.879     0.998437        49872       640.00
       9.199     0.998633        49882       731.43
       9.463     0.998828        49892       853.33
       9.743     0.999023        49902      1024.00
      10.063     0.999121        49907      1137.78
      10.263     0.999219        49911      1280.00
      10.751     0.999316        49917      1462.86
      10.863     0.999414        49921      1706.67
      11.111     0.999512        49926      2048.00
      11.351     0.999561        49929      2275.56
      11.487     0.999609        49931      2560.00
      11.687     0.999658        49933      2925.71
      12.007     0.999707        49936      3413.33
      12.191     0.999756        49938      4096.00
      12.335     0.999780        49941      4551.11
      12.335     0.999805        49941      5120.00
      12.495     0.999829        49942      5851.43
      12.655     0.999854        49943      6826.67
      12.687     0.999878        49944      8192.00
      12.751     0.999890        49945      9102.22
      12.839     0.999902        49946     10240.00
      12.839     0.999915        49946     11702.86
      12.951     0.999927        49947     13653.33
      12.951     0.999939        49947     16384.00
      13.159     0.999945        49948     18204.44
      13.159     0.999951        49948     20480.00
      13.159     0.999957        49948     23405.71
      13.207     0.999963        49949     27306.67
      13.207     0.999969        49949     32768.00
      13.207     0.999973        49949     36408.89
      13.207     0.999976        49949     40960.00
      13.207     0.999979        49949     46811.43
      13.263     0.999982        49950     54613.33
      13.263     1.000000        49950          inf
#[Mean    =        1.266, StdDeviation   =        0.708]
#[Max     =       13.256, Total count    =        49950]
#[Buckets =           27, SubBuckets     =         2048]
----------------------------------------------------------
  49952 requests in 10.00s, 8.34MB read
Requests/sec:   4994.62
Transfer/sec:    853.57KB
