Running 10s test @ http://localhost
  2 threads and 10 connections
  Thread Stats   Avg      Stdev     Max   +/- Stdev
    Latency     2.18ms    2.85ms  35.33ms   92.18%
    Req/Sec       -nan      -nan   0.00      0.00%
  Latency Distribution (HdrHistogram - Recorded Latency)
 50.000%    1.36ms
 75.000%    1.92ms
 90.000%    3.93ms
 99.000%   16.21ms
 99.900%   24.42ms
 99.990%   29.79ms
 99.999%   35.36ms
100.000%   35.36ms

  Detailed Percentile spectrum:
       Value   Percentile   TotalCount 1/(1-Percentile)

       0.121     0.000000            1         1.00
       0.749     0.100000         4997         1.11
       0.924     0.200000        10010         1.25
       1.076     0.300000        15007         1.43
       1.214     0.400000        19979         1.67
       1.363     0.500000        24965         2.00
       1.445     0.550000        27482         2.22
       1.535     0.600000        29970         2.50
       1.638     0.650000        32457         2.86
       1.763     0.700000        34966         3.33
       1.916     0.750000        37460         4.00
       2.016     0.775000        38707         4.44
       2.163     0.800000        39957         5.00
       2.375     0.825000        41193         5.71
       2.705     0.850000        42443         6.67
       3.229     0.875000        43688         8.00
       3.565     0.887500        44313         8.89
       3.935     0.900000        44937        10.00
       4.471     0.912500        45561        11.43
       5.195     0.925000        46192        13.33
       6.063     0.937500        46811        16.00
       6.775     0.943750        47121        17.78
       7.459     0.950000        47434        20.00
       8.351     0.956250        47749        22.86
       9.335     0.962500        48059        26.67
      10.551     0.968750        48369        32.00
      11.231     0.971875        48525        35.56
      11.911     0.975000        48681        40.00
      12.847     0.978125        48840        45.71
      13.527     0.981250        48993        53.33
      14.375     0.984375        49149        64.00
      14.807     0.985938        49229        71.11
      15.231     0.987500        49308        80.00
      15.799     0.989062        49383        91.43
      16.447     0.990625        49461       106.67
      17.119     0.992188        49539       128.00
      17.407     0.992969        49578       142.22
      17.903     0.993750        49617       160.00
      18.463     0.994531        49657       182.86
      18.943     0.995313        49696       213.33
      19.551     0.996094        49735       256.00
      19.871     0.996484        49754       284.44
      20.239     0.996875        49773       320.00
      21.039     0.997266        49793       365.71
      21.375     0.997656        49812       426.67
      22.175     0.998047        49834       512.00
      22.383     0.998242        49843       568.89
      22.847     0.998437        49851       640.00
      23.279     0.998633        49861       731.43
      23.903     0.998828        49871       853.33
      24.703     0.999023        49881      1024.00
      24.943     0.999121        49886      1137.78
      25.279     0.999219        49890      1280.00
      25.679     0.999316        49895      1462.86
      26.287     0.999414        49900      1706.67
      26.479     0.999512        49905      2048.00
      26.879     0.999561        49908      2275.56
      27.135     0.999609        49910      2560.00
      27.343     0.999658        49912      2925.71
      28.015     0.999707        49915      3413.33
      28.271     0.999756        49917      4096.00
      28.335     0.999780        49919      4551.11
      28.351     0.999805        49920      5120.00
      28.607     0.999829        49921      5851.43
      29.551     0.999854        49922      6826.67
      29.711     0.999878        49923      8192.00
      29.791     0.999890        49924      9102.22
      31.023     0.999902        49925     10240.00
      31.023     0.999915        49925     11702.86
      31.231     0.999927        49926     13653.33
      31.231     0.999939        49926     16384.00
      32.447     0.999945        49927     18204.44
      32.447     0.999951        49927     20480.00
      32.447     0.999957        49927     23405.71
      33.951     0.999963        49928     27306.67
      33.951     0.999969        49928     32768.00
      33.951     0.999973        49928     36408.89
      33.951     0.999976        49928     40960.00
      33.951     0.999979        49928     46811.43
      35.359     0.999982        49929     54613.33
      35.359     1.000000        49929          inf
#[Mean    =        2.182, StdDeviation   =        2.846]
#[Max     =       35.328, Total count    =        49929]
#[Buckets =           27, SubBuckets     =         2048]
----------------------------------------------------------
  49934 requests in 10.00s, 8.33MB read
Requests/sec:   4992.76
Transfer/sec:    853.25KB
