Running 10s test @ http://localhost
  2 threads and 10 connections
  Thread Stats   Avg      Stdev     Max   +/- Stdev
    Latency     1.76ms    1.18ms  14.14ms   84.66%
    Req/Sec       -nan      -nan   0.00      0.00%
  Latency Distribution (HdrHistogram - Recorded Latency)
 50.000%    1.46ms
 75.000%    2.07ms
 90.000%    3.15ms
 99.000%    6.22ms
 99.900%    9.60ms
 99.990%   12.45ms
 99.999%   14.15ms
100.000%   14.15ms

  Detailed Percentile spectrum:
       Value   Percentile   TotalCount 1/(1-Percentile)

       0.149     0.000000            1         1.00
       0.731     0.100000         5027         1.11
       0.905     0.200000         9996         1.25
       1.087     0.300000        14985         1.43
       1.278     0.400000        19995         1.67
       1.461     0.500000        24975         2.00
       1.563     0.550000        27470         2.22
       1.672     0.600000        29972         2.50
       1.787     0.650000        32481         2.86
       1.914     0.700000        34970         3.33
       2.067     0.750000        37461         4.00
       2.173     0.775000        38710         4.44
       2.297     0.800000        39973         5.00
       2.445     0.825000        41221         5.71
       2.625     0.850000        42469         6.67
       2.869     0.875000        43708         8.00
       3.003     0.887500        44333         8.89
       3.155     0.900000        44955        10.00
       3.347     0.912500        45581        11.43
       3.561     0.925000        46208        13.33
       3.821     0.937500        46825        16.00
       3.971     0.943750        47138        17.78
       4.147     0.950000        47448        20.00
       4.311     0.956250        47760        22.86
       4.511     0.962500        48075        26.67
       4.739     0.968750        48385        32.00
       4.867     0.971875        48543        35.56
       5.015     0.975000        48698        40.00
       5.179     0.978125        48855        45.71
       5.375     0.981250        49010        53.33
       5.579     0.984375        49167        64.00
       5.719     0.985938        49243        71.11
       5.879     0.987500        49321        80.00
       6.067     0.989062        49399        91.43
       6.311     0.990625        49477       106.67
       6.631     0.992188        49556       128.00
       6.779     0.992969        49595       142.22
       6.935     0.993750        49633       160.00
       7.163     0.994531        49672       182.86
       7.363     0.995313        49711       213.33
       7.675     0.996094        49750       256.00
       7.807     0.996484        49773       284.44
       7.967     0.996875        49789       320.00
       8.199     0.997266        49809       365.71
       8.471     0.997656        49828       426.67
       8.735     0.998047        49848       512.00
       8.911     0.998242        49859       568.89
       9.015     0.998437        49867       640.00
       9.167     0.998633        49877       731.43
       9.359     0.998828        49887       853.33
       9.647     0.999023        49897      1024.00
       9.855     0.999121        49902      1137.78
       9.935     0.999219        49906      1280.00
      10.087     0.999316        49911      1462.86
      10.367     0.999414        49916      1706.67
      10.711     0.999512        49921      2048.00
      11.007     0.999561        49924      2275.56
      11.039     0.999609        49927      2560.00
      11.111     0.999658        49928      2925.71
      11.287     0.999707        49931      3413.33
      11.567     0.999756        49933      4096.00
      11.879     0.999780        49935      4551.11
      12.207     0.999805        49936      5120.00
      12.215     0.999829        49937      5851.43
      12.335     0.999854        49938      6826.67
      12.343     0.999878        49939      8192.00
      12.447     0.999890        49941      9102.22
      12.447     0.999902        49941     10240.00
      12.447     0.999915        49941     11702.86
      12.767     0.999927        49942     13653.33
      12.767     0.999939        49942     16384.00
      13.399     0.999945        49943     18204.44
      13.399     0.999951        49943     20480.00
      13.399     0.999957        49943     23405.71
      13.407     0.999963        49944     27306.67
      13.407     0.999969        49944     32768.00
      13.407     0.999973        49944     36408.89
      13.407     0.999976        49944     40960.00
      13.407     0.999979        49944     46811.43
      14.151     0.999982        49945     54613.33
      14.151     1.000000        49945          inf
#[Mean    =        1.759, StdDeviation   =        1.178]
#[Max     =       14.144, Total count    =        49945]
#[Buckets =           27, SubBuckets     =         2048]
----------------------------------------------------------
  49950 requests in 10.00s, 8.34MB read
Requests/sec:   4994.55
Transfer/sec:    853.56KB
