Running 10s test @ http://localhost
  2 threads and 10 connections
  Thread Stats   Avg      Stdev     Max   +/- Stdev
    Latency     1.34ms  714.18us  15.32ms   79.01%
    Req/Sec       -nan      -nan   0.00      0.00%
  Latency Distribution (HdrHistogram - Recorded Latency)
 50.000%    1.26ms
 75.000%    1.72ms
 90.000%    2.08ms
 99.000%    3.00ms
 99.900%    9.63ms
 99.990%   14.56ms
 99.999%   15.33ms
100.000%   15.33ms

  Detailed Percentile spectrum:
       Value   Percentile   TotalCount 1/(1-Percentile)

       0.135     0.000000            1         1.00
       0.623     0.100000         5007         1.11
       0.796     0.200000        10002         1.25
       0.953     0.300000        14994         1.43
       1.104     0.400000        19987         1.67
       1.262     0.500000        24996         2.00
       1.345     0.550000        27484         2.22
       1.430     0.600000        29976         2.50
       1.527     0.650000        32494         2.86
       1.626     0.700000        34977         3.33
       1.724     0.750000        37463         4.00
       1.773     0.775000        38713         4.44
       1.826     0.800000        39969         5.00
       1.881     0.825000        41215         5.71
       1.940     0.850000        42469         6.67
       2.006     0.875000        43713         8.00
       2.042     0.887500        44329         8.89
       2.083     0.900000        44972        10.00
       2.127     0.912500        45600        11.43
       2.175     0.925000        46201        13.33
       2.231     0.937500        46835        16.00
       2.267     0.943750        47152        17.78
       2.303     0.950000        47459        20.00
       2.345     0.956250        47763        22.86
       2.397     0.962500        48076        26.67
       2.457     0.968750        48386        32.00
       2.489     0.971875        48543        35.56
       2.529     0.975000        48701        40.00
       2.575     0.978125        48857        45.71
       2.639     0.981250        49009        53.33
       2.741     0.984375        49166        64.00
       2.803     0.985938        49247        71.11
       2.863     0.987500        49321        80.00
       2.951     0.989062        49399        91.43
       3.047     0.990625        49477       106.67
       3.213     0.992188        49555       128.00
       3.323     0.992969        49595       142.22
       3.489     0.993750        49633       160.00
       3.669     0.994531        49672       182.86
       3.949     0.995313        49712       213.33
       4.287     0.996094        49750       256.00
       4.563     0.996484        49770       284.44
       5.123     0.996875        49790       320.00
       5.447     0.997266        49809       365.71
       5.879     0.997656        49828       426.67
       6.515     0.998047        49848       512.00
       7.023     0.998242        49858       568.89
       7.591     0.998437        49867       640.00
       8.391     0.998633        49877       731.43
       8.919     0.998828        49887       853.33
       9.791     0.999023        49897      1024.00
      10.007     0.999121        49902      1137.78
      10.247     0.999219        49906      1280.00
      10.703     0.999316        49911      1462.86
      11.359     0.999414        49916      1706.67
      11.583     0.999512        49921      2048.00
      11.935     0.999561        49924      2275.56
      12.103     0.999609        49926      2560.00
      12.279     0.999658        49928      2925.71
      12.807     0.999707        49931      3413.33
      12.863     0.999756        49933      4096.00
      13.319     0.999780        49936      4551.11
      13.319     0.999805        49936      5120.00
      13.479     0.999829        49937      5851.43
      14.079     0.999854        49938      6826.67
      14.375     0.999878        49939      8192.00
      14.559     0.999890        49940      9102.22
      14.591     0.999902        49941     10240.00
      14.591     0.999915        49941     11702.86
      14.927     0.999927        49942     13653.33
      14.927     0.999939        49942     16384.00
      15.039     0.999945        49943     18204.44
      15.039     0.999951        49943     20480.00
      15.039     0.999957        49943     23405.71
      15.191     0.999963        49944     27306.67
      15.191     0.999969        49944     32768.00
      15.191     0.999973        49944     36408.89
      15.191     0.999976        49944     40960.00
      15.191     0.999979        49944     46811.43
      15.327     0.999982        49945     54613.33
      15.327     1.000000        49945          inf
#[Mean    =        1.344, StdDeviation   =        0.714]
#[Max     =       15.320, Total count    =        49945]
#[Buckets =           27, SubBuckets     =         2048]
----------------------------------------------------------
  49950 requests in 10.00s, 8.34MB read
Requests/sec:   4994.48
Transfer/sec:    853.55KB
