Running 10s test @ http://localhost
  2 threads and 10 connections
  Thread Stats   Avg      Stdev     Max   +/- Stdev
    Latency     1.37ms    0.98ms  17.73ms   93.14%
    Req/Sec       -nan      -nan   0.00      0.00%
  Latency Distribution (HdrHistogram - Recorded Latency)
 50.000%    1.25ms
 75.000%    1.67ms
 90.000%    2.12ms
 99.000%    3.97ms
 99.900%   13.46ms
 99.990%   16.17ms
 99.999%   17.74ms
100.000%   17.74ms

  Detailed Percentile spectrum:
       Value   Percentile   TotalCount 1/(1-Percentile)

       0.143     0.000000            1         1.00
       0.611     0.100000         5020         1.11
       0.785     0.200000        10011         1.25
       0.947     0.300000        15001         1.43
       1.104     0.400000        19985         1.67
       1.251     0.500000        24974         2.00
       1.324     0.550000        27480         2.22
       1.401     0.600000        29975         2.50
       1.482     0.650000        32503         2.86
       1.572     0.700000        34991         3.33
       1.674     0.750000        37466         4.00
       1.731     0.775000        38728         4.44
       1.792     0.800000        39955         5.00
       1.862     0.825000        41218         5.71
       1.940     0.850000        42453         6.67
       2.027     0.875000        43705         8.00
       2.073     0.887500        44344         8.89
       2.123     0.900000        44974        10.00
       2.171     0.912500        45590        11.43
       2.227     0.925000        46214        13.33
       2.291     0.937500        46838        16.00
       2.327     0.943750        47145        17.78
       2.367     0.950000        47447        20.00
       2.407     0.956250        47763        22.86
       2.467     0.962500        48075        26.67
       2.537     0.968750        48388        32.00
       2.579     0.971875        48540        35.56
       2.631     0.975000        48698        40.00
       2.693     0.978125        48852        45.71
       2.789     0.981250        49008        53.33
       2.943     0.984375        49163        64.00
       3.067     0.985938        49241        71.11
       3.273     0.987500        49319        80.00
       3.653     0.989062        49397        91.43
       4.367     0.990625        49475       106.67
       5.627     0.992188        49553       128.00
       6.371     0.992969        49592       142.22
       6.959     0.993750        49631       160.00
       7.799     0.994531        49670       182.86
       8.463     0.995313        49709       213.33
       9.447     0.996094        49748       256.00
       9.671     0.996484        49768       284.44
      10.079     0.996875        49787       320.00
      10.823     0.997266        49807       365.71
      11.295     0.997656        49826       426.67
      11.879     0.998047        49846       512.00
      12.303     0.998242        49856       568.89
      12.495     0.998437        49865       640.00
      12.863     0.998633        49875       731.43
      13.279     0.998828        49886       853.33
      13.663     0.999023        49895      1024.00
      13.903     0.999121        49901      1137.78
      13.999     0.999219        49904      1280.00
      14.111     0.999316        49909      1462.86
      14.279     0.999414        49914      1706.67
      14.671     0.999512        49919      2048.00
      14.791     0.999561        49922      2275.56
      14.919     0.999609        49924      2560.00
      15.047     0.999658        49926      2925.71
      15.575     0.999707        49929      3413.33
      15.631     0.999756        49931      4096.00
      15.743     0.999780        49933      4551.11
      15.775     0.999805        49934      5120.00
      15.879     0.999829        49935      5851.43
      15.919     0.999854        49936      6826.67
      16.159     0.999878        49937      8192.00
      16.175     0.999890        49938      9102.22
      16.431     0.999902        49939     10240.00
      16.431     0.999915        49939     11702.86
      16.559     0.999927        49940     13653.33
      16.559     0.999939        49940     16384.00
      16.575     0.999945        49941     18204.44
      16.575     0.999951        49941     20480.00
      16.575     0.999957        49941     23405.71
      16.991     0.999963        49942     27306.67
      16.991     0.999969        49942     32768.00
      16.991     0.999973        49942     36408.89
      16.991     0.999976        49942     40960.00
      16.991     0.999979        49942     46811.43
      17.743     0.999982        49943     54613.33
      17.743     1.000000        49943          inf
#[Mean    =        1.374, StdDeviation   =        0.982]
#[Max     =       17.728, Total count    =        49943]
#[Buckets =           27, SubBuckets     =         2048]
----------------------------------------------------------
  49945 requests in 10.00s, 8.34MB read
Requests/sec:   4994.51
Transfer/sec:    853.55KB
