Running 10s test @ http://localhost
  2 threads and 10 connections
  Thread Stats   Avg      Stdev     Max   +/- Stdev
    Latency     1.38ms    1.09ms  16.80ms   95.80%
    Req/Sec       -nan      -nan   0.00      0.00%
  Latency Distribution (HdrHistogram - Recorded Latency)
 50.000%    1.23ms
 75.000%    1.71ms
 90.000%    2.11ms
 99.000%    5.97ms
 99.900%   13.44ms
 99.990%   15.11ms
 99.999%   16.82ms
100.000%   16.82ms

  Detailed Percentile spectrum:
       Value   Percentile   TotalCount 1/(1-Percentile)

       0.121     0.000000            2         1.00
       0.552     0.100000         5006         1.11
       0.746     0.200000         9999         1.25
       0.926     0.300000        15016         1.43
       1.080     0.400000        19984         1.67
       1.231     0.500000        24981         2.00
       1.312     0.550000        27474         2.22
       1.398     0.600000        29987         2.50
       1.488     0.650000        32478         2.86
       1.591     0.700000        34976         3.33
       1.708     0.750000        37471         4.00
       1.770     0.775000        38723         4.44
       1.829     0.800000        39958         5.00
       1.891     0.825000        41213         5.71
       1.957     0.850000        42462         6.67
       2.030     0.875000        43705         8.00
       2.071     0.887500        44353         8.89
       2.111     0.900000        44958        10.00
       2.157     0.912500        45585        11.43
       2.205     0.925000        46209        13.33
       2.263     0.937500        46846        16.00
       2.297     0.943750        47147        17.78
       2.335     0.950000        47469        20.00
       2.373     0.956250        47762        22.86
       2.429     0.962500        48083        26.67
       2.499     0.968750        48387        32.00
       2.543     0.971875        48548        35.56
       2.601     0.975000        48703        40.00
       2.687     0.978125        48855        45.71
       2.829     0.981250        49011        53.33
       3.173     0.984375        49166        64.00
       3.537     0.985938        49244        71.11
       4.467     0.987500        49322        80.00
       5.295     0.989062        49400        91.43
       6.291     0.990625        49478       106.67
       7.311     0.992188        49556       128.00
       8.059     0.992969        49596       142.22
       8.503     0.993750        49635       160.00
       9.391     0.994531        49673       182.86
      10.087     0.995313        49712       213.33
      10.911     0.996094        49751       256.00
      11.367     0.996484        49771       284.44
      11.799     0.996875        49790       320.00
      12.111     0.997266        49810       365.71
      12.463     0.997656        49830       426.67
      12.647     0.998047        49850       512.00
      12.863     0.998242        49859       568.89
      12.967     0.998437        49868       640.00
      13.119     0.998633        49878       731.43
      13.335     0.998828        49889       853.33
      13.447     0.999023        49898      1024.00
      13.583     0.999121        49903      1137.78
      13.695     0.999219        49907      1280.00
      13.815     0.999316        49912      1462.86
      13.863     0.999414        49917      1706.67
      14.031     0.999512        49923      2048.00
      14.063     0.999561        49925      2275.56
      14.111     0.999609        49927      2560.00
      14.223     0.999658        49929      2925.71
      14.287     0.999707        49932      3413.33
      14.415     0.999756        49934      4096.00
      14.463     0.999780        49936      4551.11
      14.719     0.999805        49937      5120.00
      14.943     0.999829        49938      5851.43
      14.983     0.999854        49939      6826.67
      14.999     0.999878        49940      8192.00
      15.111     0.999890        49941      9102.22
      15.127     0.999902        49942     10240.00
      15.127     0.999915        49942     11702.86
      15.159     0.999927        49943     13653.33
      15.159     0.999939        49943     16384.00
      15.359     0.999945        49944     18204.44
      15.359     0.999951        49944     20480.00
      15.359     0.999957        49944     23405.71
      15.647     0.999963        49945     27306.67
      15.647     0.999969        49945     32768.00
      15.647     0.999973        49945     36408.89
      15.647     0.999976        49945     40960.00
      15.647     0.999979        49945     46811.43
      16.815     0.999982        49946     54613.33
      16.815     1.000000        49946          inf
#[Mean    =        1.376, StdDeviation   =        1.088]
#[Max     =       16.800, Total count    =        49946]
#[Buckets =           27, SubBuckets     =         2048]
----------------------------------------------------------
  49948 requests in 10.00s, 8.34MB read
Requests/sec:   4994.52
Transfer/sec:    853.56KB
