Running 10s test @ http://localhost
  2 threads and 10 connections
  Thread Stats   Avg      Stdev     Max   +/- Stdev
    Latency     1.84ms    1.38ms  16.96ms   85.66%
    Req/Sec       -nan      -nan   0.00      0.00%
  Latency Distribution (HdrHistogram - Recorded Latency)
 50.000%    1.49ms
 75.000%    2.19ms
 90.000%    3.45ms
 99.000%    7.26ms
 99.900%   12.06ms
 99.990%   14.87ms
 99.999%   16.98ms
100.000%   16.98ms

  Detailed Percentile spectrum:
       Value   Percentile   TotalCount 1/(1-Percentile)

       0.145     0.000000            1         1.00
       0.651     0.100000         5015         1.11
       0.870     0.200000        10007         1.25
       1.075     0.300000        14998         1.43
       1.272     0.400000        19983         1.67
       1.486     0.500000        24974         2.00
       1.599     0.550000        27478         2.22
       1.725     0.600000        29987         2.50
       1.857     0.650000        32484         2.86
       2.004     0.700000        34963         3.33
       2.191     0.750000        37465         4.00
       2.307     0.775000        38725         4.44
       2.435     0.800000        39961         5.00
       2.605     0.825000        41219         5.71
       2.821     0.850000        42458         6.67
       3.091     0.875000        43701         8.00
       3.257     0.887500        44326         8.89
       3.455     0.900000        44955        10.00
       3.655     0.912500        45576        11.43
       3.907     0.925000        46200        13.33
       4.203     0.937500        46829        16.00
       4.359     0.943750        47136        17.78
       4.531     0.950000        47453        20.00
       4.711     0.956250        47763        22.86
       4.947     0.962500        48074        26.67
       5.219     0.968750        48387        32.00
       5.403     0.971875        48544        35.56
       5.583     0.975000        48699        40.00
       5.775     0.978125        48855        45.71
       6.051     0.981250        49008        53.33
       6.387     0.984375        49164        64.00
       6.587     0.985938        49243        71.11
       6.835     0.987500        49320        80.00
       7.091     0.989062        49398        91.43
       7.383     0.990625        49476       106.67
       7.755     0.992188        49554       128.00
       7.979     0.992969        49593       142.22
       8.179     0.993750        49632       160.00
       8.495     0.994531        49671       182.86
       8.823     0.995313        49710       213.33
       9.143     0.996094        49750       256.00
       9.407     0.996484        49769       284.44
       9.583     0.996875        49788       320.00
       9.815     0.997266        49808       365.71
      10.207     0.997656        49828       426.67
      10.591     0.998047        49847       512.00
      10.767     0.998242        49857       568.89
      11.119     0.998437        49866       640.00
      11.271     0.998633        49876       731.43
      11.519     0.998828        49886       853.33
      12.087     0.999023        49896      1024.00
      12.183     0.999121        49901      1137.78
      12.295     0.999219        49905      1280.00
      12.511     0.999316        49910      1462.86
      12.703     0.999414        49915      1706.67
      12.903     0.999512        49920      2048.00
      13.159     0.999561        49923      2275.56
      13.279     0.999609        49925      2560.00
      13.399     0.999658        49927      2925.71
      13.567     0.999707        49930      3413.33
      13.663     0.999756        49932      4096.00
      14.143     0.999780        49934      4551.11
      14.503     0.999805        49935      5120.00
      14.527     0.999829        49936      5851.43
      14.551     0.999854        49937      6826.67
      14.727     0.999878        49938      8192.00
      14.871     0.999890        49939      9102.22
      14.903     0.999902        49940     10240.00
      14.903     0.999915        49940     11702.86
      15.895     0.999927        49941     13653.33
      15.895     0.999939        49941     16384.00
      15.975     0.999945        49942     18204.44
      15.975     0.999951        49942     20480.00
      15.975     0.999957        49942     23405.71
      16.047     0.999963        49943     27306.67
      16.047     0.999969        49943     32768.00
      16.047     0.999973        49943     36408.89
      16.047     0.999976        49943     40960.00
      16.047     0.999979        49943     46811.43
      16.975     0.999982        49944     54613.33
      16.975     1.000000        49944          inf
#[Mean    =        1.838, StdDeviation   =        1.385]
#[Max     =       16.960, Total count    =        49944]
#[Buckets =           27, SubBuckets     =         2048]
----------------------------------------------------------
  49949 requests in 10.00s, 8.34MB read
Requests/sec:   4994.30
Transfer/sec:    853.52KB
