Running 10s test @ http://localhost
  2 threads and 10 connections
  Thread Stats   Avg      Stdev     Max   +/- Stdev
    Latency     1.82ms    1.42ms  17.68ms   88.83%
    Req/Sec       -nan      -nan   0.00      0.00%
  Latency Distribution (HdrHistogram - Recorded Latency)
 50.000%    1.47ms
 75.000%    2.10ms
 90.000%    3.33ms
 99.000%    7.38ms
 99.900%   14.24ms
 99.990%   16.85ms
 99.999%   17.69ms
100.000%   17.69ms

  Detailed Percentile spectrum:
       Value   Percentile   TotalCount 1/(1-Percentile)

       0.109     0.000000            1         1.00
       0.688     0.100000         4996         1.11
       0.886     0.200000        10000         1.25
       1.086     0.300000        14996         1.43
       1.272     0.400000        19995         1.67
       1.468     0.500000        24972         2.00
       1.572     0.550000        27474         2.22
       1.679     0.600000        29977         2.50
       1.794     0.650000        32470         2.86
       1.930     0.700000        34959         3.33
       2.097     0.750000        37457         4.00
       2.203     0.775000        38724         4.44
       2.331     0.800000        39964         5.00
       2.493     0.825000        41201         5.71
       2.697     0.850000        42449         6.67
       2.971     0.875000        43703         8.00
       3.129     0.887500        44329         8.89
       3.327     0.900000        44948        10.00
       3.553     0.912500        45577        11.43
       3.821     0.925000        46196        13.33
       4.131     0.937500        46828        16.00
       4.331     0.943750        47135        17.78
       4.535     0.950000        47444        20.00
       4.767     0.956250        47756        22.86
       5.067     0.962500        48073        26.67
       5.367     0.968750        48380        32.00
       5.551     0.971875        48537        35.56
       5.755     0.975000        48694        40.00
       5.959     0.978125        48850        45.71
       6.243     0.981250        49005        53.33
       6.551     0.984375        49160        64.00
       6.727     0.985938        49239        71.11
       6.959     0.987500        49317        80.00
       7.183     0.989062        49395        91.43
       7.519     0.990625        49472       106.67
       7.919     0.992188        49550       128.00
       8.115     0.992969        49589       142.22
       8.423     0.993750        49628       160.00
       8.791     0.994531        49667       182.86
       9.183     0.995313        49706       213.33
       9.575     0.996094        49745       256.00
       9.903     0.996484        49765       284.44
      10.311     0.996875        49785       320.00
      10.839     0.997266        49804       365.71
      11.279     0.997656        49823       426.67
      11.887     0.998047        49843       512.00
      12.303     0.998242        49853       568.89
      12.767     0.998437        49862       640.00
      13.167     0.998633        49872       731.43
      13.703     0.998828        49882       853.33
      14.271     0.999023        49892      1024.00
      14.519     0.999121        49897      1137.78
      14.607     0.999219        49902      1280.00
      14.799     0.999316        49906      1462.86
      14.999     0.999414        49911      1706.67
      15.271     0.999512        49916      2048.00
      15.343     0.999561        49919      2275.56
      15.359     0.999609        49921      2560.00
      15.607     0.999658        49924      2925.71
      15.863     0.999707        49926      3413.33
      15.943     0.999756        49929      4096.00
      15.975     0.999780        49930      4551.11
      16.151     0.999805        49932      5120.00
      16.151     0.999829        49932      5851.43
      16.319     0.999854        49933      6826.67
      16.783     0.999878        49934      8192.00
      16.847     0.999890        49935      9102.22
      17.039     0.999902        49936     10240.00
      17.039     0.999915        49936     11702.86
      17.183     0.999927        49937     13653.33
      17.183     0.999939        49937     16384.00
      17.215     0.999945        49938     18204.44
      17.215     0.999951        49938     20480.00
      17.215     0.999957        49938     23405.71
      17.263     0.999963        49939     27306.67
      17.263     0.999969        49939     32768.00
      17.263     0.999973        49939     36408.89
      17.263     0.999976        49939     40960.00
      17.263     0.999979        49939     46811.43
      17.695     0.999982        49940     54613.33
      17.695     1.000000        49940          inf
#[Mean    =        1.825, StdDeviation   =        1.423]
#[Max     =       17.680, Total count    =        49940]
#[Buckets =           27, SubBuckets     =         2048]
----------------------------------------------------------
  49948 requests in 10.00s, 8.34MB read
Requests/sec:   4994.94
Transfer/sec:    853.63KB
