Running 10s test @ http://localhost
  2 threads and 10 connections
  Thread Stats   Avg      Stdev     Max   +/- Stdev
    Latency     1.71ms    1.23ms  16.26ms   85.93%
    Req/Sec       -nan      -nan   0.00      0.00%
  Latency Distribution (HdrHistogram - Recorded Latency)
 50.000%    1.41ms
 75.000%    2.02ms
 90.000%    3.09ms
 99.000%    6.46ms
 99.900%   10.98ms
 99.990%   14.82ms
 99.999%   16.26ms
100.000%   16.26ms

  Detailed Percentile spectrum:
       Value   Percentile   TotalCount 1/(1-Percentile)

       0.117     0.000000            1         1.00
       0.656     0.100000         4996         1.11
       0.847     0.200000        10005         1.25
       1.024     0.300000        15010         1.43
       1.213     0.400000        19984         1.67
       1.411     0.500000        24975         2.00
       1.512     0.550000        27480         2.22
       1.614     0.600000        29994         2.50
       1.727     0.650000        32475         2.86
       1.859     0.700000        34964         3.33
       2.015     0.750000        37470         4.00
       2.109     0.775000        38712         4.44
       2.225     0.800000        39973         5.00
       2.369     0.825000        41213         5.71
       2.545     0.850000        42469         6.67
       2.775     0.875000        43706         8.00
       2.927     0.887500        44336         8.89
       3.093     0.900000        44960        10.00
       3.283     0.912500        45585        11.43
       3.503     0.925000        46206        13.33
       3.769     0.937500        46827        16.00
       3.917     0.943750        47141        17.78
       4.087     0.950000        47455        20.00
       4.291     0.956250        47766        22.86
       4.511     0.962500        48079        26.67
       4.743     0.968750        48391        32.00
       4.875     0.971875        48546        35.56
       5.063     0.975000        48702        40.00
       5.223     0.978125        48860        45.71
       5.451     0.981250        49014        53.33
       5.715     0.984375        49168        64.00
       5.851     0.985938        49246        71.11
       6.067     0.987500        49324        80.00
       6.295     0.989062        49402        91.43
       6.631     0.990625        49480       106.67
       6.899     0.992188        49558       128.00
       7.115     0.992969        49597       142.22
       7.275     0.993750        49636       160.00
       7.551     0.994531        49675       182.86
       7.967     0.995313        49714       213.33
       8.223     0.996094        49753       256.00
       8.399     0.996484        49774       284.44
       8.655     0.996875        49793       320.00
       8.831     0.997266        49812       365.71
       9.215     0.997656        49831       426.67
       9.535     0.998047        49852       512.00
       9.719     0.998242        49861       568.89
       9.975     0.998437        49870       640.00
      10.263     0.998633        49880       731.43
      10.671     0.998828        49890       853.33
      11.191     0.999023        49900      1024.00
      11.391     0.999121        49905      1137.78
      11.543     0.999219        49909      1280.00
      11.863     0.999316        49914      1462.86
      12.303     0.999414        49919      1706.67
      12.663     0.999512        49924      2048.00
      12.807     0.999561        49927      2275.56
      12.951     0.999609        49929      2560.00
      13.143     0.999658        49931      2925.71
      13.423     0.999707        49934      3413.33
      13.503     0.999756        49936      4096.00
      13.863     0.999780        49938      4551.11
      13.911     0.999805        49939      5120.00
      13.927     0.999829        49940      5851.43
      13.967     0.999854        49941      6826.67
      14.519     0.999878        49942      8192.00
      14.823     0.999890        49943      9102.22
      14.831     0.999902        49944     10240.00
      14.831     0.999915        49944     11702.86
      14.839     0.999927        49945     13653.33
      14.839     0.999939        49945     16384.00
      15.351     0.999945        49946     18204.44
      15.351     0.999951        49946     20480.00
      15.351     0.999957        49946     23405.71
      15.759     0.999963        49947     27306.67
      15.759     0.999969        49947     32768.00
      15.759     0.999973        49947     36408.89
      15.759     0.999976        49947     40960.00
      15.759     0.999979        49947     46811.43
      16.263     0.999982        49948     54613.33
      16.263     1.000000        49948          inf
#[Mean    =        1.706, StdDeviation   =        1.234]
#[Max     =       16.256, Total count    =        49948]
#[Buckets =           27, SubBuckets     =         2048]
----------------------------------------------------------
  49954 requests in 10.00s, 8.34MB read
Requests/sec:   4995.02
Transfer/sec:    853.64KB
