Running 10s test @ http://localhost
  2 threads and 10 connections
  Thread Stats   Avg      Stdev     Max   +/- Stdev
    Latency     1.83ms    1.65ms  26.64ms   93.01%
    Req/Sec       -nan      -nan   0.00      0.00%
  Latency Distribution (HdrHistogram - Recorded Latency)
 50.000%    1.50ms
 75.000%    2.10ms
 90.000%    2.96ms
 99.000%    8.22ms
 99.900%   22.22ms
 99.990%   26.27ms
 99.999%   26.66ms
100.000%   26.66ms

  Detailed Percentile spectrum:
       Value   Percentile   TotalCount 1/(1-Percentile)

       0.137     0.000000            1         1.00
       0.731     0.100000         5014         1.11
       0.930     0.200000        10009         1.25
       1.115     0.300000        15009         1.43
       1.299     0.400000        19982         1.67
       1.497     0.500000        24994         2.00
       1.603     0.550000        27481         2.22
       1.722     0.600000        29985         2.50
       1.841     0.650000        32469         2.86
       1.961     0.700000        34970         3.33
       2.101     0.750000        37491         4.00
       2.183     0.775000        38729         4.44
       2.273     0.800000        39971         5.00
       2.375     0.825000        41211         5.71
       2.507     0.850000        42458         6.67
       2.701     0.875000        43701         8.00
       2.821     0.887500        44324         8.89
       2.963     0.900000        44951        10.00
       3.143     0.912500        45578        11.43
       3.379     0.925000        46201        13.33
       3.673     0.937500        46820        16.00
       3.867     0.943750        47134        17.78
       4.087     0.950000        47446        20.00
       4.339     0.956250        47762        22.86
       4.611     0.962500        48069        26.67
       4.931     0.968750        48381        32.00
       5.163     0.971875        48538        35.56
       5.411     0.975000        48695        40.00
       5.711     0.978125        48850        45.71
       6.111     0.981250        49007        53.33
       6.639     0.984375        49162        64.00
       7.015     0.985938        49244        71.11
       7.363     0.987500        49317        80.00
       7.783     0.989062        49395        91.43
       8.455     0.990625        49473       106.67
       9.375     0.992188        49551       128.00
      10.023     0.992969        49590       142.22
      10.743     0.993750        49629       160.00
      11.599     0.994531        49668       182.86
      12.551     0.995313        49708       213.33
      13.615     0.996094        49746       256.00
      14.303     0.996484        49766       284.44
      14.903     0.996875        49785       320.00
      15.639     0.997266        49805       365.71
      16.295     0.997656        49824       426.67
      17.071     0.998047        49844       512.00
      17.487     0.998242        49854       568.89
      18.463     0.998437        49863       640.00
      19.903     0.998633        49873       731.43
      20.735     0.998828        49883       853.33
      22.559     0.999023        49893      1024.00
      23.151     0.999121        49898      1137.78
      23.679     0.999219        49902      1280.00
      23.967     0.999316        49908      1462.86
      24.159     0.999414        49912      1706.67
      24.239     0.999512        49917      2048.00
      24.479     0.999561        49920      2275.56
      24.799     0.999609        49922      2560.00
      25.055     0.999658        49924      2925.71
      25.231     0.999707        49927      3413.33
      25.279     0.999756        49929      4096.00
      25.679     0.999780        49931      4551.11
      25.727     0.999805        49932      5120.00
      25.855     0.999829        49933      5851.43
      26.079     0.999854        49934      6826.67
      26.239     0.999878        49935      8192.00
      26.271     0.999890        49936      9102.22
      26.447     0.999902        49937     10240.00
      26.447     0.999915        49937     11702.86
      26.527     0.999927        49938     13653.33
      26.527     0.999939        49938     16384.00
      26.559     0.999945        49939     18204.44
      26.559     0.999951        49939     20480.00
      26.559     0.999957        49939     23405.71
      26.591     0.999963        49940     27306.67
      26.591     0.999969        49940     32768.00
      26.591     0.999973        49940     36408.89
      26.591     0.999976        49940     40960.00
      26.591     0.999979        49940     46811.43
      26.655     0.999982        49941     54613.33
      26.655     1.000000        49941          inf
#[Mean    =        1.833, StdDeviation   =        1.654]
#[Max     =       26.640, Total count    =        49941]
#[Buckets =           27, SubBuckets     =         2048]
----------------------------------------------------------
  49943 requests in 10.00s, 8.34MB read
Requests/sec:   4994.68
Transfer/sec:    853.58KB
