Running 10s test @ http://localhost
  2 threads and 10 connections
  Thread Stats   Avg      Stdev     Max   +/- Stdev
    Latency     1.42ms  828.18us  14.33ms   84.69%
    Req/Sec       -nan      -nan   0.00      0.00%
  Latency Distribution (HdrHistogram - Recorded Latency)
 50.000%    1.30ms
 75.000%    1.80ms
 90.000%    2.18ms
 99.000%    3.49ms
 99.900%   11.26ms
 99.990%   13.94ms
 99.999%   14.34ms
100.000%   14.34ms

  Detailed Percentile spectrum:
       Value   Percentile   TotalCount 1/(1-Percentile)

       0.115     0.000000            1         1.00
       0.658     0.100000         5015         1.11
       0.844     0.200000        10009         1.25
       0.999     0.300000        15007         1.43
       1.147     0.400000        19988         1.67
       1.305     0.500000        24986         2.00
       1.396     0.550000        27492         2.22
       1.487     0.600000        29979         2.50
       1.588     0.650000        32486         2.86
       1.695     0.700000        34977         3.33
       1.803     0.750000        37466         4.00
       1.860     0.775000        38721         4.44
       1.917     0.800000        39958         5.00
       1.974     0.825000        41227         5.71
       2.037     0.850000        42465         6.67
       2.107     0.875000        43723         8.00
       2.145     0.887500        44353         8.89
       2.185     0.900000        44970        10.00
       2.227     0.912500        45587        11.43
       2.275     0.925000        46224        13.33
       2.335     0.937500        46842        16.00
       2.365     0.943750        47147        17.78
       2.399     0.950000        47453        20.00
       2.441     0.956250        47760        22.86
       2.489     0.962500        48084        26.67
       2.551     0.968750        48395        32.00
       2.589     0.971875        48542        35.56
       2.633     0.975000        48699        40.00
       2.695     0.978125        48854        45.71
       2.785     0.981250        49011        53.33
       2.923     0.984375        49166        64.00
       3.025     0.985938        49243        71.11
       3.151     0.987500        49322        80.00
       3.317     0.989062        49400        91.43
       3.555     0.990625        49477       106.67
       4.059     0.992188        49555       128.00
       4.319     0.992969        49594       142.22
       4.767     0.993750        49633       160.00
       5.371     0.994531        49672       182.86
       5.883     0.995313        49712       213.33
       6.715     0.996094        49751       256.00
       7.147     0.996484        49770       284.44
       7.579     0.996875        49789       320.00
       8.167     0.997266        49809       365.71
       8.783     0.997656        49828       426.67
       9.439     0.998047        49849       512.00
       9.679     0.998242        49858       568.89
       9.951     0.998437        49867       640.00
      10.599     0.998633        49877       731.43
      10.911     0.998828        49887       853.33
      11.431     0.999023        49897      1024.00
      11.631     0.999121        49902      1137.78
      11.943     0.999219        49906      1280.00
      12.279     0.999316        49911      1462.86
      12.503     0.999414        49916      1706.67
      12.887     0.999512        49921      2048.00
      13.079     0.999561        49924      2275.56
      13.135     0.999609        49926      2560.00
      13.183     0.999658        49928      2925.71
      13.439     0.999707        49931      3413.33
      13.631     0.999756        49933      4096.00
      13.759     0.999780        49935      4551.11
      13.767     0.999805        49936      5120.00
      13.887     0.999829        49937      5851.43
      13.919     0.999854        49938      6826.67
      13.927     0.999878        49939      8192.00
      13.943     0.999890        49940      9102.22
      13.991     0.999902        49941     10240.00
      13.991     0.999915        49941     11702.86
      14.191     0.999927        49942     13653.33
      14.191     0.999939        49942     16384.00
      14.231     0.999945        49943     18204.44
      14.231     0.999951        49943     20480.00
      14.231     0.999957        49943     23405.71
      14.239     0.999963        49944     27306.67
      14.239     0.999969        49944     32768.00
      14.239     0.999973        49944     36408.89
      14.239     0.999976        49944     40960.00
      14.239     0.999979        49944     46811.43
      14.335     0.999982        49945     54613.33
      14.335     1.000000        49945          inf
#[Mean    =        1.418, StdDeviation   =        0.828]
#[Max     =       14.328, Total count    =        49945]
#[Buckets =           27, SubBuckets     =         2048]
----------------------------------------------------------
  49947 requests in 10.00s, 8.34MB read
Requests/sec:   4994.29
Transfer/sec:    853.52KB
