Running 10s test @ http://localhost
  2 threads and 10 connections
  Thread Stats   Avg      Stdev     Max   +/- Stdev
    Latency     1.83ms    1.41ms  18.56ms   86.89%
    Req/Sec       -nan      -nan   0.00      0.00%
  Latency Distribution (HdrHistogram - Recorded Latency)
 50.000%    1.46ms
 75.000%    2.18ms
 90.000%    3.43ms
 99.000%    7.19ms
 99.900%   12.81ms
 99.990%   17.33ms
 99.999%   18.58ms
100.000%   18.58ms

  Detailed Percentile spectrum:
       Value   Percentile   TotalCount 1/(1-Percentile)

       0.150     0.000000            1         1.00
       0.648     0.100000         5002         1.11
       0.861     0.200000        10001         1.25
       1.066     0.300000        14988         1.43
       1.258     0.400000        19999         1.67
       1.461     0.500000        24989         2.00
       1.573     0.550000        27470         2.22
       1.698     0.600000        29978         2.50
       1.833     0.650000        32476         2.86
       1.996     0.700000        34966         3.33
       2.179     0.750000        37465         4.00
       2.289     0.775000        38726         4.44
       2.425     0.800000        39963         5.00
       2.591     0.825000        41216         5.71
       2.805     0.850000        42462         6.67
       3.085     0.875000        43702         8.00
       3.241     0.887500        44327         8.89
       3.435     0.900000        44953        10.00
       3.635     0.912500        45573        11.43
       3.887     0.925000        46198        13.33
       4.155     0.937500        46823        16.00
       4.311     0.943750        47138        17.78
       4.487     0.950000        47447        20.00
       4.679     0.956250        47758        22.86
       4.907     0.962500        48077        26.67
       5.187     0.968750        48384        32.00
       5.367     0.971875        48541        35.56
       5.559     0.975000        48696        40.00
       5.779     0.978125        48852        45.71
       6.027     0.981250        49010        53.33
       6.363     0.984375        49164        64.00
       6.527     0.985938        49242        71.11
       6.767     0.987500        49320        80.00
       7.067     0.989062        49397        91.43
       7.311     0.990625        49475       106.67
       7.743     0.992188        49553       128.00
       8.023     0.992969        49592       142.22
       8.335     0.993750        49631       160.00
       8.655     0.994531        49671       182.86
       9.055     0.995313        49709       213.33
       9.479     0.996094        49748       256.00
       9.815     0.996484        49768       284.44
      10.031     0.996875        49787       320.00
      10.255     0.997266        49808       365.71
      10.559     0.997656        49826       426.67
      11.095     0.998047        49846       512.00
      11.303     0.998242        49856       568.89
      11.503     0.998437        49865       640.00
      12.031     0.998633        49875       731.43
      12.479     0.998828        49885       853.33
      13.071     0.999023        49895      1024.00
      13.263     0.999121        49900      1137.78
      13.543     0.999219        49904      1280.00
      13.983     0.999316        49909      1462.86
      14.143     0.999414        49914      1706.67
      14.567     0.999512        49919      2048.00
      14.711     0.999561        49922      2275.56
      15.255     0.999609        49924      2560.00
      15.519     0.999658        49926      2925.71
      15.559     0.999707        49929      3413.33
      15.967     0.999756        49931      4096.00
      16.255     0.999780        49933      4551.11
      16.511     0.999805        49934      5120.00
      16.767     0.999829        49935      5851.43
      16.783     0.999854        49936      6826.67
      17.247     0.999878        49937      8192.00
      17.327     0.999890        49938      9102.22
      17.471     0.999902        49939     10240.00
      17.471     0.999915        49939     11702.86
      17.503     0.999927        49940     13653.33
      17.503     0.999939        49940     16384.00
      17.535     0.999945        49941     18204.44
      17.535     0.999951        49941     20480.00
      17.535     0.999957        49941     23405.71
      17.599     0.999963        49942     27306.67
      17.599     0.999969        49942     32768.00
      17.599     0.999973        49942     36408.89
      17.599     0.999976        49942     40960.00
      17.599     0.999979        49942     46811.43
      18.575     0.999982        49943     54613.33
      18.575     1.000000        49943          inf
#[Mean    =        1.828, StdDeviation   =        1.406]
#[Max     =       18.560, Total count    =        49943]
#[Buckets =           27, SubBuckets     =         2048]
----------------------------------------------------------
  49953 requests in 10.00s, 8.34MB read
Requests/sec:   4995.21
Transfer/sec:    853.67KB
