Running 10s test @ http://localhost
  2 threads and 10 connections
  Thread Stats   Avg      Stdev     Max   +/- Stdev
    Latency     1.98ms    1.75ms  21.10ms   90.83%
    Req/Sec       -nan      -nan   0.00      0.00%
  Latency Distribution (HdrHistogram - Recorded Latency)
 50.000%    1.54ms
 75.000%    2.28ms
 90.000%    3.57ms
 99.000%   10.08ms
 99.900%   17.63ms
 99.990%   19.77ms
 99.999%   21.12ms
100.000%   21.12ms

  Detailed Percentile spectrum:
       Value   Percentile   TotalCount 1/(1-Percentile)

       0.117     0.000000            1         1.00
       0.692     0.100000         5000         1.11
       0.919     0.200000         9997         1.25
       1.130     0.300000        15001         1.43
       1.330     0.400000        19995         1.67
       1.543     0.500000        24996         2.00
       1.669     0.550000        27471         2.22
       1.804     0.600000        29985         2.50
       1.944     0.650000        32475         2.86
       2.099     0.700000        34977         3.33
       2.281     0.750000        37481         4.00
       2.385     0.775000        38711         4.44
       2.509     0.800000        39969         5.00
       2.677     0.825000        41214         5.71
       2.895     0.850000        42455         6.67
       3.193     0.875000        43711         8.00
       3.367     0.887500        44336         8.89
       3.573     0.900000        44959        10.00
       3.797     0.912500        45584        11.43
       4.073     0.925000        46203        13.33
       4.419     0.937500        46828        16.00
       4.619     0.943750        47146        17.78
       4.823     0.950000        47450        20.00
       5.051     0.956250        47765        22.86
       5.335     0.962500        48076        26.67
       5.707     0.968750        48387        32.00
       5.943     0.971875        48543        35.56
       6.207     0.975000        48700        40.00
       6.551     0.978125        48855        45.71
       7.079     0.981250        49011        53.33
       7.827     0.984375        49168        64.00
       8.271     0.985938        49245        71.11
       8.959     0.987500        49323        80.00
       9.631     0.989062        49401        91.43
      10.511     0.990625        49482       106.67
      11.319     0.992188        49557       128.00
      11.735     0.992969        49596       142.22
      12.055     0.993750        49635       160.00
      12.543     0.994531        49674       182.86
      13.079     0.995313        49713       213.33
      13.647     0.996094        49752       256.00
      13.991     0.996484        49772       284.44
      14.247     0.996875        49791       320.00
      14.743     0.997266        49811       365.71
      15.367     0.997656        49830       426.67
      15.951     0.998047        49850       512.00
      16.287     0.998242        49860       568.89
      16.479     0.998437        49869       640.00
      16.863     0.998633        49879       731.43
      17.119     0.998828        49889       853.33
      17.727     0.999023        49899      1024.00
      17.839     0.999121        49904      1137.78
      17.999     0.999219        49908      1280.00
      18.159     0.999316        49913      1462.86
      18.271     0.999414        49919      1706.67
      18.399     0.999512        49923      2048.00
      18.527     0.999561        49926      2275.56
      18.559     0.999609        49928      2560.00
      18.703     0.999658        49930      2925.71
      19.247     0.999707        49933      3413.33
      19.295     0.999756        49935      4096.00
      19.407     0.999780        49937      4551.11
      19.439     0.999805        49938      5120.00
      19.551     0.999829        49939      5851.43
      19.695     0.999854        49940      6826.67
      19.775     0.999878        49942      8192.00
      19.775     0.999890        49942      9102.22
      19.807     0.999902        49943     10240.00
      19.807     0.999915        49943     11702.86
      20.031     0.999927        49944     13653.33
      20.031     0.999939        49944     16384.00
      20.879     0.999945        49945     18204.44
      20.879     0.999951        49945     20480.00
      20.879     0.999957        49945     23405.71
      21.087     0.999963        49946     27306.67
      21.087     0.999969        49946     32768.00
      21.087     0.999973        49946     36408.89
      21.087     0.999976        49946     40960.00
      21.087     0.999979        49946     46811.43
      21.119     0.999982        49947     54613.33
      21.119     1.000000        49947          inf
#[Mean    =        1.978, StdDeviation   =        1.750]
#[Max     =       21.104, Total count    =        49947]
#[Buckets =           27, SubBuckets     =         2048]
----------------------------------------------------------
  49956 requests in 10.00s, 8.34MB read
Requests/sec:   4994.81
Transfer/sec:    853.61KB
