Running 10s test @ http://localhost
  2 threads and 10 connections
  Thread Stats   Avg      Stdev     Max   +/- Stdev
    Latency     1.87ms    1.37ms  15.86ms   85.44%
    Req/Sec       -nan      -nan   0.00      0.00%
  Latency Distribution (HdrHistogram - Recorded Latency)
 50.000%    1.50ms
 75.000%    2.21ms
 90.000%    3.52ms
 99.000%    7.11ms
 99.900%   11.03ms
 99.990%   14.98ms
 99.999%   15.86ms
100.000%   15.86ms

  Detailed Percentile spectrum:
       Value   Percentile   TotalCount 1/(1-Percentile)

       0.140     0.000000            1         1.00
       0.698     0.100000         5001         1.11
       0.894     0.200000        10013         1.25
       1.094     0.300000        14994         1.43
       1.296     0.400000        19981         1.67
       1.502     0.500000        24975         2.00
       1.616     0.550000        27474         2.22
       1.737     0.600000        29972         2.50
       1.864     0.650000        32471         2.86
       2.015     0.700000        34966         3.33
       2.211     0.750000        37478         4.00
       2.331     0.775000        38714         4.44
       2.469     0.800000        39962         5.00
       2.649     0.825000        41216         5.71
       2.871     0.850000        42465         6.67
       3.165     0.875000        43702         8.00
       3.323     0.887500        44327         8.89
       3.519     0.900000        44950        10.00
       3.757     0.912500        45574        11.43
       4.011     0.925000        46199        13.33
       4.307     0.937500        46823        16.00
       4.479     0.943750        47147        17.78
       4.667     0.950000        47452        20.00
       4.867     0.956250        47759        22.86
       5.111     0.962500        48073        26.67
       5.399     0.968750        48386        32.00
       5.531     0.971875        48540        35.56
       5.743     0.975000        48697        40.00
       5.923     0.978125        48853        45.71
       6.171     0.981250        49010        53.33
       6.463     0.984375        49165        64.00
       6.615     0.985938        49244        71.11
       6.767     0.987500        49320        80.00
       6.963     0.989062        49398        91.43
       7.175     0.990625        49476       106.67
       7.427     0.992188        49554       128.00
       7.623     0.992969        49593       142.22
       7.823     0.993750        49633       160.00
       8.007     0.994531        49672       182.86
       8.199     0.995313        49710       213.33
       8.519     0.996094        49750       256.00
       8.703     0.996484        49769       284.44
       8.879     0.996875        49788       320.00
       9.143     0.997266        49808       365.71
       9.383     0.997656        49827       426.67
       9.783     0.998047        49847       512.00
       9.967     0.998242        49858       568.89
      10.135     0.998437        49867       640.00
      10.439     0.998633        49876       731.43
      10.807     0.998828        49886       853.33
      11.063     0.999023        49896      1024.00
      11.359     0.999121        49901      1137.78
      11.423     0.999219        49905      1280.00
      11.575     0.999316        49910      1462.86
      12.007     0.999414        49915      1706.67
      12.335     0.999512        49920      2048.00
      12.759     0.999561        49923      2275.56
      12.919     0.999609        49925      2560.00
      13.647     0.999658        49927      2925.71
      13.727     0.999707        49930      3413.33
      13.807     0.999756        49932      4096.00
      14.151     0.999780        49934      4551.11
      14.271     0.999805        49935      5120.00
      14.279     0.999829        49936      5851.43
      14.503     0.999854        49937      6826.67
      14.911     0.999878        49938      8192.00
      14.983     0.999890        49939      9102.22
      15.183     0.999902        49940     10240.00
      15.183     0.999915        49940     11702.86
      15.263     0.999927        49941     13653.33
      15.263     0.999939        49941     16384.00
      15.335     0.999945        49942     18204.44
      15.335     0.999951        49942     20480.00
      15.335     0.999957        49942     23405.71
      15.511     0.999963        49943     27306.67
      15.511     0.999969        49943     32768.00
      15.511     0.999973        49943     36408.89
      15.511     0.999976        49943     40960.00
      15.511     0.999979        49943     46811.43
      15.863     0.999982        49944     54613.33
      15.863     1.000000        49944          inf
#[Mean    =        1.868, StdDeviation   =        1.371]
#[Max     =       15.856, Total count    =        49944]
#[Buckets =           27, SubBuckets     =         2048]
----------------------------------------------------------
  49949 requests in 10.00s, 8.34MB read
Requests/sec:   4993.57
Transfer/sec:    853.39KB
