Running 10s test @ http://localhost
  2 threads and 10 connections
  Thread Stats   Avg      Stdev     Max   +/- Stdev
    Latency     1.80ms    1.23ms  15.40ms   82.85%
    Req/Sec       -nan      -nan   0.00      0.00%
  Latency Distribution (HdrHistogram - Recorded Latency)
 50.000%    1.51ms
 75.000%    2.17ms
 90.000%    3.24ms
 99.000%    6.29ms
 99.900%   10.19ms
 99.990%   14.37ms
 99.999%   15.41ms
100.000%   15.41ms

  Detailed Percentile spectrum:
       Value   Percentile   TotalCount 1/(1-Percentile)

       0.130     0.000000            1         1.00
       0.695     0.100000         5016         1.11
       0.906     0.200000         9991         1.25
       1.107     0.300000        15004         1.43
       1.302     0.400000        19984         1.67
       1.506     0.500000        24981         2.00
       1.620     0.550000        27470         2.22
       1.741     0.600000        29965         2.50
       1.869     0.650000        32464         2.86
       2.005     0.700000        34949         3.33
       2.169     0.750000        37455         4.00
       2.267     0.775000        38708         4.44
       2.375     0.800000        39953         5.00
       2.503     0.825000        41193         5.71
       2.679     0.850000        42440         6.67
       2.911     0.875000        43692         8.00
       3.075     0.887500        44310         8.89
       3.239     0.900000        44937        10.00
       3.429     0.912500        45559        11.43
       3.665     0.925000        46185        13.33
       3.935     0.937500        46806        16.00
       4.083     0.943750        47126        17.78
       4.247     0.950000        47436        20.00
       4.455     0.956250        47747        22.86
       4.663     0.962500        48056        26.67
       4.879     0.968750        48373        32.00
       5.015     0.971875        48526        35.56
       5.175     0.975000        48679        40.00
       5.355     0.978125        48836        45.71
       5.531     0.981250        48991        53.33
       5.771     0.984375        49147        64.00
       5.907     0.985938        49224        71.11
       6.043     0.987500        49304        80.00
       6.183     0.989062        49381        91.43
       6.355     0.990625        49460       106.67
       6.583     0.992188        49536       128.00
       6.735     0.992969        49575       142.22
       6.967     0.993750        49614       160.00
       7.203     0.994531        49653       182.86
       7.419     0.995313        49692       213.33
       7.667     0.996094        49731       256.00
       7.827     0.996484        49751       284.44
       7.959     0.996875        49770       320.00
       8.279     0.997266        49790       365.71
       8.487     0.997656        49809       426.67
       8.895     0.998047        49829       512.00
       9.087     0.998242        49839       568.89
       9.383     0.998437        49848       640.00
       9.727     0.998633        49858       731.43
       9.959     0.998828        49868       853.33
      10.231     0.999023        49878      1024.00
      10.479     0.999121        49883      1137.78
      10.631     0.999219        49887      1280.00
      10.855     0.999316        49892      1462.86
      11.271     0.999414        49897      1706.67
      11.423     0.999512        49902      2048.00
      11.631     0.999561        49905      2275.56
      11.959     0.999609        49907      2560.00
      12.287     0.999658        49909      2925.71
      12.647     0.999707        49912      3413.33
      13.207     0.999756        49914      4096.00
      13.767     0.999780        49916      4551.11
      13.887     0.999805        49917      5120.00
      13.895     0.999829        49918      5851.43
      14.207     0.999854        49919      6826.67
      14.335     0.999878        49920      8192.00
      14.367     0.999890        49921      9102.22
      14.527     0.999902        49922     10240.00
      14.527     0.999915        49922     11702.86
      14.831     0.999927        49923     13653.33
      14.831     0.999939        49923     16384.00
      15.055     0.999945        49924     18204.44
      15.055     0.999951        49924     20480.00
      15.055     0.999957        49924     23405.71
      15.063     0.999963        49925     27306.67
      15.063     0.999969        49925     32768.00
      15.063     0.999973        49925     36408.89
      15.063     0.999976        49925     40960.00
      15.063     0.999979        49925     46811.43
      15.407     0.999982        49926     54613.33
      15.407     1.000000        49926          inf
#[Mean    =        1.799, StdDeviation   =        1.225]
#[Max     =       15.400, Total count    =        49926]
#[Buckets =           27, SubBuckets     =         2048]
----------------------------------------------------------
  49935 requests in 10.00s, 8.33MB read
Requests/sec:   4993.13
Transfer/sec:    853.32KB
