Running 10s test @ http://localhost
  2 threads and 10 connections
  Thread Stats   Avg      Stdev     Max   +/- Stdev
    Latency     1.50ms    1.29ms  20.93ms   97.42%
    Req/Sec       -nan      -nan   0.00      0.00%
  Latency Distribution (HdrHistogram - Recorded Latency)
 50.000%    1.30ms
 75.000%    1.82ms
 90.000%    2.19ms
 99.000%    8.42ms
 99.900%   14.37ms
 99.990%   20.08ms
 99.999%   20.94ms
100.000%   20.94ms

  Detailed Percentile spectrum:
       Value   Percentile   TotalCount 1/(1-Percentile)

       0.114     0.000000            1         1.00
       0.634     0.100000         4997         1.11
       0.833     0.200000        10007         1.25
       0.997     0.300000        14993         1.43
       1.144     0.400000        19988         1.67
       1.299     0.500000        24995         2.00
       1.384     0.550000        27476         2.22
       1.481     0.600000        29970         2.50
       1.594     0.650000        32473         2.86
       1.710     0.700000        34978         3.33
       1.822     0.750000        37478         4.00
       1.876     0.775000        38707         4.44
       1.934     0.800000        39971         5.00
       1.988     0.825000        41213         5.71
       2.051     0.850000        42453         6.67
       2.121     0.875000        43729         8.00
       2.155     0.887500        44348         8.89
       2.191     0.900000        44982        10.00
       2.233     0.912500        45599        11.43
       2.279     0.925000        46204        13.33
       2.333     0.937500        46827        16.00
       2.367     0.943750        47138        17.78
       2.397     0.950000        47444        20.00
       2.439     0.956250        47757        22.86
       2.495     0.962500        48071        26.67
       2.587     0.968750        48382        32.00
       2.651     0.971875        48536        35.56
       2.803     0.975000        48693        40.00
       3.103     0.978125        48847        45.71
       3.749     0.981250        49003        53.33
       5.303     0.984375        49159        64.00
       6.219     0.985938        49237        71.11
       6.967     0.987500        49315        80.00
       7.999     0.989062        49394        91.43
       8.951     0.990625        49471       106.67
       9.999     0.992188        49549       128.00
      10.471     0.992969        49589       142.22
      11.055     0.993750        49627       160.00
      11.423     0.994531        49667       182.86
      11.855     0.995313        49706       213.33
      12.199     0.996094        49744       256.00
      12.455     0.996484        49764       284.44
      12.607     0.996875        49783       320.00
      12.847     0.997266        49803       365.71
      13.039     0.997656        49822       426.67
      13.231     0.998047        49842       512.00
      13.439     0.998242        49853       568.89
      13.583     0.998437        49861       640.00
      13.807     0.998633        49871       731.43
      13.999     0.998828        49882       853.33
      14.439     0.999023        49892      1024.00
      14.591     0.999121        49896      1137.78
      14.719     0.999219        49900      1280.00
      15.127     0.999316        49905      1462.86
      15.951     0.999414        49910      1706.67
      16.463     0.999512        49915      2048.00
      16.879     0.999561        49918      2275.56
      17.151     0.999609        49920      2560.00
      17.439     0.999658        49922      2925.71
      17.743     0.999707        49925      3413.33
      18.591     0.999756        49927      4096.00
      18.703     0.999780        49929      4551.11
      18.991     0.999805        49930      5120.00
      19.119     0.999829        49931      5851.43
      19.407     0.999854        49932      6826.67
      19.551     0.999878        49933      8192.00
      20.079     0.999890        49934      9102.22
      20.127     0.999902        49935     10240.00
      20.127     0.999915        49935     11702.86
      20.175     0.999927        49936     13653.33
      20.175     0.999939        49936     16384.00
      20.527     0.999945        49937     18204.44
      20.527     0.999951        49937     20480.00
      20.527     0.999957        49937     23405.71
      20.911     0.999963        49938     27306.67
      20.911     0.999969        49938     32768.00
      20.911     0.999973        49938     36408.89
      20.911     0.999976        49938     40960.00
      20.911     0.999979        49938     46811.43
      20.943     0.999982        49939     54613.33
      20.943     1.000000        49939          inf
#[Mean    =        1.496, StdDeviation   =        1.291]
#[Max     =       20.928, Total count    =        49939]
#[Buckets =           27, SubBuckets     =         2048]
----------------------------------------------------------
  49941 requests in 10.00s, 8.33MB read
Requests/sec:   4994.12
Transfer/sec:    853.49KB
