Running 10s test @ http://localhost
  2 threads and 10 connections
  Thread Stats   Avg      Stdev     Max   +/- Stdev
    Latency     1.77ms    1.46ms  31.50ms   91.11%
    Req/Sec       -nan      -nan   0.00      0.00%
  Latency Distribution (HdrHistogram - Recorded Latency)
 50.000%    1.49ms
 75.000%    2.10ms
 90.000%    2.98ms
 99.000%    6.34ms
 99.900%   19.42ms
 99.990%   30.22ms
 99.999%   31.52ms
100.000%   31.52ms

  Detailed Percentile spectrum:
       Value   Percentile   TotalCount 1/(1-Percentile)

       0.131     0.000000            1         1.00
       0.671     0.100000         5010         1.11
       0.903     0.200000         9996         1.25
       1.104     0.300000        15007         1.43
       1.287     0.400000        19982         1.67
       1.492     0.500000        24980         2.00
       1.607     0.550000        27472         2.22
       1.721     0.600000        29972         2.50
       1.840     0.650000        32478         2.86
       1.963     0.700000        34970         3.33
       2.103     0.750000        37471         4.00
       2.183     0.775000        38716         4.44
       2.271     0.800000        39961         5.00
       2.383     0.825000        41218         5.71
       2.523     0.850000        42462         6.67
       2.709     0.875000        43717         8.00
       2.827     0.887500        44334         8.89
       2.977     0.900000        44956        10.00
       3.163     0.912500        45580        11.43
       3.375     0.925000        46202        13.33
       3.649     0.937500        46829        16.00
       3.807     0.943750        47138        17.78
       3.965     0.950000        47449        20.00
       4.151     0.956250        47763        22.86
       4.363     0.962500        48076        26.67
       4.603     0.968750        48386        32.00
       4.751     0.971875        48542        35.56
       4.915     0.975000        48703        40.00
       5.099     0.978125        48855        45.71
       5.315     0.981250        49011        53.33
       5.571     0.984375        49167        64.00
       5.715     0.985938        49246        71.11
       5.907     0.987500        49323        80.00
       6.135     0.989062        49400        91.43
       6.471     0.990625        49480       106.67
       6.931     0.992188        49556       128.00
       7.259     0.992969        49595       142.22
       7.571     0.993750        49634       160.00
       8.035     0.994531        49674       182.86
       8.623     0.995313        49712       213.33
       9.471     0.996094        49751       256.00
      10.271     0.996484        49771       284.44
      10.847     0.996875        49790       320.00
      12.111     0.997266        49810       365.71
      12.847     0.997656        49829       426.67
      14.159     0.998047        49849       512.00
      15.015     0.998242        49859       568.89
      15.623     0.998437        49868       640.00
      16.847     0.998633        49878       731.43
      18.031     0.998828        49888       853.33
      19.551     0.999023        49898      1024.00
      20.591     0.999121        49903      1137.78
      21.823     0.999219        49907      1280.00
      23.423     0.999316        49912      1462.86
      24.703     0.999414        49917      1706.67
      25.919     0.999512        49922      2048.00
      26.847     0.999561        49925      2275.56
      27.103     0.999609        49927      2560.00
      27.327     0.999658        49929      2925.71
      27.967     0.999707        49932      3413.33
      28.223     0.999756        49934      4096.00
      28.863     0.999780        49936      4551.11
      29.135     0.999805        49937      5120.00
      29.247     0.999829        49938      5851.43
      29.471     0.999854        49939      6826.67
      30.159     0.999878        49940      8192.00
      30.223     0.999890        49941      9102.22
      30.415     0.999902        49942     10240.00
      30.415     0.999915        49942     11702.86
      30.447     0.999927        49943     13653.33
      30.447     0.999939        49943     16384.00
      30.559     0.999945        49944     18204.44
      30.559     0.999951        49944     20480.00
      30.559     0.999957        49944     23405.71
      31.327     0.999963        49945     27306.67
      31.327     0.999969        49945     32768.00
      31.327     0.999973        49945     36408.89
      31.327     0.999976        49945     40960.00
      31.327     0.999979        49945     46811.43
      31.519     0.999982        49946     54613.33
      31.519     1.000000        49946          inf
#[Mean    =        1.771, StdDeviation   =        1.461]
#[Max     =       31.504, Total count    =        49946]
#[Buckets =           27, SubBuckets     =         2048]
----------------------------------------------------------
  49950 requests in 10.00s, 8.34MB read
Requests/sec:   4994.61
Transfer/sec:    853.57KB
