Running 10s test @ http://localhost
  2 threads and 10 connections
  Thread Stats   Avg      Stdev     Max   +/- Stdev
    Latency     1.31ms    0.86ms  15.34ms   87.07%
    Req/Sec       -nan      -nan   0.00      0.00%
  Latency Distribution (HdrHistogram - Recorded Latency)
 50.000%    1.20ms
 75.000%    1.65ms
 90.000%    2.07ms
 99.000%    3.33ms
 99.900%   11.85ms
 99.990%   13.99ms
 99.999%   15.35ms
100.000%   15.35ms

  Detailed Percentile spectrum:
       Value   Percentile   TotalCount 1/(1-Percentile)

       0.111     0.000000            1         1.00
       0.554     0.100000         5018         1.11
       0.731     0.200000        10017         1.25
       0.894     0.300000        15000         1.43
       1.047     0.400000        19988         1.67
       1.196     0.500000        24998         2.00
       1.270     0.550000        27476         2.22
       1.353     0.600000        29979         2.50
       1.441     0.650000        32471         2.86
       1.539     0.700000        34987         3.33
       1.650     0.750000        37475         4.00
       1.709     0.775000        38720         4.44
       1.770     0.800000        39978         5.00
       1.836     0.825000        41210         5.71
       1.906     0.850000        42469         6.67
       1.983     0.875000        43704         8.00
       2.023     0.887500        44333         8.89
       2.071     0.900000        44968        10.00
       2.121     0.912500        45588        11.43
       2.179     0.925000        46202        13.33
       2.239     0.937500        46837        16.00
       2.271     0.943750        47138        17.78
       2.309     0.950000        47449        20.00
       2.359     0.956250        47767        22.86
       2.407     0.962500        48077        26.67
       2.467     0.968750        48392        32.00
       2.509     0.971875        48541        35.56
       2.551     0.975000        48704        40.00
       2.601     0.978125        48855        45.71
       2.671     0.981250        49017        53.33
       2.757     0.984375        49165        64.00
       2.865     0.985938        49243        71.11
       3.011     0.987500        49321        80.00
       3.215     0.989062        49399        91.43
       3.417     0.990625        49477       106.67
       3.881     0.992188        49555       128.00
       4.299     0.992969        49594       142.22
       4.887     0.993750        49633       160.00
       5.535     0.994531        49673       182.86
       6.255     0.995313        49711       213.33
       7.503     0.996094        49750       256.00
       7.939     0.996484        49770       284.44
       8.607     0.996875        49789       320.00
       9.167     0.997266        49810       365.71
       9.791     0.997656        49828       426.67
      10.391     0.998047        49848       512.00
      10.567     0.998242        49858       568.89
      10.895     0.998437        49867       640.00
      11.487     0.998633        49877       731.43
      11.687     0.998828        49887       853.33
      11.863     0.999023        49897      1024.00
      12.055     0.999121        49902      1137.78
      12.095     0.999219        49906      1280.00
      12.343     0.999316        49911      1462.86
      12.447     0.999414        49916      1706.67
      12.631     0.999512        49921      2048.00
      12.671     0.999561        49924      2275.56
      12.799     0.999609        49926      2560.00
      12.919     0.999658        49928      2925.71
      13.287     0.999707        49931      3413.33
      13.327     0.999756        49933      4096.00
      13.471     0.999780        49935      4551.11
      13.519     0.999805        49936      5120.00
      13.543     0.999829        49937      5851.43
      13.583     0.999854        49938      6826.67
      13.959     0.999878        49939      8192.00
      13.991     0.999890        49940      9102.22
      14.023     0.999902        49941     10240.00
      14.023     0.999915        49941     11702.86
      14.879     0.999927        49942     13653.33
      14.879     0.999939        49942     16384.00
      15.031     0.999945        49943     18204.44
      15.031     0.999951        49943     20480.00
      15.031     0.999957        49943     23405.71
      15.335     0.999963        49944     27306.67
      15.335     0.999969        49944     32768.00
      15.335     0.999973        49944     36408.89
      15.335     0.999976        49944     40960.00
      15.335     0.999979        49944     46811.43
      15.351     0.999982        49945     54613.33
      15.351     1.000000        49945          inf
#[Mean    =        1.306, StdDeviation   =        0.858]
#[Max     =       15.344, Total count    =        49945]
#[Buckets =           27, SubBuckets     =         2048]
----------------------------------------------------------
  49947 requests in 10.00s, 8.34MB read
Requests/sec:   4994.64
Transfer/sec:    853.58KB
