Running 10s test @ http://localhost
  2 threads and 10 connections
  Thread Stats   Avg      Stdev     Max   +/- Stdev
    Latency     1.40ms  787.15us  13.50ms   80.10%
    Req/Sec       -nan      -nan   0.00      0.00%
  Latency Distribution (HdrHistogram - Recorded Latency)
 50.000%    1.31ms
 75.000%    1.78ms
 90.000%    2.18ms
 99.000%    3.76ms
 99.900%    9.56ms
 99.990%   12.24ms
 99.999%   13.50ms
100.000%   13.50ms

  Detailed Percentile spectrum:
       Value   Percentile   TotalCount 1/(1-Percentile)

       0.102     0.000000            1         1.00
       0.613     0.100000         4999         1.11
       0.819     0.200000         9994         1.25
       0.983     0.300000        14990         1.43
       1.142     0.400000        20000         1.67
       1.307     0.500000        25003         2.00
       1.391     0.550000        27484         2.22
       1.476     0.600000        29998         2.50
       1.570     0.650000        32483         2.86
       1.669     0.700000        34971         3.33
       1.776     0.750000        37478         4.00
       1.832     0.775000        38729         4.44
       1.891     0.800000        39972         5.00
       1.955     0.825000        41228         5.71
       2.021     0.850000        42470         6.67
       2.097     0.875000        43714         8.00
       2.137     0.887500        44330         8.89
       2.185     0.900000        44960        10.00
       2.239     0.912500        45587        11.43
       2.297     0.925000        46205        13.33
       2.365     0.937500        46837        16.00
       2.405     0.943750        47144        17.78
       2.453     0.950000        47457        20.00
       2.509     0.956250        47768        22.86
       2.573     0.962500        48081        26.67
       2.669     0.968750        48391        32.00
       2.729     0.971875        48546        35.56
       2.809     0.975000        48702        40.00
       2.913     0.978125        48857        45.71
       3.045     0.981250        49013        53.33
       3.205     0.984375        49170        64.00
       3.325     0.985938        49247        71.11
       3.481     0.987500        49327        80.00
       3.631     0.989062        49403        91.43
       3.851     0.990625        49482       106.67
       4.171     0.992188        49559       128.00
       4.435     0.992969        49598       142.22
       4.695     0.993750        49638       160.00
       4.963     0.994531        49676       182.86
       5.375     0.995313        49715       213.33
       5.863     0.996094        49754       256.00
       6.199     0.996484        49774       284.44
       6.491     0.996875        49793       320.00
       6.963     0.997266        49814       365.71
       7.547     0.997656        49832       426.67
       8.039     0.998047        49852       512.00
       8.263     0.998242        49862       568.89
       8.487     0.998437        49871       640.00
       8.991     0.998633        49881       731.43
       9.359     0.998828        49891       853.33
       9.639     0.999023        49901      1024.00
       9.855     0.999121        49906      1137.78
       9.895     0.999219        49910      1280.00
      10.071     0.999316        49915      1462.86
      10.463     0.999414        49920      1706.67
      10.655     0.999512        49926      2048.00
      10.719     0.999561        49928      2275.56
      11.047     0.999609        49930      2560.00
      11.095     0.999658        49932      2925.71
      11.567     0.999707        49935      3413.33
      11.679     0.999756        49937      4096.00
      11.735     0.999780        49939      4551.11
      11.815     0.999805        49940      5120.00
      11.959     0.999829        49941      5851.43
      12.055     0.999854        49942      6826.67
      12.167     0.999878        49943      8192.00
      12.239     0.999890        49944      9102.22
      12.247     0.999902        49945     10240.00
      12.247     0.999915        49945     11702.86
      12.543     0.999927        49946     13653.33
      12.543     0.999939        49946     16384.00
      12.583     0.999945        49947     18204.44
      12.583     0.999951        49947     20480.00
      12.583     0.999957        49947     23405.71
      13.399     0.999963        49948     27306.67
      13.399     0.999969        49948     32768.00
      13.399     0.999973        49948     36408.89
      13.399     0.999976        49948     40960.00
      13.399     0.999979        49948     46811.43
      13.503     0.999982        49949     54613.33
      13.503     1.000000        49949          inf
#[Mean    =        1.402, StdDeviation   =        0.787]
#[Max     =       13.496, Total count    =        49949]
#[Buckets =           27, SubBuckets     =         2048]
----------------------------------------------------------
  49958 requests in 10.00s, 8.34MB read
Requests/sec:   4995.17
Transfer/sec:    853.67KB
