Running 10s test @ http://localhost
  2 threads and 10 connections
  Thread Stats   Avg      Stdev     Max   +/- Stdev
    Latency     1.39ms    0.86ms  18.77ms   89.69%
    Req/Sec       -nan      -nan   0.00      0.00%
  Latency Distribution (HdrHistogram - Recorded Latency)
 50.000%    1.28ms
 75.000%    1.73ms
 90.000%    2.12ms
 99.000%    3.27ms
 99.900%   12.63ms
 99.990%   17.14ms
 99.999%   18.78ms
100.000%   18.78ms

  Detailed Percentile spectrum:
       Value   Percentile   TotalCount 1/(1-Percentile)

       0.124     0.000000            1         1.00
       0.658     0.100000         4997         1.11
       0.815     0.200000        10010         1.25
       0.971     0.300000        14998         1.43
       1.131     0.400000        20002         1.67
       1.283     0.500000        24977         2.00
       1.364     0.550000        27472         2.22
       1.450     0.600000        29969         2.50
       1.539     0.650000        32474         2.86
       1.631     0.700000        34973         3.33
       1.728     0.750000        37483         4.00
       1.775     0.775000        38713         4.44
       1.830     0.800000        39965         5.00
       1.888     0.825000        41209         5.71
       1.955     0.850000        42461         6.67
       2.030     0.875000        43717         8.00
       2.073     0.887500        44347         8.89
       2.117     0.900000        44955        10.00
       2.163     0.912500        45597        11.43
       2.217     0.925000        46208        13.33
       2.279     0.937500        46826        16.00
       2.313     0.943750        47139        17.78
       2.351     0.950000        47465        20.00
       2.391     0.956250        47763        22.86
       2.447     0.962500        48075        26.67
       2.505     0.968750        48388        32.00
       2.539     0.971875        48542        35.56
       2.587     0.975000        48699        40.00
       2.645     0.978125        48855        45.71
       2.729     0.981250        49010        53.33
       2.831     0.984375        49167        64.00
       2.897     0.985938        49244        71.11
       3.005     0.987500        49321        80.00
       3.145     0.989062        49399        91.43
       3.405     0.990625        49477       106.67
       3.807     0.992188        49555       128.00
       4.087     0.992969        49594       142.22
       4.611     0.993750        49633       160.00
       5.387     0.994531        49672       182.86
       6.051     0.995313        49711       213.33
       6.971     0.996094        49750       256.00
       7.519     0.996484        49770       284.44
       8.187     0.996875        49789       320.00
       8.727     0.997266        49809       365.71
       9.767     0.997656        49829       426.67
      10.503     0.998047        49848       512.00
      10.903     0.998242        49858       568.89
      11.335     0.998437        49867       640.00
      11.759     0.998633        49877       731.43
      12.143     0.998828        49887       853.33
      12.639     0.999023        49897      1024.00
      12.927     0.999121        49902      1137.78
      13.159     0.999219        49906      1280.00
      13.519     0.999316        49911      1462.86
      13.919     0.999414        49916      1706.67
      14.239     0.999512        49921      2048.00
      14.327     0.999561        49924      2275.56
      14.711     0.999609        49926      2560.00
      15.007     0.999658        49928      2925.71
      15.439     0.999707        49931      3413.33
      15.687     0.999756        49933      4096.00
      16.215     0.999780        49935      4551.11
      16.335     0.999805        49936      5120.00
      16.607     0.999829        49937      5851.43
      16.735     0.999854        49938      6826.67
      16.847     0.999878        49939      8192.00
      17.135     0.999890        49940      9102.22
      17.759     0.999902        49941     10240.00
      17.759     0.999915        49941     11702.86
      17.999     0.999927        49942     13653.33
      17.999     0.999939        49942     16384.00
      18.271     0.999945        49943     18204.44
      18.271     0.999951        49943     20480.00
      18.271     0.999957        49943     23405.71
      18.383     0.999963        49944     27306.67
      18.383     0.999969        49944     32768.00
      18.383     0.999973        49944     36408.89
      18.383     0.999976        49944     40960.00
      18.383     0.999979        49944     46811.43
      18.783     0.999982        49945     54613.33
      18.783     1.000000        49945          inf
#[Mean    =        1.387, StdDeviation   =        0.864]
#[Max     =       18.768, Total count    =        49945]
#[Buckets =           27, SubBuckets     =         2048]
----------------------------------------------------------
  49951 requests in 10.00s, 8.34MB read
Requests/sec:   4994.90
Transfer/sec:    853.62KB
