Running 10s test @ http://localhost
  2 threads and 10 connections
  Thread Stats   Avg      Stdev     Max   +/- Stdev
    Latency     1.40ms    1.05ms  18.58ms   95.70%
    Req/Sec       -nan      -nan   0.00      0.00%
  Latency Distribution (HdrHistogram - Recorded Latency)
 50.000%    1.28ms
 75.000%    1.75ms
 90.000%    2.12ms
 99.000%    3.82ms
 99.900%   15.65ms
 99.990%   17.97ms
 99.999%   18.59ms
100.000%   18.59ms

  Detailed Percentile spectrum:
       Value   Percentile   TotalCount 1/(1-Percentile)

       0.134     0.000000            1         1.00
       0.634     0.100000         5011         1.11
       0.808     0.200000        10017         1.25
       0.967     0.300000        14990         1.43
       1.126     0.400000        20003         1.67
       1.276     0.500000        24979         2.00
       1.360     0.550000        27474         2.22
       1.452     0.600000        29970         2.50
       1.544     0.650000        32473         2.86
       1.646     0.700000        34983         3.33
       1.751     0.750000        37471         4.00
       1.803     0.775000        38727         4.44
       1.857     0.800000        39958         5.00
       1.913     0.825000        41211         5.71
       1.972     0.850000        42456         6.67
       2.038     0.875000        43704         8.00
       2.075     0.887500        44339         8.89
       2.115     0.900000        44951        10.00
       2.157     0.912500        45595        11.43
       2.201     0.925000        46220        13.33
       2.253     0.937500        46837        16.00
       2.285     0.943750        47144        17.78
       2.321     0.950000        47464        20.00
       2.357     0.956250        47769        22.86
       2.401     0.962500        48084        26.67
       2.461     0.968750        48392        32.00
       2.495     0.971875        48548        35.56
       2.539     0.975000        48702        40.00
       2.595     0.978125        48853        45.71
       2.671     0.981250        49009        53.33
       2.815     0.984375        49166        64.00
       2.927     0.985938        49243        71.11
       3.161     0.987500        49323        80.00
       3.433     0.989062        49399        91.43
       4.151     0.990625        49478       106.67
       5.239     0.992188        49555       128.00
       5.971     0.992969        49594       142.22
       6.791     0.993750        49633       160.00
       7.891     0.994531        49672       182.86
       8.855     0.995313        49711       213.33
      10.191     0.996094        49750       256.00
      10.879     0.996484        49770       284.44
      11.455     0.996875        49789       320.00
      12.247     0.997266        49809       365.71
      13.095     0.997656        49828       426.67
      13.575     0.998047        49848       512.00
      13.887     0.998242        49858       568.89
      14.327     0.998437        49867       640.00
      14.719     0.998633        49877       731.43
      15.119     0.998828        49887       853.33
      15.767     0.999023        49897      1024.00
      15.975     0.999121        49902      1137.78
      16.127     0.999219        49906      1280.00
      16.415     0.999316        49911      1462.86
      16.607     0.999414        49916      1706.67
      16.863     0.999512        49921      2048.00
      16.943     0.999561        49924      2275.56
      16.991     0.999609        49927      2560.00
      17.071     0.999658        49928      2925.71
      17.375     0.999707        49931      3413.33
      17.631     0.999756        49933      4096.00
      17.679     0.999780        49935      4551.11
      17.695     0.999805        49936      5120.00
      17.887     0.999829        49937      5851.43
      17.935     0.999854        49938      6826.67
      17.951     0.999878        49939      8192.00
      17.967     0.999890        49940      9102.22
      18.111     0.999902        49942     10240.00
      18.111     0.999915        49942     11702.86
      18.111     0.999927        49942     13653.33
      18.111     0.999939        49942     16384.00
      18.207     0.999945        49943     18204.44
      18.207     0.999951        49943     20480.00
      18.207     0.999957        49943     23405.71
      18.399     0.999963        49944     27306.67
      18.399     0.999969        49944     32768.00
      18.399     0.999973        49944     36408.89
      18.399     0.999976        49944     40960.00
      18.399     0.999979        49944     46811.43
      18.591     0.999982        49945     54613.33
      18.591     1.000000        49945          inf
#[Mean    =        1.405, StdDeviation   =        1.054]
#[Max     =       18.576, Total count    =        49945]
#[Buckets =           27, SubBuckets     =         2048]
----------------------------------------------------------
  49949 requests in 10.00s, 8.34MB read
Requests/sec:   4994.64
Transfer/sec:    853.58KB
