Running 10s test @ http://localhost
  2 threads and 10 connections
  Thread Stats   Avg      Stdev     Max   +/- Stdev
    Latency     2.94ms    3.55ms  31.30ms   89.32%
    Req/Sec       -nan      -nan   0.00      0.00%
  Latency Distribution (HdrHistogram - Recorded Latency)
 50.000%    1.70ms
 75.000%    2.91ms
 90.000%    6.86ms
 99.000%   18.29ms
 99.900%   25.33ms
 99.990%   29.71ms
 99.999%   31.31ms
100.000%   31.31ms

  Detailed Percentile spectrum:
       Value   Percentile   TotalCount 1/(1-Percentile)

       0.119     0.000000            1         1.00
       0.737     0.100000         5007         1.11
       0.978     0.200000         9999         1.25
       1.211     0.300000        14989         1.43
       1.444     0.400000        19989         1.67
       1.696     0.500000        24975         2.00
       1.832     0.550000        27482         2.22
       1.987     0.600000        29967         2.50
       2.181     0.650000        32470         2.86
       2.459     0.700000        34967         3.33
       2.913     0.750000        37461         4.00
       3.255     0.775000        38709         4.44
       3.677     0.800000        39960         5.00
       4.235     0.825000        41214         5.71
       4.915     0.850000        42454         6.67
       5.711     0.875000        43704         8.00
       6.219     0.887500        44328         8.89
       6.859     0.900000        44954        10.00
       7.611     0.912500        45578        11.43
       8.591     0.925000        46201        13.33
       9.655     0.937500        46827        16.00
      10.239     0.943750        47140        17.78
      10.855     0.950000        47448        20.00
      11.623     0.956250        47761        22.86
      12.423     0.962500        48073        26.67
      13.407     0.968750        48385        32.00
      13.871     0.971875        48541        35.56
      14.391     0.975000        48701        40.00
      14.951     0.978125        48854        45.71
      15.607     0.981250        49010        53.33
      16.431     0.984375        49169        64.00
      16.863     0.985938        49243        71.11
      17.391     0.987500        49322        80.00
      17.967     0.989062        49399        91.43
      18.575     0.990625        49477       106.67
      19.279     0.992188        49560       128.00
      19.663     0.992969        49595       142.22
      20.079     0.993750        49634       160.00
      20.655     0.994531        49674       182.86
      21.119     0.995313        49713       213.33
      21.631     0.996094        49750       256.00
      21.999     0.996484        49770       284.44
      22.319     0.996875        49791       320.00
      22.559     0.997266        49810       365.71
      22.991     0.997656        49828       426.67
      23.743     0.998047        49848       512.00
      23.983     0.998242        49860       568.89
      24.191     0.998437        49867       640.00
      24.719     0.998633        49878       731.43
      25.135     0.998828        49887       853.33
      25.391     0.999023        49897      1024.00
      25.551     0.999121        49902      1137.78
      25.887     0.999219        49906      1280.00
      26.047     0.999316        49911      1462.86
      26.431     0.999414        49916      1706.67
      26.655     0.999512        49921      2048.00
      26.815     0.999561        49924      2275.56
      26.911     0.999609        49926      2560.00
      27.087     0.999658        49928      2925.71
      27.695     0.999707        49931      3413.33
      27.919     0.999756        49933      4096.00
      28.287     0.999780        49935      4551.11
      28.303     0.999805        49936      5120.00
      28.399     0.999829        49937      5851.43
      29.311     0.999854        49938      6826.67
      29.599     0.999878        49939      8192.00
      29.711     0.999890        49940      9102.22
      29.759     0.999902        49941     10240.00
      29.759     0.999915        49941     11702.86
      29.791     0.999927        49942     13653.33
      29.791     0.999939        49942     16384.00
      30.447     0.999945        49943     18204.44
      30.447     0.999951        49943     20480.00
      30.447     0.999957        49943     23405.71
      30.831     0.999963        49944     27306.67
      30.831     0.999969        49944     32768.00
      30.831     0.999973        49944     36408.89
      30.831     0.999976        49944     40960.00
      30.831     0.999979        49944     46811.43
      31.311     0.999982        49945     54613.33
      31.311     1.000000        49945          inf
#[Mean    =        2.945, StdDeviation   =        3.553]
#[Max     =       31.296, Total count    =        49945]
#[Buckets =           27, SubBuckets     =         2048]
----------------------------------------------------------
  49949 requests in 10.00s, 8.34MB read
Requests/sec:   4995.09
Transfer/sec:    853.65KB
