Running 10s test @ http://localhost
  2 threads and 10 connections
  Thread Stats   Avg      Stdev     Max   +/- Stdev
    Latency     1.79ms    1.32ms  17.71ms   85.83%
    Req/Sec       -nan      -nan   0.00      0.00%
  Latency Distribution (HdrHistogram - Recorded Latency)
 50.000%    1.48ms
 75.000%    2.13ms
 90.000%    3.25ms
 99.000%    6.54ms
 99.900%   13.27ms
 99.990%   17.30ms
 99.999%   17.73ms
100.000%   17.73ms

  Detailed Percentile spectrum:
       Value   Percentile   TotalCount 1/(1-Percentile)

       0.128     0.000000            1         1.00
       0.666     0.100000         5010         1.11
       0.888     0.200000         9995         1.25
       1.086     0.300000        15002         1.43
       1.278     0.400000        19980         1.67
       1.484     0.500000        24988         2.00
       1.598     0.550000        27481         2.22
       1.714     0.600000        29979         2.50
       1.837     0.650000        32460         2.86
       1.972     0.700000        34977         3.33
       2.127     0.750000        37479         4.00
       2.219     0.775000        38715         4.44
       2.333     0.800000        39967         5.00
       2.467     0.825000        41206         5.71
       2.645     0.850000        42460         6.67
       2.895     0.875000        43701         8.00
       3.067     0.887500        44322         8.89
       3.251     0.900000        44953        10.00
       3.459     0.912500        45574        11.43
       3.693     0.925000        46194        13.33
       3.951     0.937500        46818        16.00
       4.119     0.943750        47137        17.78
       4.307     0.950000        47446        20.00
       4.503     0.956250        47759        22.86
       4.703     0.962500        48066        26.67
       4.935     0.968750        48380        32.00
       5.071     0.971875        48534        35.56
       5.235     0.975000        48692        40.00
       5.407     0.978125        48848        45.71
       5.591     0.981250        49004        53.33
       5.831     0.984375        49159        64.00
       5.983     0.985938        49236        71.11
       6.191     0.987500        49315        80.00
       6.387     0.989062        49394        91.43
       6.639     0.990625        49470       106.67
       6.995     0.992188        49548       128.00
       7.175     0.992969        49587       142.22
       7.471     0.993750        49627       160.00
       7.775     0.994531        49665       182.86
       8.231     0.995313        49706       213.33
       8.815     0.996094        49743       256.00
       9.215     0.996484        49763       284.44
       9.615     0.996875        49782       320.00
      10.023     0.997266        49802       365.71
      10.487     0.997656        49821       426.67
      11.119     0.998047        49841       512.00
      11.287     0.998242        49851       568.89
      11.735     0.998437        49860       640.00
      12.287     0.998633        49870       731.43
      12.823     0.998828        49880       853.33
      13.415     0.999023        49890      1024.00
      13.735     0.999121        49895      1137.78
      14.223     0.999219        49899      1280.00
      14.399     0.999316        49904      1462.86
      14.647     0.999414        49909      1706.67
      14.887     0.999512        49914      2048.00
      15.175     0.999561        49917      2275.56
      15.359     0.999609        49919      2560.00
      15.535     0.999658        49921      2925.71
      15.783     0.999707        49924      3413.33
      15.871     0.999756        49926      4096.00
      16.055     0.999780        49928      4551.11
      16.095     0.999805        49929      5120.00
      16.303     0.999829        49930      5851.43
      16.639     0.999854        49931      6826.67
      16.879     0.999878        49932      8192.00
      17.295     0.999890        49933      9102.22
      17.375     0.999902        49934     10240.00
      17.375     0.999915        49934     11702.86
      17.503     0.999927        49935     13653.33
      17.503     0.999939        49935     16384.00
      17.535     0.999945        49936     18204.44
      17.535     0.999951        49936     20480.00
      17.535     0.999957        49936     23405.71
      17.583     0.999963        49937     27306.67
      17.583     0.999969        49937     32768.00
      17.583     0.999973        49937     36408.89
      17.583     0.999976        49937     40960.00
      17.583     0.999979        49937     46811.43
      17.727     0.999982        49938     54613.33
      17.727     1.000000        49938          inf
#[Mean    =        1.792, StdDeviation   =        1.317]
#[Max     =       17.712, Total count    =        49938]
#[Buckets =           27, SubBuckets     =         2048]
----------------------------------------------------------
  49944 requests in 10.01s, 8.34MB read
Requests/sec:   4991.76
Transfer/sec:    853.08KB
