Running 10s test @ http://localhost
  2 threads and 10 connections
  Thread Stats   Avg      Stdev     Max   +/- Stdev
    Latency     2.57ms    2.85ms  26.96ms   89.63%
    Req/Sec       -nan      -nan   0.00      0.00%
  Latency Distribution (HdrHistogram - Recorded Latency)
 50.000%    1.65ms
 75.000%    2.62ms
 90.000%    5.57ms
 99.000%   15.42ms
 99.900%   22.14ms
 99.990%   25.92ms
 99.999%   26.98ms
100.000%   26.98ms

  Detailed Percentile spectrum:
       Value   Percentile   TotalCount 1/(1-Percentile)

       0.150     0.000000            1         1.00
       0.729     0.100000         4994         1.11
       0.972     0.200000        10001         1.25
       1.190     0.300000        15006         1.43
       1.409     0.400000        19988         1.67
       1.653     0.500000        24982         2.00
       1.794     0.550000        27466         2.22
       1.935     0.600000        29961         2.50
       2.097     0.650000        32484         2.86
       2.309     0.700000        34959         3.33
       2.625     0.750000        37449         4.00
       2.871     0.775000        38701         4.44
       3.193     0.800000        39951         5.00
       3.581     0.825000        41193         5.71
       4.093     0.850000        42441         6.67
       4.735     0.875000        43693         8.00
       5.111     0.887500        44313         8.89
       5.571     0.900000        44942        10.00
       6.127     0.912500        45563        11.43
       6.751     0.925000        46186        13.33
       7.483     0.937500        46811        16.00
       7.907     0.943750        47122        17.78
       8.383     0.950000        47436        20.00
       8.919     0.956250        47751        22.86
       9.527     0.962500        48059        26.67
      10.287     0.968750        48371        32.00
      10.783     0.971875        48526        35.56
      11.327     0.975000        48682        40.00
      11.951     0.978125        48838        45.71
      12.687     0.981250        48994        53.33
      13.495     0.984375        49153        64.00
      13.855     0.985938        49228        71.11
      14.439     0.987500        49306        80.00
      15.071     0.989062        49385        91.43
      15.759     0.990625        49462       106.67
      16.559     0.992188        49541       128.00
      16.975     0.992969        49579       142.22
      17.391     0.993750        49619       160.00
      17.759     0.994531        49657       182.86
      18.287     0.995313        49697       213.33
      18.815     0.996094        49735       256.00
      19.007     0.996484        49755       284.44
      19.487     0.996875        49775       320.00
      19.887     0.997266        49794       365.71
      20.239     0.997656        49813       426.67
      20.591     0.998047        49833       512.00
      20.943     0.998242        49843       568.89
      21.231     0.998437        49852       640.00
      21.471     0.998633        49863       731.43
      21.759     0.998828        49873       853.33
      22.335     0.999023        49882      1024.00
      22.511     0.999121        49887      1137.78
      22.671     0.999219        49892      1280.00
      22.815     0.999316        49896      1462.86
      23.343     0.999414        49901      1706.67
      23.791     0.999512        49906      2048.00
      23.935     0.999561        49909      2275.56
      24.383     0.999609        49911      2560.00
      24.447     0.999658        49913      2925.71
      24.943     0.999707        49916      3413.33
      25.135     0.999756        49918      4096.00
      25.423     0.999780        49920      4551.11
      25.455     0.999805        49921      5120.00
      25.487     0.999829        49922      5851.43
      25.519     0.999854        49923      6826.67
      25.615     0.999878        49924      8192.00
      25.919     0.999890        49925      9102.22
      26.047     0.999902        49926     10240.00
      26.047     0.999915        49926     11702.86
      26.079     0.999927        49927     13653.33
      26.079     0.999939        49927     16384.00
      26.575     0.999945        49928     18204.44
      26.575     0.999951        49928     20480.00
      26.575     0.999957        49928     23405.71
      26.671     0.999963        49929     27306.67
      26.671     0.999969        49929     32768.00
      26.671     0.999973        49929     36408.89
      26.671     0.999976        49929     40960.00
      26.671     0.999979        49929     46811.43
      26.975     0.999982        49930     54613.33
      26.975     1.000000        49930          inf
#[Mean    =        2.572, StdDeviation   =        2.849]
#[Max     =       26.960, Total count    =        49930]
#[Buckets =           27, SubBuckets     =         2048]
----------------------------------------------------------
  49940 requests in 10.01s, 8.33MB read
Requests/sec:   4987.17
Transfer/sec:    852.30KB
