Running 10s test @ http://localhost
  2 threads and 10 connections
  Thread Stats   Avg      Stdev     Max   +/- Stdev
    Latency     1.75ms    1.27ms  25.14ms   85.86%
    Req/Sec       -nan      -nan   0.00      0.00%
  Latency Distribution (HdrHistogram - Recorded Latency)
 50.000%    1.47ms
 75.000%    2.11ms
 90.000%    3.11ms
 99.000%    6.22ms
 99.900%   11.73ms
 99.990%   23.44ms
 99.999%   25.15ms
100.000%   25.15ms

  Detailed Percentile spectrum:
       Value   Percentile   TotalCount 1/(1-Percentile)

       0.110     0.000000            1         1.00
       0.666     0.100000         5006         1.11
       0.875     0.200000         9999         1.25
       1.066     0.300000        14996         1.43
       1.263     0.400000        19975         1.67
       1.468     0.500000        24975         2.00
       1.578     0.550000        27466         2.22
       1.686     0.600000        29962         2.50
       1.809     0.650000        32458         2.86
       1.946     0.700000        34948         3.33
       2.109     0.750000        37461         4.00
       2.207     0.775000        38704         4.44
       2.321     0.800000        39941         5.00
       2.455     0.825000        41191         5.71
       2.625     0.850000        42444         6.67
       2.847     0.875000        43688         8.00
       2.965     0.887500        44311         8.89
       3.111     0.900000        44936        10.00
       3.287     0.912500        45556        11.43
       3.485     0.925000        46179        13.33
       3.733     0.937500        46803        16.00
       3.883     0.943750        47121        17.78
       4.041     0.950000        47430        20.00
       4.215     0.956250        47742        22.86
       4.419     0.962500        48053        26.67
       4.655     0.968750        48373        32.00
       4.771     0.971875        48522        35.56
       4.927     0.975000        48677        40.00
       5.095     0.978125        48832        45.71
       5.303     0.981250        48987        53.33
       5.559     0.984375        49143        64.00
       5.703     0.985938        49222        71.11
       5.851     0.987500        49299        80.00
       6.059     0.989062        49377        91.43
       6.307     0.990625        49455       106.67
       6.583     0.992188        49534       128.00
       6.755     0.992969        49573       142.22
       6.987     0.993750        49611       160.00
       7.227     0.994531        49651       182.86
       7.439     0.995313        49693       213.33
       7.791     0.996094        49728       256.00
       7.999     0.996484        49748       284.44
       8.199     0.996875        49767       320.00
       8.447     0.997266        49787       365.71
       8.631     0.997656        49806       426.67
       8.919     0.998047        49827       512.00
       8.999     0.998242        49836       568.89
       9.255     0.998437        49845       640.00
       9.719     0.998633        49855       731.43
      10.711     0.998828        49865       853.33
      11.887     0.999023        49875      1024.00
      13.311     0.999121        49880      1137.78
      14.255     0.999219        49884      1280.00
      15.783     0.999316        49889      1462.86
      17.391     0.999414        49894      1706.67
      18.735     0.999512        49899      2048.00
      19.759     0.999561        49902      2275.56
      20.239     0.999609        49904      2560.00
      20.639     0.999658        49906      2925.71
      21.791     0.999707        49909      3413.33
      22.063     0.999756        49911      4096.00
      22.575     0.999780        49913      4551.11
      22.751     0.999805        49915      5120.00
      22.751     0.999829        49915      5851.43
      23.231     0.999854        49916      6826.67
      23.439     0.999878        49918      8192.00
      23.439     0.999890        49918      9102.22
      23.887     0.999902        49919     10240.00
      23.887     0.999915        49919     11702.86
      23.919     0.999927        49920     13653.33
      23.919     0.999939        49920     16384.00
      24.063     0.999945        49921     18204.44
      24.063     0.999951        49921     20480.00
      24.063     0.999957        49921     23405.71
      24.655     0.999963        49922     27306.67
      24.655     0.999969        49922     32768.00
      24.655     0.999973        49922     36408.89
      24.655     0.999976        49922     40960.00
      24.655     0.999979        49922     46811.43
      25.151     0.999982        49923     54613.33
      25.151     1.000000        49923          inf
#[Mean    =        1.749, StdDeviation   =        1.271]
#[Max     =       25.136, Total count    =        49923]
#[Buckets =           27, SubBuckets     =         2048]
----------------------------------------------------------
  49932 requests in 10.00s, 8.33MB read
Requests/sec:   4992.84
Transfer/sec:    853.27KB
