Running 10s test @ http://localhost
  2 threads and 10 connections
  Thread Stats   Avg      Stdev     Max   +/- Stdev
    Latency     1.87ms    1.37ms  14.70ms   86.12%
    Req/Sec       -nan      -nan   0.00      0.00%
  Latency Distribution (HdrHistogram - Recorded Latency)
 50.000%    1.51ms
 75.000%    2.24ms
 90.000%    3.46ms
 99.000%    7.25ms
 99.900%   11.39ms
 99.990%   14.04ms
 99.999%   14.71ms
100.000%   14.71ms

  Detailed Percentile spectrum:
       Value   Percentile   TotalCount 1/(1-Percentile)

       0.159     0.000000            1         1.00
       0.715     0.100000         5010         1.11
       0.910     0.200000         9992         1.25
       1.100     0.300000        14998         1.43
       1.298     0.400000        19998         1.67
       1.514     0.500000        24989         2.00
       1.627     0.550000        27470         2.22
       1.757     0.600000        29970         2.50
       1.901     0.650000        32474         2.86
       2.057     0.700000        34969         3.33
       2.241     0.750000        37482         4.00
       2.349     0.775000        38710         4.44
       2.479     0.800000        39960         5.00
       2.633     0.825000        41216         5.71
       2.847     0.850000        42456         6.67
       3.107     0.875000        43703         8.00
       3.285     0.887500        44327         8.89
       3.461     0.900000        44955        10.00
       3.677     0.912500        45582        11.43
       3.925     0.925000        46199        13.33
       4.203     0.937500        46826        16.00
       4.367     0.943750        47145        17.78
       4.531     0.950000        47448        20.00
       4.747     0.956250        47764        22.86
       4.995     0.962500        48074        26.67
       5.271     0.968750        48387        32.00
       5.427     0.971875        48543        35.56
       5.587     0.975000        48696        40.00
       5.827     0.978125        48852        45.71
       6.059     0.981250        49009        53.33
       6.355     0.984375        49164        64.00
       6.543     0.985938        49242        71.11
       6.783     0.987500        49321        80.00
       7.071     0.989062        49399        91.43
       7.363     0.990625        49476       106.67
       7.731     0.992188        49554       128.00
       7.919     0.992969        49593       142.22
       8.247     0.993750        49632       160.00
       8.551     0.994531        49672       182.86
       8.863     0.995313        49712       213.33
       9.191     0.996094        49750       256.00
       9.335     0.996484        49769       284.44
       9.575     0.996875        49788       320.00
       9.871     0.997266        49809       365.71
      10.055     0.997656        49827       426.67
      10.463     0.998047        49849       512.00
      10.631     0.998242        49858       568.89
      10.791     0.998437        49866       640.00
      10.999     0.998633        49876       731.43
      11.159     0.998828        49886       853.33
      11.447     0.999023        49896      1024.00
      11.631     0.999121        49901      1137.78
      11.823     0.999219        49905      1280.00
      12.047     0.999316        49911      1462.86
      12.167     0.999414        49915      1706.67
      12.367     0.999512        49920      2048.00
      12.703     0.999561        49923      2275.56
      12.735     0.999609        49925      2560.00
      12.879     0.999658        49927      2925.71
      13.223     0.999707        49930      3413.33
      13.303     0.999756        49932      4096.00
      13.439     0.999780        49934      4551.11
      13.463     0.999805        49935      5120.00
      13.567     0.999829        49936      5851.43
      13.591     0.999854        49937      6826.67
      14.023     0.999878        49938      8192.00
      14.039     0.999890        49939      9102.22
      14.087     0.999902        49940     10240.00
      14.087     0.999915        49940     11702.86
      14.191     0.999927        49941     13653.33
      14.191     0.999939        49941     16384.00
      14.623     0.999945        49942     18204.44
      14.623     0.999951        49942     20480.00
      14.623     0.999957        49942     23405.71
      14.679     0.999963        49943     27306.67
      14.679     0.999969        49943     32768.00
      14.679     0.999973        49943     36408.89
      14.679     0.999976        49943     40960.00
      14.679     0.999979        49943     46811.43
      14.711     0.999982        49944     54613.33
      14.711     1.000000        49944          inf
#[Mean    =        1.874, StdDeviation   =        1.367]
#[Max     =       14.704, Total count    =        49944]
#[Buckets =           27, SubBuckets     =         2048]
----------------------------------------------------------
  49951 requests in 10.00s, 8.34MB read
Requests/sec:   4994.49
Transfer/sec:    853.55KB
