Running 10s test @ http://localhost
  2 threads and 10 connections
  Thread Stats   Avg      Stdev     Max   +/- Stdev
    Latency     1.46ms  684.82us  10.12ms   74.82%
    Req/Sec       -nan      -nan   0.00      0.00%
  Latency Distribution (HdrHistogram - Recorded Latency)
 50.000%    1.37ms
 75.000%    1.79ms
 90.000%    2.26ms
 99.000%    3.54ms
 99.900%    7.24ms
 99.990%    9.81ms
 99.999%   10.13ms
100.000%   10.13ms

  Detailed Percentile spectrum:
       Value   Percentile   TotalCount 1/(1-Percentile)

       0.177     0.000000            1         1.00
       0.727     0.100000         5015         1.11
       0.921     0.200000         9992         1.25
       1.086     0.300000        14988         1.43
       1.230     0.400000        20016         1.67
       1.372     0.500000        24978         2.00
       1.445     0.550000        27475         2.22
       1.521     0.600000        29970         2.50
       1.599     0.650000        32470         2.86
       1.682     0.700000        34989         3.33
       1.786     0.750000        37472         4.00
       1.848     0.775000        38712         4.44
       1.920     0.800000        39972         5.00
       1.996     0.825000        41224         5.71
       2.077     0.850000        42482         6.67
       2.161     0.875000        43705         8.00
       2.207     0.887500        44357         8.89
       2.257     0.900000        44956        10.00
       2.315     0.912500        45605        11.43
       2.379     0.925000        46221        13.33
       2.447     0.937500        46826        16.00
       2.493     0.943750        47152        17.78
       2.537     0.950000        47451        20.00
       2.587     0.956250        47764        22.86
       2.647     0.962500        48083        26.67
       2.721     0.968750        48393        32.00
       2.765     0.971875        48547        35.56
       2.823     0.975000        48699        40.00
       2.901     0.978125        48855        45.71
       3.001     0.981250        49013        53.33
       3.129     0.984375        49167        64.00
       3.215     0.985938        49245        71.11
       3.317     0.987500        49326        80.00
       3.427     0.989062        49401        91.43
       3.615     0.990625        49480       106.67
       3.819     0.992188        49558       128.00
       3.921     0.992969        49596       142.22
       4.025     0.993750        49635       160.00
       4.207     0.994531        49674       182.86
       4.471     0.995313        49713       213.33
       4.847     0.996094        49752       256.00
       5.011     0.996484        49772       284.44
       5.195     0.996875        49792       320.00
       5.399     0.997266        49811       365.71
       5.691     0.997656        49830       426.67
       5.963     0.998047        49850       512.00
       6.223     0.998242        49860       568.89
       6.411     0.998437        49869       640.00
       6.759     0.998633        49879       731.43
       7.039     0.998828        49889       853.33
       7.299     0.999023        49899      1024.00
       7.555     0.999121        49904      1137.78
       7.775     0.999219        49908      1280.00
       7.919     0.999316        49913      1462.86
       8.279     0.999414        49918      1706.67
       8.431     0.999512        49923      2048.00
       8.511     0.999561        49926      2275.56
       8.615     0.999609        49928      2560.00
       8.639     0.999658        49930      2925.71
       8.823     0.999707        49933      3413.33
       9.079     0.999756        49935      4096.00
       9.335     0.999780        49938      4551.11
       9.335     0.999805        49938      5120.00
       9.591     0.999829        49939      5851.43
       9.687     0.999854        49940      6826.67
       9.703     0.999878        49941      8192.00
       9.807     0.999890        49942      9102.22
       9.943     0.999902        49943     10240.00
       9.943     0.999915        49943     11702.86
       9.967     0.999927        49944     13653.33
       9.967     0.999939        49944     16384.00
      10.039     0.999945        49945     18204.44
      10.039     0.999951        49945     20480.00
      10.039     0.999957        49945     23405.71
      10.071     0.999963        49946     27306.67
      10.071     0.999969        49946     32768.00
      10.071     0.999973        49946     36408.89
      10.071     0.999976        49946     40960.00
      10.071     0.999979        49946     46811.43
      10.127     0.999982        49947     54613.33
      10.127     1.000000        49947          inf
#[Mean    =        1.461, StdDeviation   =        0.685]
#[Max     =       10.120, Total count    =        49947]
#[Buckets =           27, SubBuckets     =         2048]
----------------------------------------------------------
  49954 requests in 10.00s, 8.34MB read
Requests/sec:   4994.94
Transfer/sec:    853.63KB
