Running 10s test @ http://localhost
  2 threads and 10 connections
  Thread Stats   Avg      Stdev     Max   +/- Stdev
    Latency     1.89ms    2.08ms  36.67ms   93.92%
    Req/Sec       -nan      -nan   0.00      0.00%
  Latency Distribution (HdrHistogram - Recorded Latency)
 50.000%    1.48ms
 75.000%    2.14ms
 90.000%    3.18ms
 99.000%    8.82ms
 99.900%   29.20ms
 99.990%   34.33ms
 99.999%   36.70ms
100.000%   36.70ms

  Detailed Percentile spectrum:
       Value   Percentile   TotalCount 1/(1-Percentile)

       0.135     0.000000            1         1.00
       0.666     0.100000         4995         1.11
       0.884     0.200000         9990         1.25
       1.086     0.300000        14997         1.43
       1.277     0.400000        19983         1.67
       1.478     0.500000        24979         2.00
       1.589     0.550000        27473         2.22
       1.709     0.600000        29962         2.50
       1.840     0.650000        32465         2.86
       1.983     0.700000        34970         3.33
       2.145     0.750000        37459         4.00
       2.243     0.775000        38715         4.44
       2.349     0.800000        39951         5.00
       2.481     0.825000        41208         5.71
       2.639     0.850000        42456         6.67
       2.853     0.875000        43695         8.00
       2.997     0.887500        44322         8.89
       3.179     0.900000        44946        10.00
       3.385     0.912500        45569        11.43
       3.619     0.925000        46193        13.33
       3.925     0.937500        46819        16.00
       4.091     0.943750        47134        17.78
       4.303     0.950000        47440        20.00
       4.523     0.956250        47756        22.86
       4.767     0.962500        48066        26.67
       5.055     0.968750        48380        32.00
       5.211     0.971875        48535        35.56
       5.427     0.975000        48688        40.00
       5.699     0.978125        48847        45.71
       6.019     0.981250        49001        53.33
       6.475     0.984375        49156        64.00
       6.815     0.985938        49234        71.11
       7.291     0.987500        49313        80.00
       8.075     0.989062        49390        91.43
       9.295     0.990625        49468       106.67
      11.063     0.992188        49546       128.00
      12.071     0.992969        49585       142.22
      12.927     0.993750        49624       160.00
      13.887     0.994531        49664       182.86
      16.199     0.995313        49702       213.33
      18.655     0.996094        49741       256.00
      20.239     0.996484        49761       284.44
      21.471     0.996875        49780       320.00
      22.879     0.997266        49801       365.71
      24.415     0.997656        49819       426.67
      25.631     0.998047        49840       512.00
      26.031     0.998242        49849       568.89
      26.559     0.998437        49859       640.00
      27.423     0.998633        49868       731.43
      28.271     0.998828        49878       853.33
      29.311     0.999023        49888      1024.00
      29.967     0.999121        49893      1137.78
      30.095     0.999219        49897      1280.00
      30.879     0.999316        49902      1462.86
      31.135     0.999414        49907      1706.67
      32.111     0.999512        49912      2048.00
      32.271     0.999561        49915      2275.56
      32.719     0.999609        49917      2560.00
      32.895     0.999658        49919      2925.71
      33.183     0.999707        49922      3413.33
      33.631     0.999756        49924      4096.00
      33.887     0.999780        49927      4551.11
      33.887     0.999805        49927      5120.00
      33.951     0.999829        49928      5851.43
      34.047     0.999854        49929      6826.67
      34.335     0.999878        49931      8192.00
      34.335     0.999890        49931      9102.22
      34.943     0.999902        49932     10240.00
      34.943     0.999915        49932     11702.86
      35.103     0.999927        49933     13653.33
      35.103     0.999939        49933     16384.00
      35.711     0.999945        49934     18204.44
      35.711     0.999951        49934     20480.00
      35.711     0.999957        49934     23405.71
      35.935     0.999963        49935     27306.67
      35.935     0.999969        49935     32768.00
      35.935     0.999973        49935     36408.89
      35.935     0.999976        49935     40960.00
      35.935     0.999979        49935     46811.43
      36.703     0.999982        49936     54613.33
      36.703     1.000000        49936          inf
#[Mean    =        1.887, StdDeviation   =        2.079]
#[Max     =       36.672, Total count    =        49936]
#[Buckets =           27, SubBuckets     =         2048]
----------------------------------------------------------
  49944 requests in 10.00s, 8.34MB read
Requests/sec:   4994.12
Transfer/sec:    853.49KB
