Running 10s test @ http://localhost
  2 threads and 10 connections
  Thread Stats   Avg      Stdev     Max   +/- Stdev
    Latency     1.81ms    1.27ms  14.83ms   85.76%
    Req/Sec       -nan      -nan   0.00      0.00%
  Latency Distribution (HdrHistogram - Recorded Latency)
 50.000%    1.52ms
 75.000%    2.14ms
 90.000%    3.13ms
 99.000%    6.86ms
 99.900%   11.57ms
 99.990%   13.86ms
 99.999%   14.84ms
100.000%   14.84ms

  Detailed Percentile spectrum:
       Value   Percentile   TotalCount 1/(1-Percentile)

       0.111     0.000000            1         1.00
       0.718     0.100000         5001         1.11
       0.938     0.200000         9996         1.25
       1.131     0.300000        15002         1.43
       1.319     0.400000        20003         1.67
       1.520     0.500000        24976         2.00
       1.631     0.550000        27472         2.22
       1.747     0.600000        29968         2.50
       1.865     0.650000        32471         2.86
       1.995     0.700000        34969         3.33
       2.143     0.750000        37464         4.00
       2.225     0.775000        38715         4.44
       2.327     0.800000        39968         5.00
       2.449     0.825000        41207         5.71
       2.607     0.850000        42459         6.67
       2.831     0.875000        43708         8.00
       2.967     0.887500        44327         8.89
       3.131     0.900000        44955        10.00
       3.331     0.912500        45579        11.43
       3.587     0.925000        46202        13.33
       3.919     0.937500        46825        16.00
       4.115     0.943750        47144        17.78
       4.279     0.950000        47448        20.00
       4.491     0.956250        47769        22.86
       4.723     0.962500        48073        26.67
       4.999     0.968750        48388        32.00
       5.171     0.971875        48546        35.56
       5.367     0.975000        48698        40.00
       5.563     0.978125        48853        45.71
       5.795     0.981250        49011        53.33
       6.115     0.984375        49167        64.00
       6.291     0.985938        49244        71.11
       6.499     0.987500        49321        80.00
       6.711     0.989062        49399        91.43
       6.971     0.990625        49478       106.67
       7.259     0.992188        49556       128.00
       7.487     0.992969        49595       142.22
       7.699     0.993750        49633       160.00
       7.975     0.994531        49672       182.86
       8.199     0.995313        49714       213.33
       8.455     0.996094        49750       256.00
       8.751     0.996484        49773       284.44
       8.951     0.996875        49789       320.00
       9.175     0.997266        49810       365.71
       9.487     0.997656        49828       426.67
       9.927     0.998047        49849       512.00
      10.143     0.998242        49858       568.89
      10.439     0.998437        49867       640.00
      10.967     0.998633        49877       731.43
      11.279     0.998828        49887       853.33
      11.607     0.999023        49897      1024.00
      11.815     0.999121        49902      1137.78
      12.079     0.999219        49906      1280.00
      12.311     0.999316        49911      1462.86
      12.567     0.999414        49916      1706.67
      12.687     0.999512        49921      2048.00
      12.791     0.999561        49924      2275.56
      12.863     0.999609        49927      2560.00
      12.983     0.999658        49928      2925.71
      13.247     0.999707        49931      3413.33
      13.327     0.999756        49933      4096.00
      13.407     0.999780        49935      4551.11
      13.551     0.999805        49936      5120.00
      13.567     0.999829        49937      5851.43
      13.727     0.999854        49938      6826.67
      13.759     0.999878        49939      8192.00
      13.863     0.999890        49940      9102.22
      13.903     0.999902        49941     10240.00
      13.903     0.999915        49941     11702.86
      14.191     0.999927        49942     13653.33
      14.191     0.999939        49942     16384.00
      14.615     0.999945        49943     18204.44
      14.615     0.999951        49943     20480.00
      14.615     0.999957        49943     23405.71
      14.735     0.999963        49944     27306.67
      14.735     0.999969        49944     32768.00
      14.735     0.999973        49944     36408.89
      14.735     0.999976        49944     40960.00
      14.735     0.999979        49944     46811.43
      14.839     0.999982        49945     54613.33
      14.839     1.000000        49945          inf
#[Mean    =        1.814, StdDeviation   =        1.271]
#[Max     =       14.832, Total count    =        49945]
#[Buckets =           27, SubBuckets     =         2048]
----------------------------------------------------------
  49953 requests in 10.00s, 8.34MB read
Requests/sec:   4994.83
Transfer/sec:    853.61KB
