Running 10s test @ http://localhost
  2 threads and 10 connections
  Thread Stats   Avg      Stdev     Max   +/- Stdev
    Latency     1.74ms    1.17ms  12.76ms   83.73%
    Req/Sec       -nan      -nan   0.00      0.00%
  Latency Distribution (HdrHistogram - Recorded Latency)
 50.000%    1.46ms
 75.000%    2.05ms
 90.000%    3.11ms
 99.000%    6.16ms
 99.900%    9.21ms
 99.990%   12.27ms
 99.999%   12.77ms
100.000%   12.77ms

  Detailed Percentile spectrum:
       Value   Percentile   TotalCount 1/(1-Percentile)

       0.102     0.000000            1         1.00
       0.693     0.100000         5008         1.11
       0.882     0.200000        10007         1.25
       1.075     0.300000        14991         1.43
       1.271     0.400000        19981         1.67
       1.464     0.500000        24985         2.00
       1.563     0.550000        27487         2.22
       1.669     0.600000        29983         2.50
       1.779     0.650000        32474         2.86
       1.904     0.700000        34979         3.33
       2.053     0.750000        37464         4.00
       2.149     0.775000        38721         4.44
       2.263     0.800000        39962         5.00
       2.401     0.825000        41222         5.71
       2.561     0.850000        42467         6.67
       2.795     0.875000        43712         8.00
       2.941     0.887500        44337         8.89
       3.107     0.900000        44954        10.00
       3.303     0.912500        45582        11.43
       3.551     0.925000        46204        13.33
       3.817     0.937500        46828        16.00
       3.973     0.943750        47139        17.78
       4.159     0.950000        47458        20.00
       4.339     0.956250        47762        22.86
       4.547     0.962500        48074        26.67
       4.799     0.968750        48390        32.00
       4.955     0.971875        48544        35.56
       5.103     0.975000        48700        40.00
       5.259     0.978125        48857        45.71
       5.439     0.981250        49012        53.33
       5.627     0.984375        49167        64.00
       5.747     0.985938        49247        71.11
       5.883     0.987500        49325        80.00
       6.015     0.989062        49401        91.43
       6.223     0.990625        49479       106.67
       6.507     0.992188        49559       128.00
       6.611     0.992969        49596       142.22
       6.739     0.993750        49635       160.00
       6.863     0.994531        49674       182.86
       7.043     0.995313        49713       213.33
       7.339     0.996094        49752       256.00
       7.443     0.996484        49772       284.44
       7.587     0.996875        49791       320.00
       7.807     0.997266        49811       365.71
       7.959     0.997656        49831       426.67
       8.187     0.998047        49851       512.00
       8.303     0.998242        49860       568.89
       8.607     0.998437        49870       640.00
       8.815     0.998633        49880       731.43
       9.007     0.998828        49889       853.33
       9.295     0.999023        49899      1024.00
       9.543     0.999121        49906      1137.78
       9.591     0.999219        49908      1280.00
       9.767     0.999316        49913      1462.86
      10.063     0.999414        49919      1706.67
      10.567     0.999512        49923      2048.00
      10.711     0.999561        49926      2275.56
      10.743     0.999609        49928      2560.00
      10.791     0.999658        49930      2925.71
      11.223     0.999707        49933      3413.33
      11.247     0.999756        49935      4096.00
      11.391     0.999780        49937      4551.11
      11.439     0.999805        49938      5120.00
      11.447     0.999829        49939      5851.43
      11.663     0.999854        49940      6826.67
      11.887     0.999878        49941      8192.00
      12.271     0.999890        49942      9102.22
      12.423     0.999902        49943     10240.00
      12.423     0.999915        49943     11702.86
      12.503     0.999927        49944     13653.33
      12.503     0.999939        49944     16384.00
      12.543     0.999945        49945     18204.44
      12.543     0.999951        49945     20480.00
      12.543     0.999957        49945     23405.71
      12.663     0.999963        49946     27306.67
      12.663     0.999969        49946     32768.00
      12.663     0.999973        49946     36408.89
      12.663     0.999976        49946     40960.00
      12.663     0.999979        49946     46811.43
      12.767     0.999982        49947     54613.33
      12.767     1.000000        49947          inf
#[Mean    =        1.738, StdDeviation   =        1.170]
#[Max     =       12.760, Total count    =        49947]
#[Buckets =           27, SubBuckets     =         2048]
----------------------------------------------------------
  49950 requests in 10.00s, 8.34MB read
Requests/sec:   4994.14
Transfer/sec:    853.49KB
