Running 10s test @ http://localhost
  2 threads and 10 connections
  Thread Stats   Avg      Stdev     Max   +/- Stdev
    Latency     1.74ms    1.21ms  13.42ms   82.94%
    Req/Sec       -nan      -nan   0.00      0.00%
  Latency Distribution (HdrHistogram - Recorded Latency)
 50.000%    1.44ms
 75.000%    2.11ms
 90.000%    3.17ms
 99.000%    6.22ms
 99.900%    9.78ms
 99.990%   12.48ms
 99.999%   13.42ms
100.000%   13.42ms

  Detailed Percentile spectrum:
       Value   Percentile   TotalCount 1/(1-Percentile)

       0.115     0.000000            1         1.00
       0.636     0.100000         5001         1.11
       0.849     0.200000         9991         1.25
       1.052     0.300000        14987         1.43
       1.237     0.400000        20005         1.67
       1.441     0.500000        24974         2.00
       1.553     0.550000        27491         2.22
       1.671     0.600000        29972         2.50
       1.801     0.650000        32469         2.86
       1.941     0.700000        34964         3.33
       2.107     0.750000        37461         4.00
       2.203     0.775000        38712         4.44
       2.313     0.800000        39955         5.00
       2.449     0.825000        41203         5.71
       2.627     0.850000        42457         6.67
       2.857     0.875000        43705         8.00
       2.991     0.887500        44329         8.89
       3.167     0.900000        44949        10.00
       3.365     0.912500        45575        11.43
       3.591     0.925000        46201        13.33
       3.877     0.937500        46821        16.00
       4.039     0.943750        47133        17.78
       4.199     0.950000        47450        20.00
       4.387     0.956250        47759        22.86
       4.563     0.962500        48072        26.67
       4.791     0.968750        48387        32.00
       4.923     0.971875        48540        35.56
       5.059     0.975000        48700        40.00
       5.227     0.978125        48850        45.71
       5.439     0.981250        49010        53.33
       5.647     0.984375        49162        64.00
       5.775     0.985938        49240        71.11
       5.939     0.987500        49319        80.00
       6.083     0.989062        49396        91.43
       6.315     0.990625        49474       106.67
       6.595     0.992188        49553       128.00
       6.755     0.992969        49593       142.22
       6.895     0.993750        49631       160.00
       7.091     0.994531        49669       182.86
       7.375     0.995313        49708       213.33
       7.683     0.996094        49747       256.00
       7.855     0.996484        49767       284.44
       8.051     0.996875        49786       320.00
       8.231     0.997266        49806       365.71
       8.591     0.997656        49825       426.67
       8.863     0.998047        49846       512.00
       9.063     0.998242        49855       568.89
       9.223     0.998437        49864       640.00
       9.471     0.998633        49875       731.43
       9.639     0.998828        49884       853.33
       9.967     0.999023        49894      1024.00
      10.183     0.999121        49899      1137.78
      10.263     0.999219        49903      1280.00
      10.391     0.999316        49908      1462.86
      10.487     0.999414        49913      1706.67
      10.671     0.999512        49919      2048.00
      10.943     0.999561        49921      2275.56
      11.087     0.999609        49923      2560.00
      11.111     0.999658        49925      2925.71
      11.575     0.999707        49928      3413.33
      11.783     0.999756        49930      4096.00
      11.983     0.999780        49932      4551.11
      11.999     0.999805        49933      5120.00
      12.151     0.999829        49934      5851.43
      12.167     0.999854        49935      6826.67
      12.183     0.999878        49936      8192.00
      12.479     0.999890        49937      9102.22
      12.535     0.999902        49938     10240.00
      12.535     0.999915        49938     11702.86
      12.743     0.999927        49939     13653.33
      12.743     0.999939        49939     16384.00
      12.879     0.999945        49940     18204.44
      12.879     0.999951        49940     20480.00
      12.879     0.999957        49940     23405.71
      12.975     0.999963        49941     27306.67
      12.975     0.999969        49941     32768.00
      12.975     0.999973        49941     36408.89
      12.975     0.999976        49941     40960.00
      12.975     0.999979        49941     46811.43
      13.423     0.999982        49942     54613.33
      13.423     1.000000        49942          inf
#[Mean    =        1.738, StdDeviation   =        1.211]
#[Max     =       13.416, Total count    =        49942]
#[Buckets =           27, SubBuckets     =         2048]
----------------------------------------------------------
  49948 requests in 10.00s, 8.34MB read
Requests/sec:   4994.54
Transfer/sec:    853.56KB
