Running 10s test @ http://localhost
  2 threads and 10 connections
  Thread Stats   Avg      Stdev     Max   +/- Stdev
    Latency     1.82ms    1.32ms  21.62ms   84.41%
    Req/Sec       -nan      -nan   0.00      0.00%
  Latency Distribution (HdrHistogram - Recorded Latency)
 50.000%    1.53ms
 75.000%    2.17ms
 90.000%    3.33ms
 99.000%    6.67ms
 99.900%   11.34ms
 99.990%   17.31ms
 99.999%   21.63ms
100.000%   21.63ms

  Detailed Percentile spectrum:
       Value   Percentile   TotalCount 1/(1-Percentile)

       0.104     0.000000            1         1.00
       0.655     0.100000         4995         1.11
       0.888     0.200000        10012         1.25
       1.104     0.300000        15005         1.43
       1.306     0.400000        19993         1.67
       1.528     0.500000        24995         2.00
       1.648     0.550000        27471         2.22
       1.764     0.600000        29985         2.50
       1.884     0.650000        32478         2.86
       2.019     0.700000        34976         3.33
       2.173     0.750000        37480         4.00
       2.265     0.775000        38742         4.44
       2.365     0.800000        39975         5.00
       2.509     0.825000        41209         5.71
       2.711     0.850000        42455         6.67
       2.983     0.875000        43712         8.00
       3.143     0.887500        44332         8.89
       3.327     0.900000        44955        10.00
       3.537     0.912500        45580        11.43
       3.785     0.925000        46203        13.33
       4.059     0.937500        46828        16.00
       4.235     0.943750        47140        17.78
       4.427     0.950000        47457        20.00
       4.619     0.956250        47762        22.86
       4.823     0.962500        48078        26.67
       5.063     0.968750        48387        32.00
       5.195     0.971875        48543        35.56
       5.323     0.975000        48702        40.00
       5.511     0.978125        48858        45.71
       5.711     0.981250        49014        53.33
       5.951     0.984375        49169        64.00
       6.095     0.985938        49245        71.11
       6.259     0.987500        49323        80.00
       6.471     0.989062        49402        91.43
       6.799     0.990625        49479       106.67
       7.155     0.992188        49557       128.00
       7.407     0.992969        49596       142.22
       7.687     0.993750        49635       160.00
       8.003     0.994531        49674       182.86
       8.375     0.995313        49716       213.33
       8.727     0.996094        49752       256.00
       8.935     0.996484        49773       284.44
       9.175     0.996875        49792       320.00
       9.447     0.997266        49811       365.71
       9.807     0.997656        49830       426.67
      10.263     0.998047        49850       512.00
      10.455     0.998242        49861       568.89
      10.615     0.998437        49869       640.00
      10.927     0.998633        49879       731.43
      11.103     0.998828        49889       853.33
      11.415     0.999023        49899      1024.00
      11.783     0.999121        49904      1137.78
      11.871     0.999219        49908      1280.00
      12.215     0.999316        49913      1462.86
      12.511     0.999414        49918      1706.67
      12.775     0.999512        49924      2048.00
      12.903     0.999561        49926      2275.56
      13.271     0.999609        49928      2560.00
      13.511     0.999658        49930      2925.71
      13.783     0.999707        49933      3413.33
      14.023     0.999756        49935      4096.00
      14.407     0.999780        49937      4551.11
      14.599     0.999805        49938      5120.00
      14.919     0.999829        49939      5851.43
      15.799     0.999854        49940      6826.67
      16.575     0.999878        49941      8192.00
      17.311     0.999890        49942      9102.22
      17.807     0.999902        49943     10240.00
      17.807     0.999915        49943     11702.86
      18.095     0.999927        49944     13653.33
      18.095     0.999939        49944     16384.00
      19.487     0.999945        49945     18204.44
      19.487     0.999951        49945     20480.00
      19.487     0.999957        49945     23405.71
      20.671     0.999963        49946     27306.67
      20.671     0.999969        49946     32768.00
      20.671     0.999973        49946     36408.89
      20.671     0.999976        49946     40960.00
      20.671     0.999979        49946     46811.43
      21.631     0.999982        49947     54613.33
      21.631     1.000000        49947          inf
#[Mean    =        1.824, StdDeviation   =        1.316]
#[Max     =       21.616, Total count    =        49947]
#[Buckets =           27, SubBuckets     =         2048]
----------------------------------------------------------
  49956 requests in 10.00s, 8.34MB read
Requests/sec:   4994.20
Transfer/sec:    853.50KB
