Running 10s test @ http://localhost
  2 threads and 10 connections
  Thread Stats   Avg      Stdev     Max   +/- Stdev
    Latency     1.36ms    0.91ms  15.59ms   89.22%
    Req/Sec       -nan      -nan   0.00      0.00%
  Latency Distribution (HdrHistogram - Recorded Latency)
 50.000%    1.25ms
 75.000%    1.73ms
 90.000%    2.10ms
 99.000%    3.49ms
 99.900%   12.45ms
 99.990%   14.51ms
 99.999%   15.60ms
100.000%   15.60ms

  Detailed Percentile spectrum:
       Value   Percentile   TotalCount 1/(1-Percentile)

       0.127     0.000000            1         1.00
       0.585     0.100000         5011         1.11
       0.778     0.200000        10007         1.25
       0.938     0.300000        14996         1.43
       1.087     0.400000        19980         1.67
       1.246     0.500000        24979         2.00
       1.328     0.550000        27497         2.22
       1.418     0.600000        29970         2.50
       1.514     0.650000        32468         2.86
       1.623     0.700000        34977         3.33
       1.731     0.750000        37471         4.00
       1.782     0.775000        38722         4.44
       1.836     0.800000        39963         5.00
       1.892     0.825000        41209         5.71
       1.954     0.850000        42466         6.67
       2.021     0.875000        43712         8.00
       2.059     0.887500        44346         8.89
       2.101     0.900000        44985        10.00
       2.147     0.912500        45599        11.43
       2.193     0.925000        46213        13.33
       2.247     0.937500        46830        16.00
       2.281     0.943750        47148        17.78
       2.315     0.950000        47460        20.00
       2.353     0.956250        47769        22.86
       2.399     0.962500        48081        26.67
       2.455     0.968750        48391        32.00
       2.497     0.971875        48554        35.56
       2.537     0.975000        48711        40.00
       2.597     0.978125        48857        45.71
       2.683     0.981250        49018        53.33
       2.813     0.984375        49169        64.00
       2.925     0.985938        49250        71.11
       3.069     0.987500        49325        80.00
       3.291     0.989062        49404        91.43
       3.677     0.990625        49481       106.67
       4.559     0.992188        49559       128.00
       5.295     0.992969        49598       142.22
       5.839     0.993750        49637       160.00
       6.599     0.994531        49676       182.86
       7.531     0.995313        49715       213.33
       8.503     0.996094        49756       256.00
       8.807     0.996484        49774       284.44
       9.343     0.996875        49794       320.00
       9.759     0.997266        49813       365.71
      10.231     0.997656        49832       426.67
      10.847     0.998047        49852       512.00
      11.103     0.998242        49862       568.89
      11.487     0.998437        49872       640.00
      11.775     0.998633        49881       731.43
      12.215     0.998828        49891       853.33
      12.463     0.999023        49902      1024.00
      12.607     0.999121        49907      1137.78
      12.807     0.999219        49910      1280.00
      13.127     0.999316        49915      1462.86
      13.327     0.999414        49920      1706.67
      13.631     0.999512        49926      2048.00
      13.655     0.999561        49928      2275.56
      13.695     0.999609        49930      2560.00
      13.775     0.999658        49932      2925.71
      13.943     0.999707        49935      3413.33
      14.207     0.999756        49937      4096.00
      14.239     0.999780        49939      4551.11
      14.255     0.999805        49940      5120.00
      14.263     0.999829        49941      5851.43
      14.399     0.999854        49942      6826.67
      14.479     0.999878        49943      8192.00
      14.511     0.999890        49944      9102.22
      14.703     0.999902        49945     10240.00
      14.703     0.999915        49945     11702.86
      14.823     0.999927        49946     13653.33
      14.823     0.999939        49946     16384.00
      15.335     0.999945        49947     18204.44
      15.335     0.999951        49947     20480.00
      15.335     0.999957        49947     23405.71
      15.423     0.999963        49948     27306.67
      15.423     0.999969        49948     32768.00
      15.423     0.999973        49948     36408.89
      15.423     0.999976        49948     40960.00
      15.423     0.999979        49948     46811.43
      15.599     0.999982        49949     54613.33
      15.599     1.000000        49949          inf
#[Mean    =        1.359, StdDeviation   =        0.906]
#[Max     =       15.592, Total count    =        49949]
#[Buckets =           27, SubBuckets     =         2048]
----------------------------------------------------------
  49952 requests in 10.00s, 8.34MB read
Requests/sec:   4994.92
Transfer/sec:    853.62KB
