Running 10s test @ http://localhost
  2 threads and 10 connections
  Thread Stats   Avg      Stdev     Max   +/- Stdev
    Latency     1.82ms    1.41ms  18.86ms   87.94%
    Req/Sec       -nan      -nan   0.00      0.00%
  Latency Distribution (HdrHistogram - Recorded Latency)
 50.000%    1.47ms
 75.000%    2.12ms
 90.000%    3.35ms
 99.000%    7.24ms
 99.900%   12.98ms
 99.990%   18.38ms
 99.999%   18.88ms
100.000%   18.88ms

  Detailed Percentile spectrum:
       Value   Percentile   TotalCount 1/(1-Percentile)

       0.126     0.000000            1         1.00
       0.688     0.100000         5009         1.11
       0.890     0.200000         9991         1.25
       1.077     0.300000        14996         1.43
       1.270     0.400000        19998         1.67
       1.469     0.500000        24995         2.00
       1.576     0.550000        27477         2.22
       1.690     0.600000        29974         2.50
       1.814     0.650000        32472         2.86
       1.959     0.700000        34976         3.33
       2.123     0.750000        37482         4.00
       2.221     0.775000        38722         4.44
       2.339     0.800000        39971         5.00
       2.485     0.825000        41216         5.71
       2.683     0.850000        42463         6.67
       2.977     0.875000        43707         8.00
       3.155     0.887500        44331         8.89
       3.351     0.900000        44958        10.00
       3.575     0.912500        45581        11.43
       3.833     0.925000        46202        13.33
       4.123     0.937500        46831        16.00
       4.279     0.943750        47141        17.78
       4.467     0.950000        47453        20.00
       4.679     0.956250        47764        22.86
       4.927     0.962500        48074        26.67
       5.223     0.968750        48389        32.00
       5.383     0.971875        48543        35.56
       5.579     0.975000        48701        40.00
       5.803     0.978125        48856        45.71
       6.047     0.981250        49010        53.33
       6.391     0.984375        49168        64.00
       6.547     0.985938        49244        71.11
       6.787     0.987500        49323        80.00
       7.075     0.989062        49400        91.43
       7.375     0.990625        49478       106.67
       7.735     0.992188        49557       128.00
       7.979     0.992969        49595       142.22
       8.319     0.993750        49634       160.00
       8.743     0.994531        49673       182.86
       9.175     0.995313        49712       213.33
       9.759     0.996094        49751       256.00
      10.167     0.996484        49771       284.44
      10.407     0.996875        49790       320.00
      10.719     0.997266        49811       365.71
      11.015     0.997656        49829       426.67
      11.359     0.998047        49849       512.00
      11.615     0.998242        49860       568.89
      11.943     0.998437        49869       640.00
      12.135     0.998633        49878       731.43
      12.415     0.998828        49888       853.33
      13.071     0.999023        49898      1024.00
      13.999     0.999121        49903      1137.78
      14.639     0.999219        49907      1280.00
      15.167     0.999316        49912      1462.86
      16.543     0.999414        49917      1706.67
      17.071     0.999512        49922      2048.00
      17.279     0.999561        49926      2275.56
      17.295     0.999609        49927      2560.00
      17.359     0.999658        49929      2925.71
      17.583     0.999707        49932      3413.33
      17.775     0.999756        49935      4096.00
      17.887     0.999780        49936      4551.11
      17.983     0.999805        49937      5120.00
      18.079     0.999829        49938      5851.43
      18.159     0.999854        49939      6826.67
      18.303     0.999878        49940      8192.00
      18.383     0.999890        49942      9102.22
      18.383     0.999902        49942     10240.00
      18.383     0.999915        49942     11702.86
      18.575     0.999927        49943     13653.33
      18.575     0.999939        49943     16384.00
      18.623     0.999945        49944     18204.44
      18.623     0.999951        49944     20480.00
      18.623     0.999957        49944     23405.71
      18.799     0.999963        49945     27306.67
      18.799     0.999969        49945     32768.00
      18.799     0.999973        49945     36408.89
      18.799     0.999976        49945     40960.00
      18.799     0.999979        49945     46811.43
      18.879     0.999982        49946     54613.33
      18.879     1.000000        49946          inf
#[Mean    =        1.821, StdDeviation   =        1.409]
#[Max     =       18.864, Total count    =        49946]
#[Buckets =           27, SubBuckets     =         2048]
----------------------------------------------------------
  49950 requests in 10.00s, 8.34MB read
Requests/sec:   4993.86
Transfer/sec:    853.44KB
