Running 10s test @ http://localhost
  2 threads and 10 connections
  Thread Stats   Avg      Stdev     Max   +/- Stdev
    Latency    44.38ms  163.81ms   1.00s    93.27%
    Req/Sec       -nan      -nan   0.00      0.00%
  Latency Distribution (HdrHistogram - Recorded Latency)
 50.000%    1.84ms
 75.000%    3.11ms
 90.000%    6.45ms
 99.000%  882.17ms
 99.900%  991.74ms
 99.990%    1.00s 
 99.999%    1.00s 
100.000%    1.00s 

  Detailed Percentile spectrum:
       Value   Percentile   TotalCount 1/(1-Percentile)

       0.117     0.000000            1         1.00
       0.784     0.100000         4979         1.11
       1.057     0.200000         9935         1.25
       1.293     0.300000        14912         1.43
       1.539     0.400000        19876         1.67
       1.841     0.500000        24844         2.00
       2.014     0.550000        27334         2.22
       2.205     0.600000        29819         2.50
       2.435     0.650000        32299         2.86
       2.719     0.700000        34778         3.33
       3.107     0.750000        37256         4.00
       3.371     0.775000        38507         4.44
       3.679     0.800000        39736         5.00
       4.047     0.825000        40983         5.71
       4.519     0.850000        42225         6.67
       5.207     0.875000        43468         8.00
       5.699     0.887500        44087         8.89
       6.451     0.900000        44704        10.00
       8.247     0.912500        45324        11.43
      44.543     0.925000        45945        13.33
     288.767     0.937500        46566        16.00
     359.423     0.943750        46878        17.78
     429.567     0.950000        47188        20.00
     501.759     0.956250        47497        22.86
     574.463     0.962500        47808        26.67
     633.855     0.968750        48118        32.00
     666.623     0.971875        48275        35.56
     702.975     0.975000        48431        40.00
     742.399     0.978125        48585        45.71
     785.407     0.981250        48740        53.33
     819.711     0.984375        48896        64.00
     836.607     0.985938        48975        71.11
     854.527     0.987500        49051        80.00
     871.423     0.989062        49130        91.43
     889.855     0.990625        49205       106.67
     910.335     0.992188        49285       128.00
     919.551     0.992969        49322       142.22
     929.279     0.993750        49361       160.00
     939.519     0.994531        49400       182.86
     949.247     0.995313        49440       213.33
     958.463     0.996094        49477       256.00
     963.071     0.996484        49497       284.44
     968.191     0.996875        49516       320.00
     972.287     0.997266        49536       365.71
     975.871     0.997656        49558       426.67
     980.479     0.998047        49574       512.00
     983.551     0.998242        49584       568.89
     986.111     0.998437        49594       640.00
     988.671     0.998633        49604       731.43
     990.207     0.998828        49613       853.33
     992.255     0.999023        49624      1024.00
     993.279     0.999121        49627      1137.78
     994.815     0.999219        49633      1280.00
     995.839     0.999316        49637      1462.86
     996.863     0.999414        49641      1706.67
     998.399     0.999512        49648      2048.00
     999.423     0.999561        49650      2275.56
     999.935     0.999609        49653      2560.00
    1000.447     0.999658        49656      2925.71
    1000.447     0.999707        49656      3413.33
    1000.959     0.999756        49658      4096.00
    1001.471     0.999780        49661      4551.11
    1001.471     0.999805        49661      5120.00
    1001.983     0.999829        49663      5851.43
    1001.983     0.999854        49663      6826.67
    1002.495     0.999878        49665      8192.00
    1002.495     0.999890        49665      9102.22
    1003.007     0.999902        49667     10240.00
    1003.007     0.999915        49667     11702.86
    1003.007     0.999927        49667     13653.33
    1003.007     0.999939        49667     16384.00
    1003.519     0.999945        49670     18204.44
    1003.519     1.000000        49670          inf
#[Mean    =       44.384, StdDeviation   =      163.807]
#[Max     =     1003.008, Total count    =        49670]
#[Buckets =           27, SubBuckets     =         2048]
----------------------------------------------------------
  49674 requests in 10.00s, 8.29MB read
Requests/sec:   4967.53
Transfer/sec:    848.94KB
