Running 10s test @ http://localhost
  2 threads and 10 connections
  Thread Stats   Avg      Stdev     Max   +/- Stdev
    Latency     1.42ms  846.36us  14.05ms   83.12%
    Req/Sec       -nan      -nan   0.00      0.00%
  Latency Distribution (HdrHistogram - Recorded Latency)
 50.000%    1.30ms
 75.000%    1.78ms
 90.000%    2.23ms
 99.000%    3.48ms
 99.900%   11.32ms
 99.990%   12.96ms
 99.999%   14.06ms
100.000%   14.06ms

  Detailed Percentile spectrum:
       Value   Percentile   TotalCount 1/(1-Percentile)

       0.163     0.000000            1         1.00
       0.623     0.100000         4994         1.11
       0.826     0.200000        10009         1.25
       0.994     0.300000        14990         1.43
       1.148     0.400000        19991         1.67
       1.304     0.500000        24979         2.00
       1.387     0.550000        27496         2.22
       1.478     0.600000        29975         2.50
       1.570     0.650000        32481         2.86
       1.671     0.700000        34958         3.33
       1.783     0.750000        37459         4.00
       1.841     0.775000        38705         4.44
       1.907     0.800000        39957         5.00
       1.974     0.825000        41214         5.71
       2.047     0.850000        42450         6.67
       2.135     0.875000        43712         8.00
       2.183     0.887500        44326         8.89
       2.233     0.900000        44953        10.00
       2.287     0.912500        45587        11.43
       2.349     0.925000        46197        13.33
       2.423     0.937500        46835        16.00
       2.459     0.943750        47142        17.78
       2.501     0.950000        47446        20.00
       2.555     0.956250        47755        22.86
       2.617     0.962500        48072        26.67
       2.695     0.968750        48380        32.00
       2.745     0.971875        48537        35.56
       2.799     0.975000        48692        40.00
       2.885     0.978125        48846        45.71
       2.989     0.981250        49003        53.33
       3.115     0.984375        49158        64.00
       3.183     0.985938        49239        71.11
       3.283     0.987500        49314        80.00
       3.405     0.989062        49393        91.43
       3.543     0.990625        49470       106.67
       3.831     0.992188        49548       128.00
       4.147     0.992969        49588       142.22
       4.595     0.993750        49626       160.00
       5.167     0.994531        49665       182.86
       5.923     0.995313        49704       213.33
       6.967     0.996094        49743       256.00
       7.439     0.996484        49763       284.44
       8.139     0.996875        49782       320.00
       8.727     0.997266        49802       365.71
       9.111     0.997656        49821       426.67
       9.823     0.998047        49842       512.00
      10.167     0.998242        49851       568.89
      10.447     0.998437        49860       640.00
      10.727     0.998633        49870       731.43
      11.039     0.998828        49880       853.33
      11.423     0.999023        49890      1024.00
      11.543     0.999121        49895      1137.78
      11.711     0.999219        49899      1280.00
      11.871     0.999316        49904      1462.86
      12.071     0.999414        49909      1706.67
      12.167     0.999512        49914      2048.00
      12.287     0.999561        49917      2275.56
      12.375     0.999609        49919      2560.00
      12.431     0.999658        49921      2925.71
      12.535     0.999707        49924      3413.33
      12.639     0.999756        49926      4096.00
      12.743     0.999780        49928      4551.11
      12.807     0.999805        49929      5120.00
      12.839     0.999829        49930      5851.43
      12.855     0.999854        49931      6826.67
      12.927     0.999878        49932      8192.00
      12.959     0.999890        49933      9102.22
      13.095     0.999902        49934     10240.00
      13.095     0.999915        49934     11702.86
      13.287     0.999927        49935     13653.33
      13.287     0.999939        49935     16384.00
      13.391     0.999945        49936     18204.44
      13.391     0.999951        49936     20480.00
      13.391     0.999957        49936     23405.71
      13.615     0.999963        49937     27306.67
      13.615     0.999969        49937     32768.00
      13.615     0.999973        49937     36408.89
      13.615     0.999976        49937     40960.00
      13.615     0.999979        49937     46811.43
      14.055     0.999982        49938     54613.33
      14.055     1.000000        49938          inf
#[Mean    =        1.418, StdDeviation   =        0.846]
#[Max     =       14.048, Total count    =        49938]
#[Buckets =           27, SubBuckets     =         2048]
----------------------------------------------------------
  49940 requests in 10.00s, 8.33MB read
Requests/sec:   4994.23
Transfer/sec:    853.51KB
