Running 10s test @ http://localhost
  2 threads and 10 connections
  Thread Stats   Avg      Stdev     Max   +/- Stdev
    Latency     1.38ms    0.91ms  17.58ms   88.78%
    Req/Sec       -nan      -nan   0.00      0.00%
  Latency Distribution (HdrHistogram - Recorded Latency)
 50.000%    1.27ms
 75.000%    1.74ms
 90.000%    2.14ms
 99.000%    3.47ms
 99.900%   13.71ms
 99.990%   15.97ms
 99.999%   17.60ms
100.000%   17.60ms

  Detailed Percentile spectrum:
       Value   Percentile   TotalCount 1/(1-Percentile)

       0.137     0.000000            1         1.00
       0.601     0.100000         5013         1.11
       0.784     0.200000        10000         1.25
       0.943     0.300000        15012         1.43
       1.108     0.400000        20000         1.67
       1.270     0.500000        24977         2.00
       1.359     0.550000        27488         2.22
       1.447     0.600000        29971         2.50
       1.536     0.650000        32476         2.86
       1.636     0.700000        34978         3.33
       1.740     0.750000        37471         4.00
       1.794     0.775000        38730         4.44
       1.852     0.800000        39981         5.00
       1.913     0.825000        41209         5.71
       1.978     0.850000        42462         6.67
       2.053     0.875000        43719         8.00
       2.095     0.887500        44335         8.89
       2.141     0.900000        44965        10.00
       2.195     0.912500        45590        11.43
       2.257     0.925000        46234        13.33
       2.325     0.937500        46852        16.00
       2.359     0.943750        47152        17.78
       2.405     0.950000        47454        20.00
       2.461     0.956250        47772        22.86
       2.517     0.962500        48086        26.67
       2.595     0.968750        48391        32.00
       2.645     0.971875        48548        35.56
       2.709     0.975000        48711        40.00
       2.777     0.978125        48859        45.71
       2.879     0.981250        49013        53.33
       3.017     0.984375        49169        64.00
       3.125     0.985938        49250        71.11
       3.221     0.987500        49325        80.00
       3.351     0.989062        49403        91.43
       3.543     0.990625        49481       106.67
       3.789     0.992188        49559       128.00
       4.079     0.992969        49599       142.22
       4.451     0.993750        49637       160.00
       5.055     0.994531        49676       182.86
       5.995     0.995313        49715       213.33
       7.199     0.996094        49754       256.00
       7.835     0.996484        49774       284.44
       8.663     0.996875        49793       320.00
       9.519     0.997266        49813       365.71
      10.247     0.997656        49832       426.67
      11.087     0.998047        49853       512.00
      11.591     0.998242        49862       568.89
      12.015     0.998437        49871       640.00
      12.655     0.998633        49882       731.43
      13.319     0.998828        49891       853.33
      13.751     0.999023        49901      1024.00
      13.919     0.999121        49906      1137.78
      14.167     0.999219        49910      1280.00
      14.431     0.999316        49915      1462.86
      14.679     0.999414        49920      1706.67
      14.999     0.999512        49926      2048.00
      15.087     0.999561        49928      2275.56
      15.167     0.999609        49930      2560.00
      15.287     0.999658        49932      2925.71
      15.391     0.999707        49935      3413.33
      15.415     0.999756        49937      4096.00
      15.575     0.999780        49939      4551.11
      15.655     0.999805        49940      5120.00
      15.703     0.999829        49941      5851.43
      15.831     0.999854        49942      6826.67
      15.935     0.999878        49943      8192.00
      15.967     0.999890        49944      9102.22
      16.119     0.999902        49945     10240.00
      16.119     0.999915        49945     11702.86
      16.559     0.999927        49946     13653.33
      16.559     0.999939        49946     16384.00
      16.655     0.999945        49947     18204.44
      16.655     0.999951        49947     20480.00
      16.655     0.999957        49947     23405.71
      17.119     0.999963        49948     27306.67
      17.119     0.999969        49948     32768.00
      17.119     0.999973        49948     36408.89
      17.119     0.999976        49948     40960.00
      17.119     0.999979        49948     46811.43
      17.599     0.999982        49949     54613.33
      17.599     1.000000        49949          inf
#[Mean    =        1.380, StdDeviation   =        0.908]
#[Max     =       17.584, Total count    =        49949]
#[Buckets =           27, SubBuckets     =         2048]
----------------------------------------------------------
  49953 requests in 10.00s, 8.34MB read
Requests/sec:   4995.03
Transfer/sec:    853.64KB
