Running 10s test @ http://localhost
  2 threads and 10 connections
  Thread Stats   Avg      Stdev     Max   +/- Stdev
    Latency     1.83ms    1.40ms  18.67ms   87.97%
    Req/Sec       -nan      -nan   0.00      0.00%
  Latency Distribution (HdrHistogram - Recorded Latency)
 50.000%    1.50ms
 75.000%    2.15ms
 90.000%    3.31ms
 99.000%    7.03ms
 99.900%   14.26ms
 99.990%   17.84ms
 99.999%   18.69ms
100.000%   18.69ms

  Detailed Percentile spectrum:
       Value   Percentile   TotalCount 1/(1-Percentile)

       0.100     0.000000            1         1.00
       0.691     0.100000         4998         1.11
       0.887     0.200000         9990         1.25
       1.080     0.300000        15002         1.43
       1.278     0.400000        19985         1.67
       1.495     0.500000        24995         2.00
       1.603     0.550000        27474         2.22
       1.717     0.600000        29983         2.50
       1.833     0.650000        32466         2.86
       1.973     0.700000        34971         3.33
       2.153     0.750000        37482         4.00
       2.265     0.775000        38713         4.44
       2.391     0.800000        39974         5.00
       2.545     0.825000        41214         5.71
       2.749     0.850000        42461         6.67
       3.007     0.875000        43709         8.00
       3.153     0.887500        44336         8.89
       3.313     0.900000        44953        10.00
       3.517     0.912500        45574        11.43
       3.745     0.925000        46201        13.33
       4.009     0.937500        46824        16.00
       4.163     0.943750        47135        17.78
       4.339     0.950000        47452        20.00
       4.551     0.956250        47760        22.86
       4.763     0.962500        48077        26.67
       5.035     0.968750        48386        32.00
       5.191     0.971875        48546        35.56
       5.359     0.975000        48698        40.00
       5.551     0.978125        48853        45.71
       5.819     0.981250        49009        53.33
       6.119     0.984375        49166        64.00
       6.299     0.985938        49243        71.11
       6.527     0.987500        49320        80.00
       6.819     0.989062        49398        91.43
       7.151     0.990625        49476       106.67
       7.727     0.992188        49554       128.00
       8.015     0.992969        49594       142.22
       8.215     0.993750        49632       160.00
       8.631     0.994531        49671       182.86
       9.287     0.995313        49710       213.33
       9.951     0.996094        49749       256.00
      10.495     0.996484        49769       284.44
      10.847     0.996875        49788       320.00
      11.391     0.997266        49808       365.71
      11.935     0.997656        49827       426.67
      12.359     0.998047        49847       512.00
      12.639     0.998242        49857       568.89
      12.887     0.998437        49866       640.00
      13.359     0.998633        49876       731.43
      13.783     0.998828        49886       853.33
      14.439     0.999023        49896      1024.00
      14.647     0.999121        49901      1137.78
      14.951     0.999219        49905      1280.00
      15.239     0.999316        49910      1462.86
      15.455     0.999414        49915      1706.67
      15.959     0.999512        49920      2048.00
      16.175     0.999561        49923      2275.56
      16.359     0.999609        49926      2560.00
      16.495     0.999658        49927      2925.71
      16.911     0.999707        49930      3413.33
      17.135     0.999756        49932      4096.00
      17.455     0.999780        49934      4551.11
      17.599     0.999805        49935      5120.00
      17.663     0.999829        49936      5851.43
      17.727     0.999854        49937      6826.67
      17.823     0.999878        49938      8192.00
      17.839     0.999890        49939      9102.22
      17.919     0.999902        49940     10240.00
      17.919     0.999915        49940     11702.86
      18.399     0.999927        49941     13653.33
      18.399     0.999939        49941     16384.00
      18.479     0.999945        49942     18204.44
      18.479     0.999951        49942     20480.00
      18.479     0.999957        49942     23405.71
      18.607     0.999963        49943     27306.67
      18.607     0.999969        49943     32768.00
      18.607     0.999973        49943     36408.89
      18.607     0.999976        49943     40960.00
      18.607     0.999979        49943     46811.43
      18.687     0.999982        49944     54613.33
      18.687     1.000000        49944          inf
#[Mean    =        1.826, StdDeviation   =        1.396]
#[Max     =       18.672, Total count    =        49944]
#[Buckets =           27, SubBuckets     =         2048]
----------------------------------------------------------
  49948 requests in 10.00s, 8.34MB read
Requests/sec:   4994.81
Transfer/sec:    853.60KB
