Running 10s test @ http://localhost
  2 threads and 10 connections
  Thread Stats   Avg      Stdev     Max   +/- Stdev
    Latency     1.84ms    1.40ms  16.17ms   87.84%
    Req/Sec       -nan      -nan   0.00      0.00%
  Latency Distribution (HdrHistogram - Recorded Latency)
 50.000%    1.49ms
 75.000%    2.15ms
 90.000%    3.39ms
 99.000%    7.36ms
 99.900%   13.19ms
 99.990%   14.95ms
 99.999%   16.17ms
100.000%   16.17ms

  Detailed Percentile spectrum:
       Value   Percentile   TotalCount 1/(1-Percentile)

       0.094     0.000000            1         1.00
       0.710     0.100000         5011         1.11
       0.899     0.200000        10010         1.25
       1.084     0.300000        14990         1.43
       1.281     0.400000        19994         1.67
       1.492     0.500000        24974         2.00
       1.598     0.550000        27477         2.22
       1.714     0.600000        29987         2.50
       1.834     0.650000        32482         2.86
       1.971     0.700000        34962         3.33
       2.147     0.750000        37479         4.00
       2.253     0.775000        38719         4.44
       2.381     0.800000        39965         5.00
       2.541     0.825000        41207         5.71
       2.751     0.850000        42455         6.67
       3.025     0.875000        43703         8.00
       3.193     0.887500        44331         8.89
       3.387     0.900000        44960        10.00
       3.601     0.912500        45580        11.43
       3.853     0.925000        46201        13.33
       4.171     0.937500        46829        16.00
       4.343     0.943750        47137        17.78
       4.547     0.950000        47448        20.00
       4.771     0.956250        47762        22.86
       4.991     0.962500        48073        26.67
       5.279     0.968750        48385        32.00
       5.443     0.971875        48542        35.56
       5.611     0.975000        48697        40.00
       5.855     0.978125        48853        45.71
       6.115     0.981250        49008        53.33
       6.447     0.984375        49164        64.00
       6.639     0.985938        49243        71.11
       6.871     0.987500        49321        80.00
       7.163     0.989062        49398        91.43
       7.491     0.990625        49476       106.67
       7.835     0.992188        49554       128.00
       8.075     0.992969        49593       142.22
       8.415     0.993750        49632       160.00
       8.703     0.994531        49671       182.86
       9.151     0.995313        49713       213.33
       9.599     0.996094        49749       256.00
       9.951     0.996484        49769       284.44
      10.287     0.996875        49788       320.00
      10.623     0.997266        49809       365.71
      11.087     0.997656        49827       426.67
      11.551     0.998047        49847       512.00
      11.863     0.998242        49858       568.89
      12.063     0.998437        49866       640.00
      12.439     0.998633        49876       731.43
      12.799     0.998828        49886       853.33
      13.215     0.999023        49896      1024.00
      13.343     0.999121        49901      1137.78
      13.439     0.999219        49905      1280.00
      13.527     0.999316        49910      1462.86
      13.647     0.999414        49915      1706.67
      13.831     0.999512        49921      2048.00
      13.895     0.999561        49923      2275.56
      13.927     0.999609        49925      2560.00
      14.015     0.999658        49927      2925.71
      14.095     0.999707        49930      3413.33
      14.175     0.999756        49932      4096.00
      14.287     0.999780        49934      4551.11
      14.447     0.999805        49935      5120.00
      14.663     0.999829        49936      5851.43
      14.815     0.999854        49937      6826.67
      14.863     0.999878        49938      8192.00
      14.951     0.999890        49939      9102.22
      15.119     0.999902        49940     10240.00
      15.119     0.999915        49940     11702.86
      15.271     0.999927        49941     13653.33
      15.271     0.999939        49941     16384.00
      15.439     0.999945        49942     18204.44
      15.439     0.999951        49942     20480.00
      15.439     0.999957        49942     23405.71
      15.615     0.999963        49943     27306.67
      15.615     0.999969        49943     32768.00
      15.615     0.999973        49943     36408.89
      15.615     0.999976        49943     40960.00
      15.615     0.999979        49943     46811.43
      16.175     0.999982        49944     54613.33
      16.175     1.000000        49944          inf
#[Mean    =        1.845, StdDeviation   =        1.397]
#[Max     =       16.168, Total count    =        49944]
#[Buckets =           27, SubBuckets     =         2048]
----------------------------------------------------------
  49948 requests in 10.00s, 8.34MB read
Requests/sec:   4994.56
Transfer/sec:    853.56KB
