Running 10s test @ http://localhost
  2 threads and 10 connections
  Thread Stats   Avg      Stdev     Max   +/- Stdev
    Latency     1.93ms    3.11ms  53.12ms   96.77%
    Req/Sec       -nan      -nan   0.00      0.00%
  Latency Distribution (HdrHistogram - Recorded Latency)
 50.000%    1.42ms
 75.000%    2.05ms
 90.000%    3.05ms
 99.000%    9.60ms
 99.900%   46.97ms
 99.990%   51.33ms
 99.999%   53.15ms
100.000%   53.15ms

  Detailed Percentile spectrum:
       Value   Percentile   TotalCount 1/(1-Percentile)

       0.143     0.000000            1         1.00
       0.653     0.100000         4999         1.11
       0.846     0.200000        10012         1.25
       1.026     0.300000        14989         1.43
       1.215     0.400000        19984         1.67
       1.416     0.500000        24978         2.00
       1.527     0.550000        27488         2.22
       1.643     0.600000        29972         2.50
       1.766     0.650000        32475         2.86
       1.894     0.700000        34967         3.33
       2.049     0.750000        37469         4.00
       2.139     0.775000        38727         4.44
       2.239     0.800000        39963         5.00
       2.357     0.825000        41208         5.71
       2.511     0.850000        42462         6.67
       2.729     0.875000        43710         8.00
       2.865     0.887500        44334         8.89
       3.047     0.900000        44956        10.00
       3.267     0.912500        45583        11.43
       3.527     0.925000        46201        13.33
       3.855     0.937500        46827        16.00
       4.053     0.943750        47139        17.78
       4.271     0.950000        47450        20.00
       4.511     0.956250        47764        22.86
       4.787     0.962500        48076        26.67
       5.107     0.968750        48387        32.00
       5.307     0.971875        48544        35.56
       5.587     0.975000        48700        40.00
       5.907     0.978125        48855        45.71
       6.343     0.981250        49011        53.33
       6.907     0.984375        49168        64.00
       7.291     0.985938        49245        71.11
       7.943     0.987500        49325        80.00
       8.815     0.989062        49402        91.43
      10.231     0.990625        49481       106.67
      13.943     0.992188        49557       128.00
      17.615     0.992969        49596       142.22
      20.671     0.993750        49635       160.00
      24.527     0.994531        49674       182.86
      28.623     0.995313        49714       213.33
      30.959     0.996094        49752       256.00
      33.279     0.996484        49772       284.44
      35.711     0.996875        49791       320.00
      38.015     0.997266        49811       365.71
      39.935     0.997656        49831       426.67
      41.695     0.998047        49850       512.00
      42.943     0.998242        49860       568.89
      44.159     0.998437        49869       640.00
      45.439     0.998633        49880       731.43
      46.143     0.998828        49889       853.33
      47.103     0.999023        49899      1024.00
      47.263     0.999121        49905      1137.78
      47.519     0.999219        49908      1280.00
      47.967     0.999316        49913      1462.86
      48.287     0.999414        49918      1706.67
      48.671     0.999512        49923      2048.00
      48.863     0.999561        49926      2275.56
      49.023     0.999609        49928      2560.00
      49.247     0.999658        49930      2925.71
      49.567     0.999707        49933      3413.33
      49.791     0.999756        49935      4096.00
      50.047     0.999780        49937      4551.11
      50.591     0.999805        49938      5120.00
      50.687     0.999829        49939      5851.43
      50.751     0.999854        49940      6826.67
      50.943     0.999878        49941      8192.00
      51.327     0.999890        49942      9102.22
      51.871     0.999902        49944     10240.00
      51.871     0.999915        49944     11702.86
      51.871     0.999927        49944     13653.33
      51.871     0.999939        49944     16384.00
      51.999     0.999945        49945     18204.44
      51.999     0.999951        49945     20480.00
      51.999     0.999957        49945     23405.71
      52.223     0.999963        49946     27306.67
      52.223     0.999969        49946     32768.00
      52.223     0.999973        49946     36408.89
      52.223     0.999976        49946     40960.00
      52.223     0.999979        49946     46811.43
      53.151     0.999982        49947     54613.33
      53.151     1.000000        49947          inf
#[Mean    =        1.933, StdDeviation   =        3.109]
#[Max     =       53.120, Total count    =        49947]
#[Buckets =           27, SubBuckets     =         2048]
----------------------------------------------------------
  49951 requests in 10.00s, 8.34MB read
Requests/sec:   4994.55
Transfer/sec:    853.56KB
