Running 10s test @ http://localhost
  2 threads and 10 connections
  Thread Stats   Avg      Stdev     Max   +/- Stdev
    Latency     1.72ms    1.39ms  17.78ms   89.98%
    Req/Sec       -nan      -nan   0.00      0.00%
  Latency Distribution (HdrHistogram - Recorded Latency)
 50.000%    1.40ms
 75.000%    2.02ms
 90.000%    3.02ms
 99.000%    7.34ms
 99.900%   13.98ms
 99.990%   16.86ms
 99.999%   17.79ms
100.000%   17.79ms

  Detailed Percentile spectrum:
       Value   Percentile   TotalCount 1/(1-Percentile)

       0.132     0.000000            1         1.00
       0.619     0.100000         4996         1.11
       0.805     0.200000         9991         1.25
       0.997     0.300000        14994         1.43
       1.199     0.400000        19999         1.67
       1.405     0.500000        24972         2.00
       1.515     0.550000        27479         2.22
       1.626     0.600000        29983         2.50
       1.745     0.650000        32475         2.86
       1.872     0.700000        34968         3.33
       2.017     0.750000        37463         4.00
       2.105     0.775000        38711         4.44
       2.209     0.800000        39958         5.00
       2.333     0.825000        41214         5.71
       2.489     0.850000        42461         6.67
       2.687     0.875000        43703         8.00
       2.835     0.887500        44328         8.89
       3.015     0.900000        44949        10.00
       3.233     0.912500        45574        11.43
       3.489     0.925000        46198        13.33
       3.805     0.937500        46823        16.00
       3.999     0.943750        47135        17.78
       4.199     0.950000        47450        20.00
       4.423     0.956250        47758        22.86
       4.667     0.962500        48076        26.67
       4.951     0.968750        48384        32.00
       5.139     0.971875        48539        35.56
       5.359     0.975000        48696        40.00
       5.595     0.978125        48851        45.71
       5.903     0.981250        49007        53.33
       6.275     0.984375        49163        64.00
       6.467     0.985938        49242        71.11
       6.719     0.987500        49320        80.00
       7.083     0.989062        49397        91.43
       7.491     0.990625        49476       106.67
       8.115     0.992188        49553       128.00
       8.455     0.992969        49593       142.22
       8.743     0.993750        49631       160.00
       9.047     0.994531        49670       182.86
       9.679     0.995313        49709       213.33
      10.303     0.996094        49748       256.00
      10.503     0.996484        49768       284.44
      10.767     0.996875        49787       320.00
      11.223     0.997266        49807       365.71
      11.703     0.997656        49826       426.67
      12.431     0.998047        49846       512.00
      12.583     0.998242        49856       568.89
      12.799     0.998437        49865       640.00
      13.175     0.998633        49875       731.43
      13.655     0.998828        49885       853.33
      14.039     0.999023        49895      1024.00
      14.167     0.999121        49900      1137.78
      14.343     0.999219        49904      1280.00
      14.743     0.999316        49911      1462.86
      14.975     0.999414        49914      1706.67
      15.103     0.999512        49919      2048.00
      15.247     0.999561        49922      2275.56
      15.327     0.999609        49924      2560.00
      15.543     0.999658        49926      2925.71
      15.599     0.999707        49929      3413.33
      16.039     0.999756        49931      4096.00
      16.239     0.999780        49933      4551.11
      16.359     0.999805        49934      5120.00
      16.431     0.999829        49935      5851.43
      16.495     0.999854        49936      6826.67
      16.543     0.999878        49937      8192.00
      16.863     0.999890        49938      9102.22
      16.879     0.999902        49939     10240.00
      16.879     0.999915        49939     11702.86
      17.039     0.999927        49940     13653.33
      17.039     0.999939        49940     16384.00
      17.375     0.999945        49941     18204.44
      17.375     0.999951        49941     20480.00
      17.375     0.999957        49941     23405.71
      17.695     0.999963        49942     27306.67
      17.695     0.999969        49942     32768.00
      17.695     0.999973        49942     36408.89
      17.695     0.999976        49942     40960.00
      17.695     0.999979        49942     46811.43
      17.791     0.999982        49943     54613.33
      17.791     1.000000        49943          inf
#[Mean    =        1.719, StdDeviation   =        1.386]
#[Max     =       17.776, Total count    =        49943]
#[Buckets =           27, SubBuckets     =         2048]
----------------------------------------------------------
  49950 requests in 10.00s, 8.34MB read
Requests/sec:   4995.12
Transfer/sec:    853.66KB
