Running 10s test @ http://localhost
  2 threads and 10 connections
  Thread Stats   Avg      Stdev     Max   +/- Stdev
    Latency     1.31ms  742.76us  12.27ms   79.11%
    Req/Sec       -nan      -nan   0.00      0.00%
  Latency Distribution (HdrHistogram - Recorded Latency)
 50.000%    1.20ms
 75.000%    1.68ms
 90.000%    2.12ms
 99.000%    3.26ms
 99.900%    9.20ms
 99.990%   11.70ms
 99.999%   12.28ms
100.000%   12.28ms

  Detailed Percentile spectrum:
       Value   Percentile   TotalCount 1/(1-Percentile)

       0.128     0.000000            1         1.00
       0.589     0.100000         5007         1.11
       0.747     0.200000        10007         1.25
       0.896     0.300000        15009         1.43
       1.046     0.400000        19994         1.67
       1.201     0.500000        24984         2.00
       1.277     0.550000        27489         2.22
       1.363     0.600000        29985         2.50
       1.453     0.650000        32474         2.86
       1.559     0.700000        34967         3.33
       1.680     0.750000        37459         4.00
       1.749     0.775000        38713         4.44
       1.814     0.800000        39968         5.00
       1.886     0.825000        41216         5.71
       1.956     0.850000        42461         6.67
       2.038     0.875000        43716         8.00
       2.081     0.887500        44338         8.89
       2.125     0.900000        44960        10.00
       2.171     0.912500        45590        11.43
       2.223     0.925000        46214        13.33
       2.281     0.937500        46826        16.00
       2.315     0.943750        47153        17.78
       2.351     0.950000        47466        20.00
       2.393     0.956250        47766        22.86
       2.439     0.962500        48075        26.67
       2.511     0.968750        48390        32.00
       2.547     0.971875        48541        35.56
       2.591     0.975000        48703        40.00
       2.649     0.978125        48856        45.71
       2.727     0.981250        49008        53.33
       2.837     0.984375        49165        64.00
       2.919     0.985938        49243        71.11
       3.027     0.987500        49320        80.00
       3.153     0.989062        49398        91.43
       3.333     0.990625        49476       106.67
       3.577     0.992188        49554       128.00
       3.697     0.992969        49593       142.22
       3.897     0.993750        49633       160.00
       4.179     0.994531        49671       182.86
       4.707     0.995313        49710       213.33
       5.519     0.996094        49749       256.00
       5.747     0.996484        49769       284.44
       6.115     0.996875        49788       320.00
       6.703     0.997266        49808       365.71
       7.007     0.997656        49827       426.67
       7.539     0.998047        49847       512.00
       7.883     0.998242        49857       568.89
       8.199     0.998437        49866       640.00
       8.639     0.998633        49876       731.43
       9.023     0.998828        49886       853.33
       9.207     0.999023        49896      1024.00
       9.639     0.999121        49901      1137.78
       9.687     0.999219        49905      1280.00
       9.767     0.999316        49910      1462.86
      10.223     0.999414        49915      1706.67
      10.583     0.999512        49920      2048.00
      10.943     0.999561        49923      2275.56
      10.975     0.999609        49925      2560.00
      10.991     0.999658        49927      2925.71
      11.271     0.999707        49930      3413.33
      11.447     0.999756        49932      4096.00
      11.511     0.999780        49934      4551.11
      11.655     0.999805        49935      5120.00
      11.679     0.999829        49937      5851.43
      11.679     0.999854        49937      6826.67
      11.703     0.999878        49939      8192.00
      11.703     0.999890        49939      9102.22
      11.791     0.999902        49940     10240.00
      11.791     0.999915        49940     11702.86
      11.871     0.999927        49941     13653.33
      11.871     0.999939        49941     16384.00
      11.967     0.999945        49942     18204.44
      11.967     0.999951        49942     20480.00
      11.967     0.999957        49942     23405.71
      12.271     0.999963        49943     27306.67
      12.271     0.999969        49943     32768.00
      12.271     0.999973        49943     36408.89
      12.271     0.999976        49943     40960.00
      12.271     0.999979        49943     46811.43
      12.279     0.999982        49944     54613.33
      12.279     1.000000        49944          inf
#[Mean    =        1.314, StdDeviation   =        0.743]
#[Max     =       12.272, Total count    =        49944]
#[Buckets =           27, SubBuckets     =         2048]
----------------------------------------------------------
  49946 requests in 10.00s, 8.34MB read
Requests/sec:   4993.99
Transfer/sec:    853.47KB
