Running 10s test @ http://localhost
  2 threads and 10 connections
  Thread Stats   Avg      Stdev     Max   +/- Stdev
    Latency     1.37ms    1.19ms  21.71ms   97.22%
    Req/Sec       -nan      -nan   0.00      0.00%
  Latency Distribution (HdrHistogram - Recorded Latency)
 50.000%    1.18ms
 75.000%    1.67ms
 90.000%    2.08ms
 99.000%    6.47ms
 99.900%   15.42ms
 99.990%   19.06ms
 99.999%   21.73ms
100.000%   21.73ms

  Detailed Percentile spectrum:
       Value   Percentile   TotalCount 1/(1-Percentile)

       0.123     0.000000            1         1.00
       0.603     0.100000         5015         1.11
       0.762     0.200000         9992         1.25
       0.894     0.300000        14994         1.43
       1.026     0.400000        19981         1.67
       1.183     0.500000        24991         2.00
       1.269     0.550000        27481         2.22
       1.362     0.600000        29987         2.50
       1.458     0.650000        32482         2.86
       1.559     0.700000        34990         3.33
       1.673     0.750000        37467         4.00
       1.732     0.775000        38726         4.44
       1.795     0.800000        39975         5.00
       1.860     0.825000        41212         5.71
       1.929     0.850000        42458         6.67
       2.001     0.875000        43707         8.00
       2.040     0.887500        44339         8.89
       2.083     0.900000        44956        10.00
       2.129     0.912500        45588        11.43
       2.183     0.925000        46211        13.33
       2.251     0.937500        46836        16.00
       2.291     0.943750        47155        17.78
       2.329     0.950000        47457        20.00
       2.375     0.956250        47767        22.86
       2.435     0.962500        48075        26.67
       2.513     0.968750        48390        32.00
       2.557     0.971875        48546        35.56
       2.627     0.975000        48705        40.00
       2.717     0.978125        48857        45.71
       2.865     0.981250        49012        53.33
       3.201     0.984375        49168        64.00
       3.661     0.985938        49246        71.11
       4.511     0.987500        49324        80.00
       5.643     0.989062        49402        91.43
       6.803     0.990625        49480       106.67
       8.039     0.992188        49558       128.00
       8.831     0.992969        49597       142.22
       9.407     0.993750        49636       160.00
      10.167     0.994531        49676       182.86
      10.991     0.995313        49714       213.33
      11.775     0.996094        49753       256.00
      12.079     0.996484        49773       284.44
      12.631     0.996875        49792       320.00
      13.095     0.997266        49812       365.71
      13.527     0.997656        49831       426.67
      14.031     0.998047        49851       512.00
      14.255     0.998242        49861       568.89
      14.623     0.998437        49870       640.00
      14.935     0.998633        49880       731.43
      15.191     0.998828        49890       853.33
      15.759     0.999023        49900      1024.00
      15.999     0.999121        49905      1137.78
      16.231     0.999219        49909      1280.00
      16.623     0.999316        49914      1462.86
      16.911     0.999414        49919      1706.67
      17.439     0.999512        49924      2048.00
      17.583     0.999561        49927      2275.56
      17.743     0.999609        49929      2560.00
      17.791     0.999658        49931      2925.71
      18.127     0.999707        49934      3413.33
      18.383     0.999756        49936      4096.00
      18.559     0.999780        49938      4551.11
      18.655     0.999805        49939      5120.00
      18.783     0.999829        49940      5851.43
      18.831     0.999854        49941      6826.67
      18.863     0.999878        49942      8192.00
      19.055     0.999890        49943      9102.22
      19.439     0.999902        49944     10240.00
      19.439     0.999915        49944     11702.86
      20.159     0.999927        49945     13653.33
      20.159     0.999939        49945     16384.00
      20.287     0.999945        49946     18204.44
      20.287     0.999951        49946     20480.00
      20.287     0.999957        49946     23405.71
      21.599     0.999963        49947     27306.67
      21.599     0.999969        49947     32768.00
      21.599     0.999973        49947     36408.89
      21.599     0.999976        49947     40960.00
      21.599     0.999979        49947     46811.43
      21.727     0.999982        49948     54613.33
      21.727     1.000000        49948          inf
#[Mean    =        1.373, StdDeviation   =        1.193]
#[Max     =       21.712, Total count    =        49948]
#[Buckets =           27, SubBuckets     =         2048]
----------------------------------------------------------
  49950 requests in 10.00s, 8.34MB read
Requests/sec:   4994.60
Transfer/sec:    853.57KB
