Running 10s test @ http://localhost
  2 threads and 10 connections
  Thread Stats   Avg      Stdev     Max   +/- Stdev
    Latency     1.74ms    1.51ms  18.08ms   91.55%
    Req/Sec       -nan      -nan   0.00      0.00%
  Latency Distribution (HdrHistogram - Recorded Latency)
 50.000%    1.36ms
 75.000%    1.99ms
 90.000%    2.96ms
 99.000%    8.94ms
 99.900%   13.49ms
 99.990%   16.90ms
 99.999%   18.09ms
100.000%   18.09ms

  Detailed Percentile spectrum:
       Value   Percentile   TotalCount 1/(1-Percentile)

       0.171     0.000000            1         1.00
       0.652     0.100000         5004         1.11
       0.839     0.200000        10012         1.25
       1.011     0.300000        15001         1.43
       1.178     0.400000        19996         1.67
       1.363     0.500000        24972         2.00
       1.462     0.550000        27485         2.22
       1.573     0.600000        29964         2.50
       1.701     0.650000        32475         2.86
       1.837     0.700000        34954         3.33
       1.990     0.750000        37459         4.00
       2.075     0.775000        38703         4.44
       2.171     0.800000        39962         5.00
       2.281     0.825000        41201         5.71
       2.427     0.850000        42461         6.67
       2.629     0.875000        43693         8.00
       2.775     0.887500        44321         8.89
       2.965     0.900000        44950        10.00
       3.189     0.912500        45571        11.43
       3.489     0.925000        46191        13.33
       3.841     0.937500        46814        16.00
       4.055     0.943750        47128        17.78
       4.299     0.950000        47438        20.00
       4.587     0.956250        47754        22.86
       4.935     0.962500        48067        26.67
       5.383     0.968750        48375        32.00
       5.631     0.971875        48531        35.56
       5.939     0.975000        48686        40.00
       6.283     0.978125        48845        45.71
       6.807     0.981250        48998        53.33
       7.407     0.984375        49154        64.00
       7.763     0.985938        49232        71.11
       8.187     0.987500        49310        80.00
       8.647     0.989062        49389        91.43
       9.159     0.990625        49466       106.67
       9.759     0.992188        49544       128.00
      10.079     0.992969        49584       142.22
      10.391     0.993750        49624       160.00
      10.863     0.994531        49661       182.86
      11.215     0.995313        49700       213.33
      11.687     0.996094        49740       256.00
      11.855     0.996484        49759       284.44
      12.111     0.996875        49778       320.00
      12.375     0.997266        49798       365.71
      12.623     0.997656        49817       426.67
      12.855     0.998047        49837       512.00
      13.015     0.998242        49847       568.89
      13.175     0.998437        49856       640.00
      13.271     0.998633        49866       731.43
      13.383     0.998828        49876       853.33
      13.527     0.999023        49887      1024.00
      13.623     0.999121        49891      1137.78
      13.807     0.999219        49895      1280.00
      13.919     0.999316        49900      1462.86
      14.087     0.999414        49905      1706.67
      14.271     0.999512        49910      2048.00
      14.479     0.999561        49913      2275.56
      14.655     0.999609        49915      2560.00
      14.799     0.999658        49917      2925.71
      14.879     0.999707        49920      3413.33
      15.295     0.999756        49922      4096.00
      16.183     0.999780        49924      4551.11
      16.223     0.999805        49925      5120.00
      16.247     0.999829        49926      5851.43
      16.375     0.999854        49927      6826.67
      16.783     0.999878        49928      8192.00
      16.895     0.999890        49929      9102.22
      16.927     0.999902        49930     10240.00
      16.927     0.999915        49930     11702.86
      17.727     0.999927        49931     13653.33
      17.727     0.999939        49931     16384.00
      17.839     0.999945        49932     18204.44
      17.839     0.999951        49932     20480.00
      17.839     0.999957        49932     23405.71
      17.871     0.999963        49933     27306.67
      17.871     0.999969        49933     32768.00
      17.871     0.999973        49933     36408.89
      17.871     0.999976        49933     40960.00
      17.871     0.999979        49933     46811.43
      18.095     0.999982        49934     54613.33
      18.095     1.000000        49934          inf
#[Mean    =        1.740, StdDeviation   =        1.515]
#[Max     =       18.080, Total count    =        49934]
#[Buckets =           27, SubBuckets     =         2048]
----------------------------------------------------------
  49939 requests in 10.00s, 8.33MB read
Requests/sec:   4994.22
Transfer/sec:    853.50KB
