Running 10s test @ http://localhost
  2 threads and 10 connections
  Thread Stats   Avg      Stdev     Max   +/- Stdev
    Latency     1.80ms    1.37ms  18.70ms   88.66%
    Req/Sec       -nan      -nan   0.00      0.00%
  Latency Distribution (HdrHistogram - Recorded Latency)
 50.000%    1.48ms
 75.000%    2.09ms
 90.000%    3.17ms
 99.000%    7.22ms
 99.900%   13.28ms
 99.990%   17.50ms
 99.999%   18.72ms
100.000%   18.72ms

  Detailed Percentile spectrum:
       Value   Percentile   TotalCount 1/(1-Percentile)

       0.130     0.000000            1         1.00
       0.699     0.100000         5004         1.11
       0.901     0.200000        10000         1.25
       1.080     0.300000        14993         1.43
       1.268     0.400000        19979         1.67
       1.478     0.500000        24983         2.00
       1.584     0.550000        27480         2.22
       1.696     0.600000        29979         2.50
       1.809     0.650000        32470         2.86
       1.938     0.700000        34962         3.33
       2.091     0.750000        37477         4.00
       2.175     0.775000        38713         4.44
       2.285     0.800000        39967         5.00
       2.421     0.825000        41214         5.71
       2.589     0.850000        42451         6.67
       2.829     0.875000        43699         8.00
       2.983     0.887500        44323         8.89
       3.169     0.900000        44948        10.00
       3.379     0.912500        45573        11.43
       3.649     0.925000        46199        13.33
       3.977     0.937500        46823        16.00
       4.135     0.943750        47136        17.78
       4.327     0.950000        47445        20.00
       4.535     0.956250        47759        22.86
       4.779     0.962500        48073        26.67
       5.091     0.968750        48386        32.00
       5.243     0.971875        48538        35.56
       5.475     0.975000        48693        40.00
       5.683     0.978125        48852        45.71
       5.983     0.981250        49007        53.33
       6.291     0.984375        49162        64.00
       6.515     0.985938        49239        71.11
       6.779     0.987500        49317        80.00
       7.035     0.989062        49395        91.43
       7.407     0.990625        49473       106.67
       7.787     0.992188        49552       128.00
       8.043     0.992969        49592       142.22
       8.319     0.993750        49629       160.00
       8.639     0.994531        49669       182.86
       9.103     0.995313        49707       213.33
       9.615     0.996094        49746       256.00
       9.983     0.996484        49766       284.44
      10.343     0.996875        49785       320.00
      10.919     0.997266        49806       365.71
      11.255     0.997656        49824       426.67
      11.903     0.998047        49844       512.00
      12.159     0.998242        49854       568.89
      12.551     0.998437        49863       640.00
      12.663     0.998633        49873       731.43
      12.943     0.998828        49883       853.33
      13.407     0.999023        49893      1024.00
      13.663     0.999121        49898      1137.78
      13.847     0.999219        49902      1280.00
      14.127     0.999316        49907      1462.86
      14.343     0.999414        49912      1706.67
      14.695     0.999512        49917      2048.00
      14.943     0.999561        49920      2275.56
      15.007     0.999609        49922      2560.00
      15.231     0.999658        49924      2925.71
      15.615     0.999707        49927      3413.33
      16.343     0.999756        49929      4096.00
      16.591     0.999780        49931      4551.11
      16.623     0.999805        49933      5120.00
      16.623     0.999829        49933      5851.43
      16.959     0.999854        49934      6826.67
      17.007     0.999878        49935      8192.00
      17.503     0.999890        49936      9102.22
      17.759     0.999902        49937     10240.00
      17.759     0.999915        49937     11702.86
      17.999     0.999927        49938     13653.33
      17.999     0.999939        49938     16384.00
      18.079     0.999945        49939     18204.44
      18.079     0.999951        49939     20480.00
      18.079     0.999957        49939     23405.71
      18.399     0.999963        49940     27306.67
      18.399     0.999969        49940     32768.00
      18.399     0.999973        49940     36408.89
      18.399     0.999976        49940     40960.00
      18.399     0.999979        49940     46811.43
      18.719     0.999982        49941     54613.33
      18.719     1.000000        49941          inf
#[Mean    =        1.797, StdDeviation   =        1.367]
#[Max     =       18.704, Total count    =        49941]
#[Buckets =           27, SubBuckets     =         2048]
----------------------------------------------------------
  49944 requests in 10.00s, 8.34MB read
Requests/sec:   4994.50
Transfer/sec:    853.55KB
