Running 10s test @ http://localhost
  2 threads and 10 connections
  Thread Stats   Avg      Stdev     Max   +/- Stdev
    Latency     1.75ms    1.19ms  15.06ms   83.80%
    Req/Sec       -nan      -nan   0.00      0.00%
  Latency Distribution (HdrHistogram - Recorded Latency)
 50.000%    1.47ms
 75.000%    2.11ms
 90.000%    3.11ms
 99.000%    6.16ms
 99.900%   10.69ms
 99.990%   13.52ms
 99.999%   15.07ms
100.000%   15.07ms

  Detailed Percentile spectrum:
       Value   Percentile   TotalCount 1/(1-Percentile)

       0.117     0.000000            1         1.00
       0.691     0.100000         5001         1.11
       0.899     0.200000         9997         1.25
       1.080     0.300000        14985         1.43
       1.264     0.400000        20001         1.67
       1.468     0.500000        24980         2.00
       1.579     0.550000        27481         2.22
       1.702     0.600000        29963         2.50
       1.828     0.650000        32476         2.86
       1.958     0.700000        34962         3.33
       2.105     0.750000        37473         4.00
       2.195     0.775000        38722         4.44
       2.295     0.800000        39955         5.00
       2.423     0.825000        41212         5.71
       2.579     0.850000        42449         6.67
       2.791     0.875000        43695         8.00
       2.935     0.887500        44317         8.89
       3.113     0.900000        44944        10.00
       3.295     0.912500        45567        11.43
       3.529     0.925000        46191        13.33
       3.791     0.937500        46817        16.00
       3.949     0.943750        47126        17.78
       4.123     0.950000        47440        20.00
       4.311     0.956250        47757        22.86
       4.535     0.962500        48064        26.67
       4.739     0.968750        48385        32.00
       4.867     0.971875        48536        35.56
       5.019     0.975000        48686        40.00
       5.195     0.978125        48845        45.71
       5.375     0.981250        48999        53.33
       5.591     0.984375        49159        64.00
       5.707     0.985938        49232        71.11
       5.871     0.987500        49310        80.00
       6.043     0.989062        49389        91.43
       6.219     0.990625        49466       106.67
       6.439     0.992188        49544       128.00
       6.599     0.992969        49583       142.22
       6.791     0.993750        49624       160.00
       6.967     0.994531        49662       182.86
       7.243     0.995313        49700       213.33
       7.479     0.996094        49740       256.00
       7.599     0.996484        49759       284.44
       7.911     0.996875        49778       320.00
       8.383     0.997266        49799       365.71
       8.815     0.997656        49817       426.67
       9.135     0.998047        49837       512.00
       9.391     0.998242        49847       568.89
       9.879     0.998437        49856       640.00
      10.119     0.998633        49866       731.43
      10.431     0.998828        49876       853.33
      11.039     0.999023        49886      1024.00
      11.247     0.999121        49891      1137.78
      11.511     0.999219        49895      1280.00
      11.631     0.999316        49900      1462.86
      11.967     0.999414        49905      1706.67
      12.079     0.999512        49910      2048.00
      12.191     0.999561        49913      2275.56
      12.239     0.999609        49915      2560.00
      12.407     0.999658        49917      2925.71
      12.583     0.999707        49920      3413.33
      12.807     0.999756        49922      4096.00
      12.999     0.999780        49924      4551.11
      13.055     0.999805        49925      5120.00
      13.095     0.999829        49926      5851.43
      13.167     0.999854        49927      6826.67
      13.215     0.999878        49928      8192.00
      13.519     0.999890        49929      9102.22
      13.535     0.999902        49930     10240.00
      13.535     0.999915        49930     11702.86
      13.559     0.999927        49931     13653.33
      13.559     0.999939        49931     16384.00
      13.679     0.999945        49932     18204.44
      13.679     0.999951        49932     20480.00
      13.679     0.999957        49932     23405.71
      14.863     0.999963        49933     27306.67
      14.863     0.999969        49933     32768.00
      14.863     0.999973        49933     36408.89
      14.863     0.999976        49933     40960.00
      14.863     0.999979        49933     46811.43
      15.071     0.999982        49934     54613.33
      15.071     1.000000        49934          inf
#[Mean    =        1.752, StdDeviation   =        1.194]
#[Max     =       15.064, Total count    =        49934]
#[Buckets =           27, SubBuckets     =         2048]
----------------------------------------------------------
  49939 requests in 10.00s, 8.33MB read
Requests/sec:   4993.98
Transfer/sec:    853.46KB
