Running 10s test @ http://localhost
  2 threads and 10 connections
  Thread Stats   Avg      Stdev     Max   +/- Stdev
    Latency     1.42ms    0.87ms  15.96ms   90.38%
    Req/Sec       -nan      -nan   0.00      0.00%
  Latency Distribution (HdrHistogram - Recorded Latency)
 50.000%    1.31ms
 75.000%    1.78ms
 90.000%    2.11ms
 99.000%    3.40ms
 99.900%   12.69ms
 99.990%   14.48ms
 99.999%   15.97ms
100.000%   15.97ms

  Detailed Percentile spectrum:
       Value   Percentile   TotalCount 1/(1-Percentile)

       0.160     0.000000            1         1.00
       0.709     0.100000         5006         1.11
       0.865     0.200000         9993         1.25
       0.995     0.300000        14988         1.43
       1.141     0.400000        19997         1.67
       1.307     0.500000        24975         2.00
       1.397     0.550000        27478         2.22
       1.491     0.600000        29995         2.50
       1.587     0.650000        32487         2.86
       1.683     0.700000        34974         3.33
       1.781     0.750000        37471         4.00
       1.829     0.775000        38713         4.44
       1.878     0.800000        39965         5.00
       1.929     0.825000        41230         5.71
       1.983     0.850000        42462         6.67
       2.040     0.875000        43720         8.00
       2.071     0.887500        44341         8.89
       2.107     0.900000        44962        10.00
       2.149     0.912500        45584        11.43
       2.195     0.925000        46217        13.33
       2.251     0.937500        46836        16.00
       2.285     0.943750        47153        17.78
       2.317     0.950000        47456        20.00
       2.357     0.956250        47779        22.86
       2.405     0.962500        48078        26.67
       2.471     0.968750        48391        32.00
       2.509     0.971875        48550        35.56
       2.567     0.975000        48706        40.00
       2.627     0.978125        48857        45.71
       2.723     0.981250        49015        53.33
       2.887     0.984375        49169        64.00
       3.007     0.985938        49247        71.11
       3.145     0.987500        49327        80.00
       3.279     0.989062        49404        91.43
       3.505     0.990625        49481       106.67
       3.987     0.992188        49559       128.00
       4.335     0.992969        49599       142.22
       4.967     0.993750        49638       160.00
       5.719     0.994531        49676       182.86
       6.647     0.995313        49715       213.33
       8.059     0.996094        49754       256.00
       8.647     0.996484        49774       284.44
       9.255     0.996875        49794       320.00
       9.927     0.997266        49813       365.71
      10.335     0.997656        49832       426.67
      11.055     0.998047        49852       512.00
      11.487     0.998242        49862       568.89
      11.679     0.998437        49872       640.00
      11.871     0.998633        49881       731.43
      12.327     0.998828        49891       853.33
      12.751     0.999023        49901      1024.00
      12.807     0.999121        49907      1137.78
      13.015     0.999219        49910      1280.00
      13.103     0.999316        49915      1462.86
      13.191     0.999414        49920      1706.67
      13.311     0.999512        49925      2048.00
      13.407     0.999561        49928      2275.56
      13.431     0.999609        49930      2560.00
      13.695     0.999658        49932      2925.71
      13.727     0.999707        49935      3413.33
      13.775     0.999756        49937      4096.00
      13.999     0.999780        49939      4551.11
      14.063     0.999805        49940      5120.00
      14.087     0.999829        49941      5851.43
      14.303     0.999854        49942      6826.67
      14.399     0.999878        49943      8192.00
      14.479     0.999890        49944      9102.22
      14.575     0.999902        49945     10240.00
      14.575     0.999915        49945     11702.86
      14.615     0.999927        49946     13653.33
      14.615     0.999939        49946     16384.00
      14.983     0.999945        49947     18204.44
      14.983     0.999951        49947     20480.00
      14.983     0.999957        49947     23405.71
      15.207     0.999963        49948     27306.67
      15.207     0.999969        49948     32768.00
      15.207     0.999973        49948     36408.89
      15.207     0.999976        49948     40960.00
      15.207     0.999979        49948     46811.43
      15.967     0.999982        49949     54613.33
      15.967     1.000000        49949          inf
#[Mean    =        1.418, StdDeviation   =        0.869]
#[Max     =       15.960, Total count    =        49949]
#[Buckets =           27, SubBuckets     =         2048]
----------------------------------------------------------
  49951 requests in 10.00s, 8.34MB read
Requests/sec:   4995.14
Transfer/sec:    853.66KB
