Running 10s test @ http://localhost
  2 threads and 10 connections
  Thread Stats   Avg      Stdev     Max   +/- Stdev
    Latency     1.75ms    1.26ms  17.20ms   85.75%
    Req/Sec       -nan      -nan   0.00      0.00%
  Latency Distribution (HdrHistogram - Recorded Latency)
 50.000%    1.45ms
 75.000%    2.07ms
 90.000%    3.16ms
 99.000%    6.37ms
 99.900%   12.47ms
 99.990%   16.30ms
 99.999%   17.22ms
100.000%   17.22ms

  Detailed Percentile spectrum:
       Value   Percentile   TotalCount 1/(1-Percentile)

       0.099     0.000000            1         1.00
       0.670     0.100000         5010         1.11
       0.881     0.200000         9998         1.25
       1.065     0.300000        14988         1.43
       1.249     0.400000        20010         1.67
       1.446     0.500000        24993         2.00
       1.549     0.550000        27484         2.22
       1.660     0.600000        29975         2.50
       1.781     0.650000        32469         2.86
       1.918     0.700000        34966         3.33
       2.073     0.750000        37460         4.00
       2.167     0.775000        38728         4.44
       2.277     0.800000        39959         5.00
       2.423     0.825000        41202         5.71
       2.597     0.850000        42454         6.67
       2.835     0.875000        43703         8.00
       2.983     0.887500        44331         8.89
       3.161     0.900000        44950        10.00
       3.355     0.912500        45570        11.43
       3.579     0.925000        46201        13.33
       3.847     0.937500        46821        16.00
       4.005     0.943750        47134        17.78
       4.183     0.950000        47447        20.00
       4.363     0.956250        47758        22.86
       4.567     0.962500        48070        26.67
       4.803     0.968750        48380        32.00
       4.943     0.971875        48537        35.56
       5.099     0.975000        48691        40.00
       5.279     0.978125        48852        45.71
       5.467     0.981250        49006        53.33
       5.707     0.984375        49160        64.00
       5.891     0.985938        49239        71.11
       6.043     0.987500        49316        80.00
       6.223     0.989062        49394        91.43
       6.487     0.990625        49472       106.67
       6.799     0.992188        49549       128.00
       6.991     0.992969        49588       142.22
       7.147     0.993750        49628       160.00
       7.351     0.994531        49666       182.86
       7.575     0.995313        49705       213.33
       7.883     0.996094        49745       256.00
       8.119     0.996484        49764       284.44
       8.367     0.996875        49783       320.00
       8.855     0.997266        49803       365.71
       9.375     0.997656        49822       426.67
       9.847     0.998047        49842       512.00
      10.399     0.998242        49852       568.89
      10.943     0.998437        49861       640.00
      11.271     0.998633        49871       731.43
      11.895     0.998828        49881       853.33
      12.791     0.999023        49891      1024.00
      13.015     0.999121        49896      1137.78
      13.231     0.999219        49900      1280.00
      13.519     0.999316        49905      1462.86
      14.295     0.999414        49910      1706.67
      14.743     0.999512        49915      2048.00
      15.023     0.999561        49918      2275.56
      15.463     0.999609        49920      2560.00
      15.495     0.999658        49922      2925.71
      15.623     0.999707        49925      3413.33
      15.711     0.999756        49927      4096.00
      15.799     0.999780        49929      4551.11
      15.895     0.999805        49930      5120.00
      16.199     0.999829        49931      5851.43
      16.215     0.999854        49932      6826.67
      16.279     0.999878        49933      8192.00
      16.303     0.999890        49934      9102.22
      16.463     0.999902        49935     10240.00
      16.463     0.999915        49935     11702.86
      16.559     0.999927        49936     13653.33
      16.559     0.999939        49936     16384.00
      16.687     0.999945        49937     18204.44
      16.687     0.999951        49937     20480.00
      16.687     0.999957        49937     23405.71
      17.055     0.999963        49938     27306.67
      17.055     0.999969        49938     32768.00
      17.055     0.999973        49938     36408.89
      17.055     0.999976        49938     40960.00
      17.055     0.999979        49938     46811.43
      17.215     0.999982        49939     54613.33
      17.215     1.000000        49939          inf
#[Mean    =        1.748, StdDeviation   =        1.260]
#[Max     =       17.200, Total count    =        49939]
#[Buckets =           27, SubBuckets     =         2048]
----------------------------------------------------------
  49947 requests in 10.00s, 8.34MB read
Requests/sec:   4994.66
Transfer/sec:    853.58KB
