Running 10s test @ http://localhost
  2 threads and 10 connections
  Thread Stats   Avg      Stdev     Max   +/- Stdev
    Latency     1.62ms    1.09ms  16.23ms   85.13%
    Req/Sec       -nan      -nan   0.00      0.00%
  Latency Distribution (HdrHistogram - Recorded Latency)
 50.000%    1.37ms
 75.000%    1.96ms
 90.000%    2.78ms
 99.000%    5.64ms
 99.900%    9.90ms
 99.990%   15.29ms
 99.999%   16.24ms
100.000%   16.24ms

  Detailed Percentile spectrum:
       Value   Percentile   TotalCount 1/(1-Percentile)

       0.148     0.000000            1         1.00
       0.652     0.100000         4999         1.11
       0.831     0.200000        10001         1.25
       1.004     0.300000        14984         1.43
       1.183     0.400000        19990         1.67
       1.370     0.500000        24982         2.00
       1.471     0.550000        27473         2.22
       1.584     0.600000        29978         2.50
       1.698     0.650000        32469         2.86
       1.819     0.700000        34966         3.33
       1.960     0.750000        37468         4.00
       2.034     0.775000        38715         4.44
       2.127     0.800000        39979         5.00
       2.233     0.825000        41209         5.71
       2.371     0.850000        42464         6.67
       2.543     0.875000        43707         8.00
       2.649     0.887500        44329         8.89
       2.777     0.900000        44951        10.00
       2.929     0.912500        45580        11.43
       3.111     0.925000        46199        13.33
       3.347     0.937500        46826        16.00
       3.491     0.943750        47141        17.78
       3.657     0.950000        47447        20.00
       3.853     0.956250        47760        22.86
       4.055     0.962500        48076        26.67
       4.307     0.968750        48386        32.00
       4.439     0.971875        48540        35.56
       4.603     0.975000        48703        40.00
       4.763     0.978125        48854        45.71
       4.939     0.981250        49012        53.33
       5.151     0.984375        49169        64.00
       5.271     0.985938        49244        71.11
       5.383     0.987500        49320        80.00
       5.531     0.989062        49398        91.43
       5.715     0.990625        49476       106.67
       5.983     0.992188        49556       128.00
       6.135     0.992969        49593       142.22
       6.327     0.993750        49632       160.00
       6.539     0.994531        49673       182.86
       6.719     0.995313        49711       213.33
       6.919     0.996094        49749       256.00
       7.095     0.996484        49769       284.44
       7.259     0.996875        49788       320.00
       7.507     0.997266        49808       365.71
       7.895     0.997656        49827       426.67
       8.319     0.998047        49847       512.00
       8.583     0.998242        49858       568.89
       8.815     0.998437        49866       640.00
       9.087     0.998633        49876       731.43
       9.623     0.998828        49886       853.33
      10.039     0.999023        49896      1024.00
      10.263     0.999121        49901      1137.78
      10.503     0.999219        49905      1280.00
      11.023     0.999316        49910      1462.86
      11.527     0.999414        49915      1706.67
      12.799     0.999512        49920      2048.00
      13.359     0.999561        49923      2275.56
      13.735     0.999609        49925      2560.00
      13.903     0.999658        49927      2925.71
      14.023     0.999707        49930      3413.33
      14.199     0.999756        49932      4096.00
      14.247     0.999780        49934      4551.11
      14.647     0.999805        49935      5120.00
      14.919     0.999829        49936      5851.43
      14.975     0.999854        49937      6826.67
      15.215     0.999878        49938      8192.00
      15.287     0.999890        49939      9102.22
      15.343     0.999902        49940     10240.00
      15.343     0.999915        49940     11702.86
      15.487     0.999927        49941     13653.33
      15.487     0.999939        49941     16384.00
      15.751     0.999945        49942     18204.44
      15.751     0.999951        49942     20480.00
      15.751     0.999957        49942     23405.71
      15.983     0.999963        49943     27306.67
      15.983     0.999969        49943     32768.00
      15.983     0.999973        49943     36408.89
      15.983     0.999976        49943     40960.00
      15.983     0.999979        49943     46811.43
      16.239     0.999982        49944     54613.33
      16.239     1.000000        49944          inf
#[Mean    =        1.617, StdDeviation   =        1.091]
#[Max     =       16.232, Total count    =        49944]
#[Buckets =           27, SubBuckets     =         2048]
----------------------------------------------------------
  49952 requests in 10.00s, 8.34MB read
Requests/sec:   4994.91
Transfer/sec:    853.62KB
