Running 10s test @ http://localhost
  2 threads and 10 connections
  Thread Stats   Avg      Stdev     Max   +/- Stdev
    Latency     1.65ms    1.03ms  13.58ms   79.74%
    Req/Sec       -nan      -nan   0.00      0.00%
  Latency Distribution (HdrHistogram - Recorded Latency)
 50.000%    1.43ms
 75.000%    2.04ms
 90.000%    2.82ms
 99.000%    5.47ms
 99.900%    7.47ms
 99.990%   10.27ms
 99.999%   13.59ms
100.000%   13.59ms

  Detailed Percentile spectrum:
       Value   Percentile   TotalCount 1/(1-Percentile)

       0.105     0.000000            1         1.00
       0.644     0.100000         4995         1.11
       0.853     0.200000        10011         1.25
       1.052     0.300000        14986         1.43
       1.236     0.400000        20003         1.67
       1.428     0.500000        24973         2.00
       1.535     0.550000        27481         2.22
       1.645     0.600000        29987         2.50
       1.769     0.650000        32483         2.86
       1.901     0.700000        34969         3.33
       2.042     0.750000        37466         4.00
       2.123     0.775000        38735         4.44
       2.211     0.800000        39980         5.00
       2.311     0.825000        41224         5.71
       2.429     0.850000        42458         6.67
       2.589     0.875000        43711         8.00
       2.695     0.887500        44330         8.89
       2.817     0.900000        44958        10.00
       2.967     0.912500        45577        11.43
       3.173     0.925000        46202        13.33
       3.423     0.937500        46827        16.00
       3.555     0.943750        47137        17.78
       3.705     0.950000        47450        20.00
       3.875     0.956250        47764        22.86
       4.081     0.962500        48074        26.67
       4.295     0.968750        48391        32.00
       4.399     0.971875        48546        35.56
       4.535     0.975000        48701        40.00
       4.691     0.978125        48855        45.71
       4.839     0.981250        49011        53.33
       5.055     0.984375        49168        64.00
       5.151     0.985938        49250        71.11
       5.259     0.987500        49325        80.00
       5.375     0.989062        49401        91.43
       5.547     0.990625        49478       106.67
       5.691     0.992188        49557       128.00
       5.795     0.992969        49596       142.22
       5.907     0.993750        49634       160.00
       6.011     0.994531        49673       182.86
       6.191     0.995313        49712       213.33
       6.323     0.996094        49751       256.00
       6.403     0.996484        49771       284.44
       6.539     0.996875        49790       320.00
       6.655     0.997266        49810       365.71
       6.795     0.997656        49830       426.67
       6.975     0.998047        49849       512.00
       7.039     0.998242        49859       568.89
       7.151     0.998437        49868       640.00
       7.271     0.998633        49878       731.43
       7.351     0.998828        49889       853.33
       7.503     0.999023        49898      1024.00
       7.587     0.999121        49903      1137.78
       7.679     0.999219        49907      1280.00
       7.887     0.999316        49912      1462.86
       8.151     0.999414        49917      1706.67
       8.319     0.999512        49922      2048.00
       8.383     0.999561        49925      2275.56
       8.487     0.999609        49927      2560.00
       8.615     0.999658        49929      2925.71
       8.815     0.999707        49932      3413.33
       9.007     0.999756        49934      4096.00
       9.551     0.999780        49936      4551.11
       9.631     0.999805        49937      5120.00
       9.639     0.999829        49938      5851.43
      10.111     0.999854        49939      6826.67
      10.159     0.999878        49940      8192.00
      10.271     0.999890        49941      9102.22
      11.255     0.999902        49942     10240.00
      11.255     0.999915        49942     11702.86
      11.959     0.999927        49943     13653.33
      11.959     0.999939        49943     16384.00
      12.623     0.999945        49944     18204.44
      12.623     0.999951        49944     20480.00
      12.623     0.999957        49944     23405.71
      13.023     0.999963        49945     27306.67
      13.023     0.999969        49945     32768.00
      13.023     0.999973        49945     36408.89
      13.023     0.999976        49945     40960.00
      13.023     0.999979        49945     46811.43
      13.591     0.999982        49946     54613.33
      13.591     1.000000        49946          inf
#[Mean    =        1.650, StdDeviation   =        1.031]
#[Max     =       13.584, Total count    =        49946]
#[Buckets =           27, SubBuckets     =         2048]
----------------------------------------------------------
  49951 requests in 10.00s, 8.34MB read
Requests/sec:   4994.92
Transfer/sec:    853.62KB
