Running 10s test @ http://localhost
  2 threads and 10 connections
  Thread Stats   Avg      Stdev     Max   +/- Stdev
    Latency     1.32ms    0.85ms  16.67ms   89.29%
    Req/Sec       -nan      -nan   0.00      0.00%
  Latency Distribution (HdrHistogram - Recorded Latency)
 50.000%    1.21ms
 75.000%    1.67ms
 90.000%    2.03ms
 99.000%    3.06ms
 99.900%   13.35ms
 99.990%   15.57ms
 99.999%   16.69ms
100.000%   16.69ms

  Detailed Percentile spectrum:
       Value   Percentile   TotalCount 1/(1-Percentile)

       0.112     0.000000            1         1.00
       0.597     0.100000         5009         1.11
       0.766     0.200000        10010         1.25
       0.905     0.300000        15004         1.43
       1.045     0.400000        19979         1.67
       1.209     0.500000        24991         2.00
       1.293     0.550000        27494         2.22
       1.382     0.600000        29984         2.50
       1.473     0.650000        32488         2.86
       1.568     0.700000        34966         3.33
       1.670     0.750000        37470         4.00
       1.720     0.775000        38714         4.44
       1.772     0.800000        39968         5.00
       1.828     0.825000        41211         5.71
       1.887     0.850000        42452         6.67
       1.953     0.875000        43701         8.00
       1.992     0.887500        44343         8.89
       2.034     0.900000        44950        10.00
       2.081     0.912500        45585        11.43
       2.129     0.925000        46203        13.33
       2.189     0.937500        46831        16.00
       2.225     0.943750        47150        17.78
       2.259     0.950000        47451        20.00
       2.305     0.956250        47767        22.86
       2.357     0.962500        48077        26.67
       2.413     0.968750        48386        32.00
       2.447     0.971875        48544        35.56
       2.487     0.975000        48694        40.00
       2.541     0.978125        48850        45.71
       2.613     0.981250        49009        53.33
       2.697     0.984375        49162        64.00
       2.749     0.985938        49243        71.11
       2.851     0.987500        49318        80.00
       2.969     0.989062        49396        91.43
       3.131     0.990625        49475       106.67
       3.387     0.992188        49552       128.00
       3.553     0.992969        49591       142.22
       3.903     0.993750        49630       160.00
       4.599     0.994531        49669       182.86
       5.331     0.995313        49708       213.33
       6.399     0.996094        49747       256.00
       7.195     0.996484        49767       284.44
       7.959     0.996875        49786       320.00
       8.655     0.997266        49806       365.71
       9.535     0.997656        49825       426.67
      10.751     0.998047        49845       512.00
      11.151     0.998242        49855       568.89
      11.727     0.998437        49864       640.00
      12.287     0.998633        49874       731.43
      12.847     0.998828        49884       853.33
      13.511     0.999023        49894      1024.00
      13.607     0.999121        49899      1137.78
      13.647     0.999219        49903      1280.00
      14.039     0.999316        49909      1462.86
      14.199     0.999414        49913      1706.67
      14.695     0.999512        49918      2048.00
      14.871     0.999561        49921      2275.56
      14.975     0.999609        49923      2560.00
      15.055     0.999658        49926      2925.71
      15.135     0.999707        49929      3413.33
      15.143     0.999756        49930      4096.00
      15.223     0.999780        49932      4551.11
      15.391     0.999805        49933      5120.00
      15.399     0.999829        49934      5851.43
      15.463     0.999854        49935      6826.67
      15.503     0.999878        49936      8192.00
      15.567     0.999890        49937      9102.22
      15.623     0.999902        49938     10240.00
      15.623     0.999915        49938     11702.86
      16.527     0.999927        49939     13653.33
      16.527     0.999939        49939     16384.00
      16.543     0.999945        49940     18204.44
      16.543     0.999951        49940     20480.00
      16.543     0.999957        49940     23405.71
      16.591     0.999963        49941     27306.67
      16.591     0.999969        49941     32768.00
      16.591     0.999973        49941     36408.89
      16.591     0.999976        49941     40960.00
      16.591     0.999979        49941     46811.43
      16.687     0.999982        49942     54613.33
      16.687     1.000000        49942          inf
#[Mean    =        1.315, StdDeviation   =        0.854]
#[Max     =       16.672, Total count    =        49942]
#[Buckets =           27, SubBuckets     =         2048]
----------------------------------------------------------
  49948 requests in 10.00s, 8.34MB read
Requests/sec:   4994.69
Transfer/sec:    853.58KB
