Running 10s test @ http://localhost
  2 threads and 10 connections
  Thread Stats   Avg      Stdev     Max   +/- Stdev
    Latency     1.41ms    1.08ms  18.53ms   94.81%
    Req/Sec       -nan      -nan   0.00      0.00%
  Latency Distribution (HdrHistogram - Recorded Latency)
 50.000%    1.26ms
 75.000%    1.74ms
 90.000%    2.14ms
 99.000%    6.39ms
 99.900%   13.12ms
 99.990%   15.39ms
 99.999%   18.54ms
100.000%   18.54ms

  Detailed Percentile spectrum:
       Value   Percentile   TotalCount 1/(1-Percentile)

       0.098     0.000000            1         1.00
       0.585     0.100000         5018         1.11
       0.772     0.200000         9997         1.25
       0.928     0.300000        15002         1.43
       1.088     0.400000        19998         1.67
       1.258     0.500000        24982         2.00
       1.348     0.550000        27502         2.22
       1.438     0.600000        29976         2.50
       1.532     0.650000        32489         2.86
       1.634     0.700000        34985         3.33
       1.735     0.750000        37482         4.00
       1.792     0.775000        38709         4.44
       1.848     0.800000        39960         5.00
       1.910     0.825000        41206         5.71
       1.979     0.850000        42467         6.67
       2.055     0.875000        43732         8.00
       2.095     0.887500        44328         8.89
       2.139     0.900000        44966        10.00
       2.183     0.912500        45577        11.43
       2.239     0.925000        46222        13.33
       2.303     0.937500        46843        16.00
       2.343     0.943750        47143        17.78
       2.387     0.950000        47454        20.00
       2.445     0.956250        47768        22.86
       2.527     0.962500        48078        26.67
       2.651     0.968750        48385        32.00
       2.771     0.971875        48541        35.56
       2.957     0.975000        48697        40.00
       3.287     0.978125        48853        45.71
       3.799     0.981250        49009        53.33
       4.523     0.984375        49165        64.00
       4.907     0.985938        49243        71.11
       5.403     0.987500        49321        80.00
       5.979     0.989062        49399        91.43
       6.567     0.990625        49477       106.67
       7.275     0.992188        49555       128.00
       7.643     0.992969        49594       142.22
       8.107     0.993750        49633       160.00
       8.607     0.994531        49672       182.86
       9.239     0.995313        49711       213.33
       9.927     0.996094        49750       256.00
      10.351     0.996484        49770       284.44
      10.767     0.996875        49789       320.00
      11.167     0.997266        49809       365.71
      11.591     0.997656        49828       426.67
      11.927     0.998047        49848       512.00
      12.119     0.998242        49858       568.89
      12.287     0.998437        49867       640.00
      12.559     0.998633        49878       731.43
      12.903     0.998828        49887       853.33
      13.135     0.999023        49897      1024.00
      13.287     0.999121        49902      1137.78
      13.391     0.999219        49907      1280.00
      13.503     0.999316        49911      1462.86
      13.663     0.999414        49916      1706.67
      13.775     0.999512        49921      2048.00
      14.295     0.999561        49924      2275.56
      14.375     0.999609        49926      2560.00
      14.623     0.999658        49928      2925.71
      14.751     0.999707        49931      3413.33
      14.791     0.999756        49933      4096.00
      14.839     0.999780        49935      4551.11
      14.999     0.999805        49936      5120.00
      15.007     0.999829        49937      5851.43
      15.023     0.999854        49938      6826.67
      15.239     0.999878        49939      8192.00
      15.391     0.999890        49940      9102.22
      15.631     0.999902        49941     10240.00
      15.631     0.999915        49941     11702.86
      15.919     0.999927        49942     13653.33
      15.919     0.999939        49942     16384.00
      16.703     0.999945        49943     18204.44
      16.703     0.999951        49943     20480.00
      16.703     0.999957        49943     23405.71
      16.879     0.999963        49944     27306.67
      16.879     0.999969        49944     32768.00
      16.879     0.999973        49944     36408.89
      16.879     0.999976        49944     40960.00
      16.879     0.999979        49944     46811.43
      18.543     0.999982        49945     54613.33
      18.543     1.000000        49945          inf
#[Mean    =        1.412, StdDeviation   =        1.082]
#[Max     =       18.528, Total count    =        49945]
#[Buckets =           27, SubBuckets     =         2048]
----------------------------------------------------------
  49947 requests in 10.00s, 8.34MB read
Requests/sec:   4994.23
Transfer/sec:    853.51KB
