Running 10s test @ http://localhost
  2 threads and 10 connections
  Thread Stats   Avg      Stdev     Max   +/- Stdev
    Latency     1.48ms    1.46ms  22.93ms   97.44%
    Req/Sec       -nan      -nan   0.00      0.00%
  Latency Distribution (HdrHistogram - Recorded Latency)
 50.000%    1.28ms
 75.000%    1.75ms
 90.000%    2.18ms
 99.000%    7.86ms
 99.900%   19.60ms
 99.990%   22.17ms
 99.999%   22.94ms
100.000%   22.94ms

  Detailed Percentile spectrum:
       Value   Percentile   TotalCount 1/(1-Percentile)

       0.170     0.000000            1         1.00
       0.615     0.100000         5002         1.11
       0.797     0.200000        10019         1.25
       0.957     0.300000        15003         1.43
       1.117     0.400000        20014         1.67
       1.276     0.500000        24993         2.00
       1.359     0.550000        27470         2.22
       1.443     0.600000        29967         2.50
       1.536     0.650000        32472         2.86
       1.636     0.700000        34978         3.33
       1.746     0.750000        37471         4.00
       1.804     0.775000        38719         4.44
       1.868     0.800000        39957         5.00
       1.935     0.825000        41203         5.71
       2.008     0.850000        42464         6.67
       2.085     0.875000        43705         8.00
       2.129     0.887500        44344         8.89
       2.177     0.900000        44978        10.00
       2.233     0.912500        45585        11.43
       2.303     0.925000        46211        13.33
       2.377     0.937500        46831        16.00
       2.421     0.943750        47150        17.78
       2.469     0.950000        47455        20.00
       2.531     0.956250        47762        22.86
       2.609     0.962500        48070        26.67
       2.747     0.968750        48387        32.00
       2.833     0.971875        48539        35.56
       2.969     0.975000        48697        40.00
       3.175     0.978125        48851        45.71
       3.497     0.981250        49007        53.33
       4.279     0.984375        49162        64.00
       5.015     0.985938        49240        71.11
       6.007     0.987500        49318        80.00
       7.099     0.989062        49396        91.43
       8.527     0.990625        49474       106.67
      10.135     0.992188        49552       128.00
      11.031     0.992969        49591       142.22
      11.751     0.993750        49630       160.00
      12.671     0.994531        49671       182.86
      13.479     0.995313        49708       213.33
      14.519     0.996094        49749       256.00
      14.927     0.996484        49767       284.44
      15.487     0.996875        49786       320.00
      16.207     0.997266        49806       365.71
      17.071     0.997656        49827       426.67
      17.583     0.998047        49845       512.00
      17.903     0.998242        49855       568.89
      18.303     0.998437        49864       640.00
      18.687     0.998633        49874       731.43
      19.279     0.998828        49884       853.33
      19.615     0.999023        49894      1024.00
      19.759     0.999121        49899      1137.78
      19.871     0.999219        49903      1280.00
      20.015     0.999316        49908      1462.86
      20.463     0.999414        49913      1706.67
      20.639     0.999512        49919      2048.00
      20.831     0.999561        49921      2275.56
      20.847     0.999609        49923      2560.00
      20.975     0.999658        49925      2925.71
      21.247     0.999707        49928      3413.33
      21.423     0.999756        49930      4096.00
      21.471     0.999780        49932      4551.11
      21.519     0.999805        49933      5120.00
      21.823     0.999829        49934      5851.43
      21.903     0.999854        49935      6826.67
      22.047     0.999878        49936      8192.00
      22.175     0.999890        49937      9102.22
      22.191     0.999902        49938     10240.00
      22.191     0.999915        49938     11702.86
      22.527     0.999927        49939     13653.33
      22.527     0.999939        49939     16384.00
      22.831     0.999945        49940     18204.44
      22.831     0.999951        49940     20480.00
      22.831     0.999957        49940     23405.71
      22.927     0.999963        49941     27306.67
      22.927     0.999969        49941     32768.00
      22.927     0.999973        49941     36408.89
      22.927     0.999976        49941     40960.00
      22.927     0.999979        49941     46811.43
      22.943     0.999982        49942     54613.33
      22.943     1.000000        49942          inf
#[Mean    =        1.479, StdDeviation   =        1.458]
#[Max     =       22.928, Total count    =        49942]
#[Buckets =           27, SubBuckets     =         2048]
----------------------------------------------------------
  49944 requests in 10.00s, 8.34MB read
Requests/sec:   4994.32
Transfer/sec:    853.52KB
