Running 10s test @ http://localhost
  2 threads and 10 connections
  Thread Stats   Avg      Stdev     Max   +/- Stdev
    Latency     1.44ms    0.97ms  16.86ms   92.77%
    Req/Sec       -nan      -nan   0.00      0.00%
  Latency Distribution (HdrHistogram - Recorded Latency)
 50.000%    1.33ms
 75.000%    1.75ms
 90.000%    2.11ms
 99.000%    4.10ms
 99.900%   12.66ms
 99.990%   15.56ms
 99.999%   16.88ms
100.000%   16.88ms

  Detailed Percentile spectrum:
       Value   Percentile   TotalCount 1/(1-Percentile)

       0.083     0.000000            1         1.00
       0.683     0.100000         4998         1.11
       0.874     0.200000        10004         1.25
       1.031     0.300000        15015         1.43
       1.177     0.400000        20011         1.67
       1.326     0.500000        24979         2.00
       1.409     0.550000        27499         2.22
       1.487     0.600000        29979         2.50
       1.572     0.650000        32491         2.86
       1.661     0.700000        34981         3.33
       1.752     0.750000        37465         4.00
       1.803     0.775000        38724         4.44
       1.855     0.800000        39966         5.00
       1.911     0.825000        41235         5.71
       1.965     0.850000        42464         6.67
       2.029     0.875000        43714         8.00
       2.067     0.887500        44353         8.89
       2.109     0.900000        44966        10.00
       2.151     0.912500        45580        11.43
       2.207     0.925000        46217        13.33
       2.263     0.937500        46833        16.00
       2.299     0.943750        47146        17.78
       2.335     0.950000        47452        20.00
       2.389     0.956250        47766        22.86
       2.445     0.962500        48081        26.67
       2.523     0.968750        48389        32.00
       2.573     0.971875        48547        35.56
       2.637     0.975000        48705        40.00
       2.707     0.978125        48860        45.71
       2.819     0.981250        49012        53.33
       3.031     0.984375        49170        64.00
       3.175     0.985938        49246        71.11
       3.409     0.987500        49324        80.00
       3.795     0.989062        49402        91.43
       4.647     0.990625        49480       106.67
       5.987     0.992188        49558       128.00
       6.747     0.992969        49597       142.22
       7.351     0.993750        49636       160.00
       8.271     0.994531        49675       182.86
       8.919     0.995313        49714       213.33
       9.791     0.996094        49754       256.00
      10.007     0.996484        49773       284.44
      10.287     0.996875        49792       320.00
      10.903     0.997266        49812       365.71
      11.239     0.997656        49831       426.67
      11.551     0.998047        49852       512.00
      11.839     0.998242        49861       568.89
      12.023     0.998437        49870       640.00
      12.239     0.998633        49880       731.43
      12.503     0.998828        49890       853.33
      12.879     0.999023        49900      1024.00
      13.071     0.999121        49905      1137.78
      13.175     0.999219        49909      1280.00
      13.375     0.999316        49915      1462.86
      13.559     0.999414        49919      1706.67
      13.887     0.999512        49924      2048.00
      14.095     0.999561        49927      2275.56
      14.159     0.999609        49929      2560.00
      14.375     0.999658        49931      2925.71
      14.599     0.999707        49934      3413.33
      15.007     0.999756        49937      4096.00
      15.247     0.999780        49938      4551.11
      15.287     0.999805        49939      5120.00
      15.295     0.999829        49940      5851.43
      15.407     0.999854        49941      6826.67
      15.423     0.999878        49942      8192.00
      15.559     0.999890        49943      9102.22
      15.703     0.999902        49944     10240.00
      15.703     0.999915        49944     11702.86
      16.479     0.999927        49945     13653.33
      16.479     0.999939        49945     16384.00
      16.751     0.999945        49946     18204.44
      16.751     0.999951        49946     20480.00
      16.751     0.999957        49946     23405.71
      16.767     0.999963        49947     27306.67
      16.767     0.999969        49947     32768.00
      16.767     0.999973        49947     36408.89
      16.767     0.999976        49947     40960.00
      16.767     0.999979        49947     46811.43
      16.879     0.999982        49948     54613.33
      16.879     1.000000        49948          inf
#[Mean    =        1.438, StdDeviation   =        0.967]
#[Max     =       16.864, Total count    =        49948]
#[Buckets =           27, SubBuckets     =         2048]
----------------------------------------------------------
  49953 requests in 10.00s, 8.34MB read
Requests/sec:   4994.81
Transfer/sec:    853.60KB
