Running 10s test @ http://localhost
  2 threads and 10 connections
  Thread Stats   Avg      Stdev     Max   +/- Stdev
    Latency     1.37ms  725.64us  13.24ms   73.46%
    Req/Sec       -nan      -nan   0.00      0.00%
  Latency Distribution (HdrHistogram - Recorded Latency)
 50.000%    1.28ms
 75.000%    1.77ms
 90.000%    2.21ms
 99.000%    3.34ms
 99.900%    7.92ms
 99.990%   12.61ms
 99.999%   13.25ms
100.000%   13.25ms

  Detailed Percentile spectrum:
       Value   Percentile   TotalCount 1/(1-Percentile)

       0.141     0.000000            1         1.00
       0.571     0.100000         5019         1.11
       0.789     0.200000         9992         1.25
       0.970     0.300000        15012         1.43
       1.128     0.400000        19999         1.67
       1.283     0.500000        25015         2.00
       1.360     0.550000        27493         2.22
       1.444     0.600000        29975         2.50
       1.535     0.650000        32478         2.86
       1.644     0.700000        34978         3.33
       1.766     0.750000        37481         4.00
       1.832     0.775000        38724         4.44
       1.897     0.800000        39968         5.00
       1.965     0.825000        41209         5.71
       2.039     0.850000        42475         6.67
       2.117     0.875000        43709         8.00
       2.163     0.887500        44335         8.89
       2.207     0.900000        44977        10.00
       2.257     0.912500        45577        11.43
       2.311     0.925000        46206        13.33
       2.377     0.937500        46832        16.00
       2.409     0.943750        47141        17.78
       2.451     0.950000        47452        20.00
       2.495     0.956250        47770        22.86
       2.543     0.962500        48074        26.67
       2.627     0.968750        48387        32.00
       2.679     0.971875        48545        35.56
       2.737     0.975000        48699        40.00
       2.791     0.978125        48859        45.71
       2.871     0.981250        49011        53.33
       2.971     0.984375        49170        64.00
       3.039     0.985938        49246        71.11
       3.137     0.987500        49324        80.00
       3.261     0.989062        49401        91.43
       3.377     0.990625        49479       106.67
       3.515     0.992188        49558       128.00
       3.605     0.992969        49597       142.22
       3.719     0.993750        49635       160.00
       3.849     0.994531        49674       182.86
       4.045     0.995313        49713       213.33
       4.379     0.996094        49752       256.00
       4.587     0.996484        49772       284.44
       4.819     0.996875        49791       320.00
       5.115     0.997266        49811       365.71
       5.711     0.997656        49830       426.67
       6.039     0.998047        49850       512.00
       6.439     0.998242        49860       568.89
       6.787     0.998437        49869       640.00
       7.099     0.998633        49879       731.43
       7.583     0.998828        49889       853.33
       8.103     0.999023        49899      1024.00
       8.439     0.999121        49904      1137.78
       8.663     0.999219        49908      1280.00
       9.079     0.999316        49913      1462.86
       9.367     0.999414        49918      1706.67
       9.791     0.999512        49923      2048.00
      10.239     0.999561        49926      2275.56
      10.503     0.999609        49928      2560.00
      10.719     0.999658        49930      2925.71
      11.023     0.999707        49933      3413.33
      11.111     0.999756        49935      4096.00
      11.543     0.999780        49937      4551.11
      11.671     0.999805        49938      5120.00
      11.679     0.999829        49939      5851.43
      11.703     0.999854        49940      6826.67
      12.143     0.999878        49941      8192.00
      12.607     0.999890        49942      9102.22
      12.639     0.999902        49943     10240.00
      12.639     0.999915        49943     11702.86
      12.751     0.999927        49944     13653.33
      12.751     0.999939        49944     16384.00
      13.023     0.999945        49945     18204.44
      13.023     0.999951        49945     20480.00
      13.023     0.999957        49945     23405.71
      13.223     0.999963        49946     27306.67
      13.223     0.999969        49946     32768.00
      13.223     0.999973        49946     36408.89
      13.223     0.999976        49946     40960.00
      13.223     0.999979        49946     46811.43
      13.247     0.999982        49947     54613.33
      13.247     1.000000        49947          inf
#[Mean    =        1.370, StdDeviation   =        0.726]
#[Max     =       13.240, Total count    =        49947]
#[Buckets =           27, SubBuckets     =         2048]
----------------------------------------------------------
  49950 requests in 10.00s, 8.34MB read
Requests/sec:   4995.17
Transfer/sec:    853.67KB
