Running 10s test @ http://localhost
  2 threads and 10 connections
  Thread Stats   Avg      Stdev     Max   +/- Stdev
    Latency     1.38ms  732.33us  17.15ms   80.53%
    Req/Sec       -nan      -nan   0.00      0.00%
  Latency Distribution (HdrHistogram - Recorded Latency)
 50.000%    1.30ms
 75.000%    1.77ms
 90.000%    2.12ms
 99.000%    2.93ms
 99.900%   10.55ms
 99.990%   14.35ms
 99.999%   17.17ms
100.000%   17.17ms

  Detailed Percentile spectrum:
       Value   Percentile   TotalCount 1/(1-Percentile)

       0.129     0.000000            1         1.00
       0.663     0.100000         4997         1.11
       0.842     0.200000        10004         1.25
       1.002     0.300000        15006         1.43
       1.150     0.400000        19982         1.67
       1.301     0.500000        24993         2.00
       1.382     0.550000        27476         2.22
       1.474     0.600000        29991         2.50
       1.574     0.650000        32467         2.86
       1.676     0.700000        34982         3.33
       1.772     0.750000        37481         4.00
       1.821     0.775000        38709         4.44
       1.873     0.800000        39958         5.00
       1.927     0.825000        41227         5.71
       1.983     0.850000        42466         6.67
       2.046     0.875000        43716         8.00
       2.083     0.887500        44349         8.89
       2.119     0.900000        44950        10.00
       2.157     0.912500        45577        11.43
       2.203     0.925000        46218        13.33
       2.251     0.937500        46824        16.00
       2.281     0.943750        47135        17.78
       2.313     0.950000        47459        20.00
       2.347     0.956250        47773        22.86
       2.385     0.962500        48080        26.67
       2.431     0.968750        48387        32.00
       2.463     0.971875        48548        35.56
       2.499     0.975000        48698        40.00
       2.545     0.978125        48852        45.71
       2.613     0.981250        49013        53.33
       2.691     0.984375        49164        64.00
       2.743     0.985938        49243        71.11
       2.801     0.987500        49322        80.00
       2.871     0.989062        49398        91.43
       2.987     0.990625        49477       106.67
       3.133     0.992188        49554       128.00
       3.233     0.992969        49593       142.22
       3.361     0.993750        49632       160.00
       3.555     0.994531        49671       182.86
       3.817     0.995313        49710       213.33
       4.519     0.996094        49749       256.00
       5.051     0.996484        49769       284.44
       5.415     0.996875        49788       320.00
       5.923     0.997266        49808       365.71
       6.699     0.997656        49827       426.67
       8.003     0.998047        49847       512.00
       8.367     0.998242        49857       568.89
       9.159     0.998437        49866       640.00
       9.543     0.998633        49876       731.43
       9.879     0.998828        49886       853.33
      10.695     0.999023        49898      1024.00
      10.879     0.999121        49901      1137.78
      11.055     0.999219        49905      1280.00
      11.183     0.999316        49910      1462.86
      11.399     0.999414        49915      1706.67
      11.871     0.999512        49920      2048.00
      12.127     0.999561        49923      2275.56
      12.239     0.999609        49925      2560.00
      12.319     0.999658        49927      2925.71
      12.607     0.999707        49930      3413.33
      12.791     0.999756        49933      4096.00
      13.167     0.999780        49934      4551.11
      13.663     0.999805        49935      5120.00
      13.751     0.999829        49936      5851.43
      14.047     0.999854        49937      6826.67
      14.167     0.999878        49938      8192.00
      14.351     0.999890        49939      9102.22
      14.983     0.999902        49940     10240.00
      14.983     0.999915        49940     11702.86
      15.039     0.999927        49941     13653.33
      15.039     0.999939        49941     16384.00
      15.847     0.999945        49942     18204.44
      15.847     0.999951        49942     20480.00
      15.847     0.999957        49942     23405.71
      16.079     0.999963        49943     27306.67
      16.079     0.999969        49943     32768.00
      16.079     0.999973        49943     36408.89
      16.079     0.999976        49943     40960.00
      16.079     0.999979        49943     46811.43
      17.167     0.999982        49944     54613.33
      17.167     1.000000        49944          inf
#[Mean    =        1.384, StdDeviation   =        0.732]
#[Max     =       17.152, Total count    =        49944]
#[Buckets =           27, SubBuckets     =         2048]
----------------------------------------------------------
  49952 requests in 10.00s, 8.34MB read
Requests/sec:   4994.68
Transfer/sec:    853.58KB
