Running 10s test @ http://localhost
  2 threads and 10 connections
  Thread Stats   Avg      Stdev     Max   +/- Stdev
    Latency     1.34ms  697.43us  13.06ms   75.17%
    Req/Sec       -nan      -nan   0.00      0.00%
  Latency Distribution (HdrHistogram - Recorded Latency)
 50.000%    1.25ms
 75.000%    1.73ms
 90.000%    2.13ms
 99.000%    3.41ms
 99.900%    6.97ms
 99.990%   11.09ms
 99.999%   13.07ms
100.000%   13.07ms

  Detailed Percentile spectrum:
       Value   Percentile   TotalCount 1/(1-Percentile)

       0.162     0.000000            1         1.00
       0.600     0.100000         5003         1.11
       0.778     0.200000         9999         1.25
       0.934     0.300000        14987         1.43
       1.088     0.400000        19997         1.67
       1.247     0.500000        24979         2.00
       1.332     0.550000        27495         2.22
       1.417     0.600000        29970         2.50
       1.511     0.650000        32490         2.86
       1.613     0.700000        34965         3.33
       1.725     0.750000        37481         4.00
       1.780     0.775000        38718         4.44
       1.838     0.800000        39971         5.00
       1.899     0.825000        41216         5.71
       1.970     0.850000        42477         6.67
       2.042     0.875000        43719         8.00
       2.085     0.887500        44334         8.89
       2.129     0.900000        44966        10.00
       2.181     0.912500        45596        11.43
       2.233     0.925000        46212        13.33
       2.293     0.937500        46835        16.00
       2.325     0.943750        47141        17.78
       2.361     0.950000        47457        20.00
       2.405     0.956250        47770        22.86
       2.459     0.962500        48082        26.67
       2.525     0.968750        48390        32.00
       2.571     0.971875        48549        35.56
       2.621     0.975000        48702        40.00
       2.691     0.978125        48860        45.71
       2.779     0.981250        49014        53.33
       2.895     0.984375        49170        64.00
       2.983     0.985938        49248        71.11
       3.113     0.987500        49325        80.00
       3.295     0.989062        49403        91.43
       3.491     0.990625        49482       106.67
       3.765     0.992188        49559       128.00
       3.995     0.992969        49599       142.22
       4.219     0.993750        49637       160.00
       4.419     0.994531        49676       182.86
       4.751     0.995313        49715       213.33
       4.999     0.996094        49754       256.00
       5.171     0.996484        49775       284.44
       5.299     0.996875        49794       320.00
       5.467     0.997266        49813       365.71
       5.683     0.997656        49832       426.67
       6.203     0.998047        49852       512.00
       6.339     0.998242        49863       568.89
       6.487     0.998437        49871       640.00
       6.591     0.998633        49881       731.43
       6.791     0.998828        49891       853.33
       7.003     0.999023        49901      1024.00
       7.147     0.999121        49906      1137.78
       7.251     0.999219        49910      1280.00
       7.511     0.999316        49915      1462.86
       7.663     0.999414        49920      1706.67
       7.955     0.999512        49925      2048.00
       8.527     0.999561        49928      2275.56
       8.543     0.999609        49930      2560.00
       8.983     0.999658        49932      2925.71
       9.095     0.999707        49935      3413.33
       9.967     0.999756        49937      4096.00
      10.263     0.999780        49939      4551.11
      10.463     0.999805        49940      5120.00
      10.471     0.999829        49941      5851.43
      10.551     0.999854        49942      6826.67
      11.055     0.999878        49943      8192.00
      11.087     0.999890        49944      9102.22
      11.639     0.999902        49945     10240.00
      11.639     0.999915        49945     11702.86
      11.831     0.999927        49946     13653.33
      11.831     0.999939        49946     16384.00
      11.879     0.999945        49947     18204.44
      11.879     0.999951        49947     20480.00
      11.879     0.999957        49947     23405.71
      12.023     0.999963        49948     27306.67
      12.023     0.999969        49948     32768.00
      12.023     0.999973        49948     36408.89
      12.023     0.999976        49948     40960.00
      12.023     0.999979        49948     46811.43
      13.071     0.999982        49949     54613.33
      13.071     1.000000        49949          inf
#[Mean    =        1.341, StdDeviation   =        0.697]
#[Max     =       13.064, Total count    =        49949]
#[Buckets =           27, SubBuckets     =         2048]
----------------------------------------------------------
  49951 requests in 10.00s, 8.34MB read
Requests/sec:   4994.58
Transfer/sec:    853.57KB
