Running 10s test @ http://localhost
  2 threads and 10 connections
  Thread Stats   Avg      Stdev     Max   +/- Stdev
    Latency     1.27ms  680.59us  10.39ms   74.77%
    Req/Sec       -nan      -nan   0.00      0.00%
  Latency Distribution (HdrHistogram - Recorded Latency)
 50.000%    1.19ms
 75.000%    1.64ms
 90.000%    2.04ms
 99.000%    2.92ms
 99.900%    8.07ms
 99.990%    9.68ms
 99.999%   10.40ms
100.000%   10.40ms

  Detailed Percentile spectrum:
       Value   Percentile   TotalCount 1/(1-Percentile)

       0.082     0.000000            1         1.00
       0.546     0.100000         5021         1.11
       0.719     0.200000        10009         1.25
       0.885     0.300000        15015         1.43
       1.038     0.400000        20008         1.67
       1.193     0.500000        24996         2.00
       1.271     0.550000        27490         2.22
       1.353     0.600000        29983         2.50
       1.442     0.650000        32490         2.86
       1.538     0.700000        34963         3.33
       1.640     0.750000        37465         4.00
       1.693     0.775000        38715         4.44
       1.751     0.800000        39957         5.00
       1.817     0.825000        41208         5.71
       1.886     0.850000        42462         6.67
       1.958     0.875000        43705         8.00
       1.998     0.887500        44327         8.89
       2.041     0.900000        44954        10.00
       2.087     0.912500        45596        11.43
       2.139     0.925000        46226        13.33
       2.193     0.937500        46828        16.00
       2.225     0.943750        47142        17.78
       2.263     0.950000        47464        20.00
       2.301     0.956250        47767        22.86
       2.343     0.962500        48077        26.67
       2.397     0.968750        48388        32.00
       2.431     0.971875        48546        35.56
       2.469     0.975000        48698        40.00
       2.515     0.978125        48853        45.71
       2.571     0.981250        49007        53.33
       2.653     0.984375        49163        64.00
       2.705     0.985938        49243        71.11
       2.765     0.987500        49319        80.00
       2.845     0.989062        49397        91.43
       2.973     0.990625        49476       106.67
       3.179     0.992188        49554       128.00
       3.289     0.992969        49592       142.22
       3.477     0.993750        49631       160.00
       3.685     0.994531        49670       182.86
       4.139     0.995313        49710       213.33
       4.659     0.996094        49748       256.00
       5.019     0.996484        49768       284.44
       5.399     0.996875        49787       320.00
       5.843     0.997266        49807       365.71
       6.155     0.997656        49826       426.67
       6.611     0.998047        49846       512.00
       7.039     0.998242        49856       568.89
       7.227     0.998437        49865       640.00
       7.455     0.998633        49875       731.43
       7.771     0.998828        49885       853.33
       8.131     0.999023        49895      1024.00
       8.439     0.999121        49900      1137.78
       8.511     0.999219        49904      1280.00
       8.807     0.999316        49909      1462.86
       8.887     0.999414        49915      1706.67
       9.031     0.999512        49919      2048.00
       9.143     0.999561        49922      2275.56
       9.191     0.999609        49924      2560.00
       9.247     0.999658        49926      2925.71
       9.295     0.999707        49929      3413.33
       9.471     0.999756        49931      4096.00
       9.559     0.999780        49933      4551.11
       9.591     0.999805        49935      5120.00
       9.591     0.999829        49935      5851.43
       9.623     0.999854        49936      6826.67
       9.671     0.999878        49937      8192.00
       9.679     0.999890        49938      9102.22
       9.855     0.999902        49939     10240.00
       9.855     0.999915        49939     11702.86
       9.943     0.999927        49940     13653.33
       9.943     0.999939        49940     16384.00
      10.103     0.999945        49941     18204.44
      10.103     0.999951        49941     20480.00
      10.103     0.999957        49941     23405.71
      10.239     0.999963        49942     27306.67
      10.239     0.999969        49942     32768.00
      10.239     0.999973        49942     36408.89
      10.239     0.999976        49942     40960.00
      10.239     0.999979        49942     46811.43
      10.399     0.999982        49943     54613.33
      10.399     1.000000        49943          inf
#[Mean    =        1.272, StdDeviation   =        0.681]
#[Max     =       10.392, Total count    =        49943]
#[Buckets =           27, SubBuckets     =         2048]
----------------------------------------------------------
  49945 requests in 10.00s, 8.34MB read
Requests/sec:   4994.74
Transfer/sec:    853.59KB
