Running 10s test @ http://localhost
  2 threads and 10 connections
  Thread Stats   Avg      Stdev     Max   +/- Stdev
    Latency     1.32ms  735.56us  15.22ms   83.27%
    Req/Sec       -nan      -nan   0.00      0.00%
  Latency Distribution (HdrHistogram - Recorded Latency)
 50.000%    1.23ms
 75.000%    1.66ms
 90.000%    2.01ms
 99.000%    3.33ms
 99.900%    9.37ms
 99.990%   13.92ms
 99.999%   15.22ms
100.000%   15.22ms

  Detailed Percentile spectrum:
       Value   Percentile   TotalCount 1/(1-Percentile)

       0.127     0.000000            1         1.00
       0.622     0.100000         5023         1.11
       0.776     0.200000         9994         1.25
       0.927     0.300000        14990         1.43
       1.078     0.400000        20001         1.67
       1.231     0.500000        24972         2.00
       1.312     0.550000        27479         2.22
       1.392     0.600000        29972         2.50
       1.478     0.650000        32467         2.86
       1.566     0.700000        34965         3.33
       1.659     0.750000        37477         4.00
       1.707     0.775000        38737         4.44
       1.757     0.800000        39957         5.00
       1.810     0.825000        41225         5.71
       1.870     0.850000        42464         6.67
       1.935     0.875000        43720         8.00
       1.972     0.887500        44352         8.89
       2.011     0.900000        44950        10.00
       2.059     0.912500        45588        11.43
       2.111     0.925000        46204        13.33
       2.175     0.937500        46833        16.00
       2.211     0.943750        47134        17.78
       2.251     0.950000        47451        20.00
       2.297     0.956250        47758        22.86
       2.351     0.962500        48072        26.67
       2.425     0.968750        48391        32.00
       2.471     0.971875        48543        35.56
       2.521     0.975000        48694        40.00
       2.587     0.978125        48850        45.71
       2.677     0.981250        49006        53.33
       2.817     0.984375        49163        64.00
       2.905     0.985938        49241        71.11
       3.045     0.987500        49319        80.00
       3.189     0.989062        49396        91.43
       3.415     0.990625        49477       106.67
       3.733     0.992188        49553       128.00
       3.917     0.992969        49591       142.22
       4.243     0.993750        49630       160.00
       4.587     0.994531        49669       182.86
       5.187     0.995313        49708       213.33
       5.727     0.996094        49747       256.00
       6.079     0.996484        49767       284.44
       6.375     0.996875        49786       320.00
       6.839     0.997266        49807       365.71
       7.015     0.997656        49825       426.67
       7.507     0.998047        49845       512.00
       7.815     0.998242        49855       568.89
       8.155     0.998437        49864       640.00
       8.463     0.998633        49874       731.43
       8.775     0.998828        49884       853.33
       9.447     0.999023        49894      1024.00
       9.863     0.999121        49899      1137.78
      10.159     0.999219        49903      1280.00
      10.383     0.999316        49908      1462.86
      10.919     0.999414        49913      1706.67
      11.223     0.999512        49918      2048.00
      11.487     0.999561        49921      2275.56
      11.807     0.999609        49923      2560.00
      11.983     0.999658        49925      2925.71
      12.119     0.999707        49928      3413.33
      12.247     0.999756        49930      4096.00
      13.271     0.999780        49933      4551.11
      13.271     0.999805        49933      5120.00
      13.295     0.999829        49934      5851.43
      13.487     0.999854        49935      6826.67
      13.759     0.999878        49936      8192.00
      13.919     0.999890        49937      9102.22
      14.391     0.999902        49939     10240.00
      14.391     0.999915        49939     11702.86
      14.391     0.999927        49939     13653.33
      14.391     0.999939        49939     16384.00
      14.735     0.999945        49940     18204.44
      14.735     0.999951        49940     20480.00
      14.735     0.999957        49940     23405.71
      15.111     0.999963        49941     27306.67
      15.111     0.999969        49941     32768.00
      15.111     0.999973        49941     36408.89
      15.111     0.999976        49941     40960.00
      15.111     0.999979        49941     46811.43
      15.223     0.999982        49942     54613.33
      15.223     1.000000        49942          inf
#[Mean    =        1.318, StdDeviation   =        0.736]
#[Max     =       15.216, Total count    =        49942]
#[Buckets =           27, SubBuckets     =         2048]
----------------------------------------------------------
  49944 requests in 10.00s, 8.34MB read
Requests/sec:   4994.54
Transfer/sec:    853.56KB
