Running 10s test @ http://localhost
  2 threads and 10 connections
  Thread Stats   Avg      Stdev     Max   +/- Stdev
    Latency     1.27ms    0.95ms  23.57ms   95.30%
    Req/Sec       -nan      -nan   0.00      0.00%
  Latency Distribution (HdrHistogram - Recorded Latency)
 50.000%    1.16ms
 75.000%    1.60ms
 90.000%    1.95ms
 99.000%    2.95ms
 99.900%   17.25ms
 99.990%   22.27ms
 99.999%   23.58ms
100.000%   23.58ms

  Detailed Percentile spectrum:
       Value   Percentile   TotalCount 1/(1-Percentile)

       0.127     0.000000            1         1.00
       0.596     0.100000         5001         1.11
       0.737     0.200000         9998         1.25
       0.862     0.300000        14986         1.43
       0.999     0.400000        19980         1.67
       1.161     0.500000        25006         2.00
       1.241     0.550000        27470         2.22
       1.325     0.600000        29970         2.50
       1.413     0.650000        32495         2.86
       1.505     0.700000        34965         3.33
       1.603     0.750000        37460         4.00
       1.654     0.775000        38721         4.44
       1.707     0.800000        39979         5.00
       1.761     0.825000        41219         5.71
       1.819     0.850000        42472         6.67
       1.877     0.875000        43708         8.00
       1.912     0.887500        44340         8.89
       1.947     0.900000        44956        10.00
       1.988     0.912500        45581        11.43
       2.035     0.925000        46215        13.33
       2.091     0.937500        46837        16.00
       2.121     0.943750        47134        17.78
       2.159     0.950000        47457        20.00
       2.205     0.956250        47764        22.86
       2.255     0.962500        48080        26.67
       2.315     0.968750        48383        32.00
       2.351     0.971875        48544        35.56
       2.391     0.975000        48696        40.00
       2.443     0.978125        48853        45.71
       2.501     0.981250        49012        53.33
       2.597     0.984375        49162        64.00
       2.653     0.985938        49239        71.11
       2.741     0.987500        49319        80.00
       2.863     0.989062        49395        91.43
       3.037     0.990625        49473       106.67
       3.309     0.992188        49551       128.00
       3.435     0.992969        49591       142.22
       3.611     0.993750        49629       160.00
       3.959     0.994531        49669       182.86
       4.679     0.995313        49707       213.33
       5.447     0.996094        49746       256.00
       6.235     0.996484        49766       284.44
       7.103     0.996875        49785       320.00
       8.591     0.997266        49805       365.71
       9.975     0.997656        49824       426.67
      11.135     0.998047        49845       512.00
      11.983     0.998242        49854       568.89
      13.031     0.998437        49863       640.00
      14.671     0.998633        49873       731.43
      16.311     0.998828        49883       853.33
      17.375     0.999023        49893      1024.00
      17.711     0.999121        49898      1137.78
      18.287     0.999219        49902      1280.00
      18.719     0.999316        49908      1462.86
      19.103     0.999414        49912      1706.67
      19.647     0.999512        49917      2048.00
      19.871     0.999561        49920      2275.56
      20.079     0.999609        49922      2560.00
      20.143     0.999658        49924      2925.71
      20.575     0.999707        49927      3413.33
      20.623     0.999756        49929      4096.00
      21.215     0.999780        49931      4551.11
      21.375     0.999805        49932      5120.00
      21.503     0.999829        49933      5851.43
      22.079     0.999854        49934      6826.67
      22.239     0.999878        49935      8192.00
      22.271     0.999890        49936      9102.22
      22.735     0.999902        49937     10240.00
      22.735     0.999915        49937     11702.86
      22.831     0.999927        49938     13653.33
      22.831     0.999939        49938     16384.00
      23.071     0.999945        49939     18204.44
      23.071     0.999951        49939     20480.00
      23.071     0.999957        49939     23405.71
      23.103     0.999963        49940     27306.67
      23.103     0.999969        49940     32768.00
      23.103     0.999973        49940     36408.89
      23.103     0.999976        49940     40960.00
      23.103     0.999979        49940     46811.43
      23.583     0.999982        49941     54613.33
      23.583     1.000000        49941          inf
#[Mean    =        1.272, StdDeviation   =        0.947]
#[Max     =       23.568, Total count    =        49941]
#[Buckets =           27, SubBuckets     =         2048]
----------------------------------------------------------
  49944 requests in 10.00s, 8.34MB read
Requests/sec:   4994.45
Transfer/sec:    853.54KB
