Running 10s test @ http://localhost
  2 threads and 10 connections
  Thread Stats   Avg      Stdev     Max   +/- Stdev
    Latency     1.38ms  794.78us  13.24ms   84.56%
    Req/Sec       -nan      -nan   0.00      0.00%
  Latency Distribution (HdrHistogram - Recorded Latency)
 50.000%    1.28ms
 75.000%    1.75ms
 90.000%    2.13ms
 99.000%    3.40ms
 99.900%   10.66ms
 99.990%   12.75ms
 99.999%   13.25ms
100.000%   13.25ms

  Detailed Percentile spectrum:
       Value   Percentile   TotalCount 1/(1-Percentile)

       0.132     0.000000            1         1.00
       0.658     0.100000         5012         1.11
       0.823     0.200000        10016         1.25
       0.973     0.300000        14993         1.43
       1.125     0.400000        20010         1.67
       1.285     0.500000        24996         2.00
       1.364     0.550000        27478         2.22
       1.449     0.600000        29980         2.50
       1.540     0.650000        32478         2.86
       1.641     0.700000        34965         3.33
       1.746     0.750000        37473         4.00
       1.803     0.775000        38730         4.44
       1.858     0.800000        39962         5.00
       1.915     0.825000        41213         5.71
       1.977     0.850000        42467         6.67
       2.046     0.875000        43714         8.00
       2.085     0.887500        44329         8.89
       2.129     0.900000        44964        10.00
       2.177     0.912500        45595        11.43
       2.227     0.925000        46207        13.33
       2.289     0.937500        46830        16.00
       2.323     0.943750        47138        17.78
       2.361     0.950000        47450        20.00
       2.403     0.956250        47770        22.86
       2.449     0.962500        48079        26.67
       2.507     0.968750        48385        32.00
       2.541     0.971875        48543        35.56
       2.585     0.975000        48703        40.00
       2.637     0.978125        48855        45.71
       2.715     0.981250        49010        53.33
       2.839     0.984375        49165        64.00
       2.945     0.985938        49243        71.11
       3.049     0.987500        49322        80.00
       3.243     0.989062        49400        91.43
       3.531     0.990625        49477       106.67
       3.887     0.992188        49555       128.00
       4.231     0.992969        49595       142.22
       4.691     0.993750        49633       160.00
       5.271     0.994531        49672       182.86
       6.023     0.995313        49712       213.33
       6.875     0.996094        49751       256.00
       7.399     0.996484        49770       284.44
       7.751     0.996875        49789       320.00
       8.111     0.997266        49809       365.71
       8.631     0.997656        49828       426.67
       9.047     0.998047        49848       512.00
       9.247     0.998242        49858       568.89
       9.487     0.998437        49867       640.00
       9.919     0.998633        49877       731.43
      10.279     0.998828        49887       853.33
      10.671     0.999023        49897      1024.00
      10.775     0.999121        49902      1137.78
      10.871     0.999219        49906      1280.00
      11.063     0.999316        49911      1462.86
      11.287     0.999414        49916      1706.67
      11.415     0.999512        49921      2048.00
      11.631     0.999561        49924      2275.56
      11.759     0.999609        49926      2560.00
      11.775     0.999658        49929      2925.71
      11.903     0.999707        49931      3413.33
      12.215     0.999756        49933      4096.00
      12.287     0.999780        49935      4551.11
      12.343     0.999805        49936      5120.00
      12.399     0.999829        49937      5851.43
      12.527     0.999854        49938      6826.67
      12.607     0.999878        49939      8192.00
      12.751     0.999890        49940      9102.22
      12.943     0.999902        49942     10240.00
      12.943     0.999915        49942     11702.86
      12.943     0.999927        49942     13653.33
      12.943     0.999939        49942     16384.00
      13.079     0.999945        49943     18204.44
      13.079     0.999951        49943     20480.00
      13.079     0.999957        49943     23405.71
      13.167     0.999963        49944     27306.67
      13.167     0.999969        49944     32768.00
      13.167     0.999973        49944     36408.89
      13.167     0.999976        49944     40960.00
      13.167     0.999979        49944     46811.43
      13.247     0.999982        49945     54613.33
      13.247     1.000000        49945          inf
#[Mean    =        1.385, StdDeviation   =        0.795]
#[Max     =       13.240, Total count    =        49945]
#[Buckets =           27, SubBuckets     =         2048]
----------------------------------------------------------
  49950 requests in 10.00s, 8.34MB read
Requests/sec:   4994.68
Transfer/sec:    853.58KB
