Running 10s test @ http://localhost
  2 threads and 10 connections
  Thread Stats   Avg      Stdev     Max   +/- Stdev
    Latency     1.37ms    1.12ms  48.90ms   96.25%
    Req/Sec       -nan      -nan   0.00      0.00%
  Latency Distribution (HdrHistogram - Recorded Latency)
 50.000%    1.25ms
 75.000%    1.72ms
 90.000%    2.11ms
 99.000%    3.85ms
 99.900%   11.06ms
 99.990%   40.80ms
 99.999%   48.93ms
100.000%   48.93ms

  Detailed Percentile spectrum:
       Value   Percentile   TotalCount 1/(1-Percentile)

       0.085     0.000000            1         1.00
       0.578     0.100000         5002         1.11
       0.779     0.200000        10008         1.25
       0.945     0.300000        15001         1.43
       1.099     0.400000        20001         1.67
       1.249     0.500000        24987         2.00
       1.332     0.550000        27471         2.22
       1.422     0.600000        29994         2.50
       1.514     0.650000        32476         2.86
       1.615     0.700000        34967         3.33
       1.720     0.750000        37467         4.00
       1.773     0.775000        38721         4.44
       1.828     0.800000        39982         5.00
       1.886     0.825000        41222         5.71
       1.953     0.850000        42456         6.67
       2.023     0.875000        43715         8.00
       2.063     0.887500        44332         8.89
       2.109     0.900000        44961        10.00
       2.157     0.912500        45592        11.43
       2.209     0.925000        46204        13.33
       2.271     0.937500        46828        16.00
       2.305     0.943750        47159        17.78
       2.345     0.950000        47457        20.00
       2.393     0.956250        47770        22.86
       2.447     0.962500        48090        26.67
       2.525     0.968750        48388        32.00
       2.573     0.971875        48546        35.56
       2.631     0.975000        48701        40.00
       2.705     0.978125        48854        45.71
       2.813     0.981250        49013        53.33
       3.023     0.984375        49166        64.00
       3.215     0.985938        49244        71.11
       3.429     0.987500        49323        80.00
       3.659     0.989062        49400        91.43
       3.971     0.990625        49478       106.67
       4.367     0.992188        49556       128.00
       4.651     0.992969        49598       142.22
       4.951     0.993750        49635       160.00
       5.335     0.994531        49673       182.86
       5.651     0.995313        49712       213.33
       6.103     0.996094        49751       256.00
       6.395     0.996484        49771       284.44
       6.627     0.996875        49790       320.00
       7.059     0.997266        49810       365.71
       7.431     0.997656        49829       426.67
       8.375     0.998047        49850       512.00
       8.583     0.998242        49859       568.89
       9.007     0.998437        49868       640.00
       9.743     0.998633        49878       731.43
      10.183     0.998828        49888       853.33
      11.183     0.999023        49898      1024.00
      13.255     0.999121        49903      1137.78
      15.431     0.999219        49907      1280.00
      19.679     0.999316        49912      1462.86
      23.567     0.999414        49917      1706.67
      26.879     0.999512        49922      2048.00
      27.615     0.999561        49925      2275.56
      28.671     0.999609        49927      2560.00
      28.735     0.999658        49929      2925.71
      29.887     0.999707        49932      3413.33
      30.255     0.999756        49934      4096.00
      33.439     0.999780        49936      4551.11
      34.879     0.999805        49937      5120.00
      36.703     0.999829        49938      5851.43
      38.303     0.999854        49939      6826.67
      38.943     0.999878        49940      8192.00
      40.799     0.999890        49941      9102.22
      42.495     0.999902        49942     10240.00
      42.495     0.999915        49942     11702.86
      44.031     0.999927        49943     13653.33
      44.031     0.999939        49943     16384.00
      45.727     0.999945        49944     18204.44
      45.727     0.999951        49944     20480.00
      45.727     0.999957        49944     23405.71
      47.583     0.999963        49945     27306.67
      47.583     0.999969        49945     32768.00
      47.583     0.999973        49945     36408.89
      47.583     0.999976        49945     40960.00
      47.583     0.999979        49945     46811.43
      48.927     0.999982        49946     54613.33
      48.927     1.000000        49946          inf
#[Mean    =        1.365, StdDeviation   =        1.116]
#[Max     =       48.896, Total count    =        49946]
#[Buckets =           27, SubBuckets     =         2048]
----------------------------------------------------------
  49949 requests in 10.00s, 8.34MB read
Requests/sec:   4994.68
Transfer/sec:    853.58KB
