Running 10s test @ http://localhost
  2 threads and 10 connections
  Thread Stats   Avg      Stdev     Max   +/- Stdev
    Latency     1.43ms    1.04ms  16.82ms   95.14%
    Req/Sec       -nan      -nan   0.00      0.00%
  Latency Distribution (HdrHistogram - Recorded Latency)
 50.000%    1.28ms
 75.000%    1.73ms
 90.000%    2.09ms
 99.000%    6.23ms
 99.900%   13.10ms
 99.990%   15.61ms
 99.999%   16.83ms
100.000%   16.83ms

  Detailed Percentile spectrum:
       Value   Percentile   TotalCount 1/(1-Percentile)

       0.121     0.000000            1         1.00
       0.667     0.100000         5012         1.11
       0.832     0.200000        10015         1.25
       0.974     0.300000        15005         1.43
       1.119     0.400000        19979         1.67
       1.282     0.500000        24974         2.00
       1.370     0.550000        27476         2.22
       1.457     0.600000        29986         2.50
       1.545     0.650000        32467         2.86
       1.638     0.700000        34965         3.33
       1.730     0.750000        37497         4.00
       1.777     0.775000        38720         4.44
       1.828     0.800000        39961         5.00
       1.882     0.825000        41212         5.71
       1.942     0.850000        42463         6.67
       2.008     0.875000        43719         8.00
       2.046     0.887500        44341         8.89
       2.087     0.900000        44957        10.00
       2.135     0.912500        45599        11.43
       2.187     0.925000        46223        13.33
       2.251     0.937500        46828        16.00
       2.293     0.943750        47155        17.78
       2.341     0.950000        47458        20.00
       2.399     0.956250        47770        22.86
       2.477     0.962500        48075        26.67
       2.593     0.968750        48387        32.00
       2.691     0.971875        48544        35.56
       2.835     0.975000        48700        40.00
       3.065     0.978125        48856        45.71
       3.529     0.981250        49011        53.33
       4.335     0.984375        49167        64.00
       4.863     0.985938        49245        71.11
       5.351     0.987500        49323        80.00
       5.947     0.989062        49401        91.43
       6.483     0.990625        49479       106.67
       7.235     0.992188        49557       128.00
       7.531     0.992969        49596       142.22
       8.067     0.993750        49635       160.00
       8.607     0.994531        49674       182.86
       8.967     0.995313        49713       213.33
       9.615     0.996094        49752       256.00
       9.959     0.996484        49772       284.44
      10.439     0.996875        49792       320.00
      10.815     0.997266        49812       365.71
      11.191     0.997656        49830       426.67
      11.887     0.998047        49850       512.00
      12.143     0.998242        49860       568.89
      12.287     0.998437        49869       640.00
      12.487     0.998633        49879       731.43
      12.823     0.998828        49889       853.33
      13.191     0.999023        49899      1024.00
      13.343     0.999121        49904      1137.78
      13.455     0.999219        49909      1280.00
      13.607     0.999316        49913      1462.86
      13.727     0.999414        49918      1706.67
      13.935     0.999512        49924      2048.00
      14.047     0.999561        49926      2275.56
      14.151     0.999609        49928      2560.00
      14.287     0.999658        49930      2925.71
      14.663     0.999707        49934      3413.33
      14.703     0.999756        49935      4096.00
      14.919     0.999780        49937      4551.11
      14.967     0.999805        49938      5120.00
      15.063     0.999829        49939      5851.43
      15.519     0.999854        49940      6826.67
      15.543     0.999878        49941      8192.00
      15.607     0.999890        49942      9102.22
      15.799     0.999902        49943     10240.00
      15.799     0.999915        49943     11702.86
      15.871     0.999927        49944     13653.33
      15.871     0.999939        49944     16384.00
      16.095     0.999945        49945     18204.44
      16.095     0.999951        49945     20480.00
      16.095     0.999957        49945     23405.71
      16.143     0.999963        49946     27306.67
      16.143     0.999969        49946     32768.00
      16.143     0.999973        49946     36408.89
      16.143     0.999976        49946     40960.00
      16.143     0.999979        49946     46811.43
      16.831     0.999982        49947     54613.33
      16.831     1.000000        49947          inf
#[Mean    =        1.430, StdDeviation   =        1.045]
#[Max     =       16.816, Total count    =        49947]
#[Buckets =           27, SubBuckets     =         2048]
----------------------------------------------------------
  49950 requests in 10.00s, 8.34MB read
Requests/sec:   4994.56
Transfer/sec:    853.56KB
