Running 10s test @ http://localhost
  2 threads and 10 connections
  Thread Stats   Avg      Stdev     Max   +/- Stdev
    Latency     1.87ms    1.24ms  15.47ms   81.67%
    Req/Sec       -nan      -nan   0.00      0.00%
  Latency Distribution (HdrHistogram - Recorded Latency)
 50.000%    1.58ms
 75.000%    2.25ms
 90.000%    3.42ms
 99.000%    6.36ms
 99.900%    9.57ms
 99.990%   14.31ms
 99.999%   15.48ms
100.000%   15.48ms

  Detailed Percentile spectrum:
       Value   Percentile   TotalCount 1/(1-Percentile)

       0.115     0.000000            1         1.00
       0.733     0.100000         5002         1.11
       0.948     0.200000        10007         1.25
       1.150     0.300000        14986         1.43
       1.358     0.400000        19979         1.67
       1.580     0.500000        24979         2.00
       1.690     0.550000        27473         2.22
       1.803     0.600000        29966         2.50
       1.923     0.650000        32464         2.86
       2.069     0.700000        34959         3.33
       2.249     0.750000        37466         4.00
       2.357     0.775000        38708         4.44
       2.493     0.800000        39964         5.00
       2.655     0.825000        41204         5.71
       2.853     0.850000        42451         6.67
       3.097     0.875000        43705         8.00
       3.243     0.887500        44323         8.89
       3.419     0.900000        44949        10.00
       3.609     0.912500        45574        11.43
       3.855     0.925000        46196        13.33
       4.099     0.937500        46820        16.00
       4.259     0.943750        47133        17.78
       4.415     0.950000        47445        20.00
       4.587     0.956250        47757        22.86
       4.787     0.962500        48068        26.67
       5.011     0.968750        48384        32.00
       5.151     0.971875        48541        35.56
       5.283     0.975000        48694        40.00
       5.443     0.978125        48851        45.71
       5.635     0.981250        49009        53.33
       5.863     0.984375        49161        64.00
       5.995     0.985938        49239        71.11
       6.111     0.987500        49317        80.00
       6.279     0.989062        49394        91.43
       6.427     0.990625        49472       106.67
       6.643     0.992188        49551       128.00
       6.767     0.992969        49589       142.22
       6.915     0.993750        49628       160.00
       7.067     0.994531        49668       182.86
       7.295     0.995313        49706       213.33
       7.543     0.996094        49745       256.00
       7.703     0.996484        49765       284.44
       7.895     0.996875        49785       320.00
       8.091     0.997266        49804       365.71
       8.263     0.997656        49823       426.67
       8.559     0.998047        49843       512.00
       8.759     0.998242        49853       568.89
       8.983     0.998437        49862       640.00
       9.239     0.998633        49872       731.43
       9.463     0.998828        49882       853.33
       9.623     0.999023        49893      1024.00
       9.719     0.999121        49897      1137.78
       9.799     0.999219        49902      1280.00
      10.295     0.999316        49906      1462.86
      10.639     0.999414        49911      1706.67
      10.815     0.999512        49916      2048.00
      11.103     0.999561        49919      2275.56
      11.263     0.999609        49921      2560.00
      11.799     0.999658        49923      2925.71
      12.063     0.999707        49926      3413.33
      12.951     0.999756        49928      4096.00
      13.487     0.999780        49930      4551.11
      13.543     0.999805        49931      5120.00
      13.727     0.999829        49932      5851.43
      13.847     0.999854        49933      6826.67
      14.071     0.999878        49934      8192.00
      14.311     0.999890        49935      9102.22
      14.431     0.999902        49936     10240.00
      14.431     0.999915        49936     11702.86
      14.591     0.999927        49937     13653.33
      14.591     0.999939        49937     16384.00
      15.119     0.999945        49938     18204.44
      15.119     0.999951        49938     20480.00
      15.119     0.999957        49938     23405.71
      15.359     0.999963        49939     27306.67
      15.359     0.999969        49939     32768.00
      15.359     0.999973        49939     36408.89
      15.359     0.999976        49939     40960.00
      15.359     0.999979        49939     46811.43
      15.479     0.999982        49940     54613.33
      15.479     1.000000        49940          inf
#[Mean    =        1.872, StdDeviation   =        1.245]
#[Max     =       15.472, Total count    =        49940]
#[Buckets =           27, SubBuckets     =         2048]
----------------------------------------------------------
  49947 requests in 10.00s, 8.34MB read
Requests/sec:   4994.23
Transfer/sec:    853.51KB
