Running 10s test @ http://localhost
  2 threads and 10 connections
  Thread Stats   Avg      Stdev     Max   +/- Stdev
    Latency     1.85ms    1.29ms  19.89ms   84.88%
    Req/Sec       -nan      -nan   0.00      0.00%
  Latency Distribution (HdrHistogram - Recorded Latency)
 50.000%    1.56ms
 75.000%    2.18ms
 90.000%    3.24ms
 99.000%    6.88ms
 99.900%   10.47ms
 99.990%   18.25ms
 99.999%   19.90ms
100.000%   19.90ms

  Detailed Percentile spectrum:
       Value   Percentile   TotalCount 1/(1-Percentile)

       0.164     0.000000            1         1.00
       0.724     0.100000         5002         1.11
       0.955     0.200000         9991         1.25
       1.152     0.300000        14995         1.43
       1.345     0.400000        19986         1.67
       1.562     0.500000        24970         2.00
       1.670     0.550000        27485         2.22
       1.782     0.600000        29964         2.50
       1.899     0.650000        32486         2.86
       2.024     0.700000        34960         3.33
       2.179     0.750000        37477         4.00
       2.269     0.775000        38725         4.44
       2.367     0.800000        39954         5.00
       2.501     0.825000        41212         5.71
       2.681     0.850000        42457         6.67
       2.909     0.875000        43701         8.00
       3.065     0.887500        44322         8.89
       3.239     0.900000        44947        10.00
       3.443     0.912500        45568        11.43
       3.677     0.925000        46199        13.33
       3.967     0.937500        46816        16.00
       4.147     0.943750        47129        17.78
       4.343     0.950000        47451        20.00
       4.539     0.956250        47753        22.86
       4.775     0.962500        48065        26.67
       5.055     0.968750        48379        32.00
       5.215     0.971875        48534        35.56
       5.411     0.975000        48691        40.00
       5.643     0.978125        48845        45.71
       5.855     0.981250        49002        53.33
       6.139     0.984375        49158        64.00
       6.323     0.985938        49235        71.11
       6.523     0.987500        49313        80.00
       6.719     0.989062        49392        91.43
       7.011     0.990625        49471       106.67
       7.299     0.992188        49548       128.00
       7.467     0.992969        49586       142.22
       7.623     0.993750        49625       160.00
       7.871     0.994531        49665       182.86
       8.107     0.995313        49703       213.33
       8.327     0.996094        49742       256.00
       8.487     0.996484        49762       284.44
       8.655     0.996875        49781       320.00
       8.863     0.997266        49801       365.71
       9.159     0.997656        49820       426.67
       9.399     0.998047        49840       512.00
       9.615     0.998242        49850       568.89
       9.911     0.998437        49860       640.00
      10.103     0.998633        49869       731.43
      10.303     0.998828        49880       853.33
      10.495     0.999023        49889      1024.00
      10.783     0.999121        49894      1137.78
      10.911     0.999219        49898      1280.00
      11.303     0.999316        49903      1462.86
      11.799     0.999414        49908      1706.67
      12.903     0.999512        49913      2048.00
      14.023     0.999561        49916      2275.56
      14.415     0.999609        49918      2560.00
      15.399     0.999658        49920      2925.71
      15.775     0.999707        49923      3413.33
      16.751     0.999756        49925      4096.00
      16.943     0.999780        49927      4551.11
      17.039     0.999805        49928      5120.00
      17.423     0.999829        49929      5851.43
      17.903     0.999854        49930      6826.67
      18.223     0.999878        49931      8192.00
      18.255     0.999890        49932      9102.22
      18.383     0.999902        49933     10240.00
      18.383     0.999915        49933     11702.86
      18.767     0.999927        49934     13653.33
      18.767     0.999939        49934     16384.00
      19.215     0.999945        49935     18204.44
      19.215     0.999951        49935     20480.00
      19.215     0.999957        49935     23405.71
      19.519     0.999963        49936     27306.67
      19.519     0.999969        49936     32768.00
      19.519     0.999973        49936     36408.89
      19.519     0.999976        49936     40960.00
      19.519     0.999979        49936     46811.43
      19.903     0.999982        49937     54613.33
      19.903     1.000000        49937          inf
#[Mean    =        1.846, StdDeviation   =        1.287]
#[Max     =       19.888, Total count    =        49937]
#[Buckets =           27, SubBuckets     =         2048]
----------------------------------------------------------
  49945 requests in 10.00s, 8.34MB read
Requests/sec:   4993.71
Transfer/sec:    853.42KB
