Running 10s test @ http://localhost
  2 threads and 10 connections
  Thread Stats   Avg      Stdev     Max   +/- Stdev
    Latency     1.75ms    1.39ms  17.33ms   89.19%
    Req/Sec       -nan      -nan   0.00      0.00%
  Latency Distribution (HdrHistogram - Recorded Latency)
 50.000%    1.43ms
 75.000%    2.09ms
 90.000%    3.10ms
 99.000%    7.16ms
 99.900%   14.30ms
 99.990%   16.96ms
 99.999%   17.34ms
100.000%   17.34ms

  Detailed Percentile spectrum:
       Value   Percentile   TotalCount 1/(1-Percentile)

       0.117     0.000000            1         1.00
       0.620     0.100000         5004         1.11
       0.845     0.200000        10005         1.25
       1.049     0.300000        14983         1.43
       1.231     0.400000        19977         1.67
       1.433     0.500000        24985         2.00
       1.541     0.550000        27482         2.22
       1.659     0.600000        29984         2.50
       1.790     0.650000        32464         2.86
       1.934     0.700000        34958         3.33
       2.093     0.750000        37477         4.00
       2.179     0.775000        38718         4.44
       2.283     0.800000        39954         5.00
       2.403     0.825000        41210         5.71
       2.561     0.850000        42453         6.67
       2.773     0.875000        43705         8.00
       2.923     0.887500        44323         8.89
       3.095     0.900000        44950        10.00
       3.313     0.912500        45571        11.43
       3.555     0.925000        46194        13.33
       3.847     0.937500        46818        16.00
       4.013     0.943750        47132        17.78
       4.191     0.950000        47450        20.00
       4.387     0.956250        47761        22.86
       4.603     0.962500        48067        26.67
       4.887     0.968750        48381        32.00
       5.047     0.971875        48538        35.56
       5.215     0.975000        48693        40.00
       5.439     0.978125        48849        45.71
       5.723     0.981250        49004        53.33
       6.059     0.984375        49159        64.00
       6.279     0.985938        49237        71.11
       6.563     0.987500        49315        80.00
       6.943     0.989062        49393        91.43
       7.355     0.990625        49471       106.67
       7.867     0.992188        49550       128.00
       8.171     0.992969        49588       142.22
       8.543     0.993750        49627       160.00
       9.063     0.994531        49666       182.86
       9.695     0.995313        49705       213.33
      10.375     0.996094        49744       256.00
      10.783     0.996484        49764       284.44
      11.295     0.996875        49783       320.00
      11.735     0.997266        49803       365.71
      12.279     0.997656        49822       426.67
      12.879     0.998047        49843       512.00
      13.031     0.998242        49852       568.89
      13.303     0.998437        49861       640.00
      13.783     0.998633        49872       731.43
      14.151     0.998828        49881       853.33
      14.311     0.999023        49892      1024.00
      14.479     0.999121        49896      1137.78
      14.831     0.999219        49900      1280.00
      15.015     0.999316        49905      1462.86
      15.199     0.999414        49910      1706.67
      15.663     0.999512        49915      2048.00
      15.895     0.999561        49918      2275.56
      15.991     0.999609        49920      2560.00
      16.111     0.999658        49924      2925.71
      16.159     0.999707        49925      3413.33
      16.215     0.999756        49927      4096.00
      16.335     0.999780        49930      4551.11
      16.335     0.999805        49930      5120.00
      16.559     0.999829        49931      5851.43
      16.799     0.999854        49932      6826.67
      16.831     0.999878        49933      8192.00
      16.959     0.999890        49934      9102.22
      17.023     0.999902        49935     10240.00
      17.023     0.999915        49935     11702.86
      17.199     0.999927        49936     13653.33
      17.199     0.999939        49936     16384.00
      17.263     0.999945        49938     18204.44
      17.263     0.999951        49938     20480.00
      17.263     0.999957        49938     23405.71
      17.263     0.999963        49938     27306.67
      17.263     0.999969        49938     32768.00
      17.263     0.999973        49938     36408.89
      17.263     0.999976        49938     40960.00
      17.263     0.999979        49938     46811.43
      17.343     0.999982        49939     54613.33
      17.343     1.000000        49939          inf
#[Mean    =        1.754, StdDeviation   =        1.387]
#[Max     =       17.328, Total count    =        49939]
#[Buckets =           27, SubBuckets     =         2048]
----------------------------------------------------------
  49944 requests in 10.00s, 8.34MB read
Requests/sec:   4994.54
Transfer/sec:    853.56KB
