Running 10s test @ http://localhost
  2 threads and 10 connections
  Thread Stats   Avg      Stdev     Max   +/- Stdev
    Latency     1.84ms    2.32ms  45.41ms   95.16%
    Req/Sec       -nan      -nan   0.00      0.00%
  Latency Distribution (HdrHistogram - Recorded Latency)
 50.000%    1.43ms
 75.000%    2.05ms
 90.000%    3.07ms
 99.000%    7.70ms
 99.900%   37.38ms
 99.990%   43.42ms
 99.999%   45.44ms
100.000%   45.44ms

  Detailed Percentile spectrum:
       Value   Percentile   TotalCount 1/(1-Percentile)

       0.113     0.000000            1         1.00
       0.657     0.100000         4998         1.11
       0.862     0.200000         9998         1.25
       1.052     0.300000        15001         1.43
       1.232     0.400000        19995         1.67
       1.429     0.500000        24986         2.00
       1.536     0.550000        27466         2.22
       1.646     0.600000        29965         2.50
       1.764     0.650000        32466         2.86
       1.896     0.700000        34952         3.33
       2.049     0.750000        37472         4.00
       2.135     0.775000        38713         4.44
       2.247     0.800000        39961         5.00
       2.375     0.825000        41197         5.71
       2.553     0.850000        42444         6.67
       2.771     0.875000        43693         8.00
       2.913     0.887500        44320         8.89
       3.073     0.900000        44937        10.00
       3.265     0.912500        45560        11.43
       3.485     0.925000        46185        13.33
       3.759     0.937500        46811        16.00
       3.917     0.943750        47122        17.78
       4.119     0.950000        47432        20.00
       4.323     0.956250        47749        22.86
       4.555     0.962500        48062        26.67
       4.831     0.968750        48372        32.00
       4.959     0.971875        48524        35.56
       5.167     0.975000        48681        40.00
       5.407     0.978125        48835        45.71
       5.727     0.981250        48991        53.33
       6.199     0.984375        49147        64.00
       6.447     0.985938        49225        71.11
       6.795     0.987500        49303        80.00
       7.351     0.989062        49381        91.43
       7.939     0.990625        49459       106.67
       8.919     0.992188        49537       128.00
       9.535     0.992969        49576       142.22
      10.519     0.993750        49615       160.00
      12.103     0.994531        49655       182.86
      14.975     0.995313        49693       213.33
      19.919     0.996094        49732       256.00
      22.399     0.996484        49752       284.44
      24.751     0.996875        49771       320.00
      27.407     0.997266        49791       365.71
      30.159     0.997656        49810       426.67
      32.351     0.998047        49830       512.00
      33.599     0.998242        49840       568.89
      34.239     0.998437        49849       640.00
      35.231     0.998633        49859       731.43
      36.351     0.998828        49869       853.33
      37.535     0.999023        49879      1024.00
      38.207     0.999121        49884      1137.78
      38.687     0.999219        49888      1280.00
      39.423     0.999316        49893      1462.86
      40.063     0.999414        49899      1706.67
      40.703     0.999512        49903      2048.00
      41.087     0.999561        49906      2275.56
      41.183     0.999609        49908      2560.00
      41.343     0.999658        49910      2925.71
      42.047     0.999707        49914      3413.33
      42.399     0.999756        49915      4096.00
      42.527     0.999780        49917      4551.11
      42.687     0.999805        49918      5120.00
      42.751     0.999829        49919      5851.43
      42.975     0.999854        49920      6826.67
      43.199     0.999878        49921      8192.00
      43.423     0.999890        49922      9102.22
      44.063     0.999902        49923     10240.00
      44.063     0.999915        49923     11702.86
      44.127     0.999927        49924     13653.33
      44.127     0.999939        49924     16384.00
      44.351     0.999945        49925     18204.44
      44.351     0.999951        49925     20480.00
      44.351     0.999957        49925     23405.71
      44.799     0.999963        49926     27306.67
      44.799     0.999969        49926     32768.00
      44.799     0.999973        49926     36408.89
      44.799     0.999976        49926     40960.00
      44.799     0.999979        49926     46811.43
      45.439     0.999982        49927     54613.33
      45.439     1.000000        49927          inf
#[Mean    =        1.837, StdDeviation   =        2.324]
#[Max     =       45.408, Total count    =        49927]
#[Buckets =           27, SubBuckets     =         2048]
----------------------------------------------------------
  49933 requests in 10.00s, 8.33MB read
Requests/sec:   4993.17
Transfer/sec:    853.32KB
