Running 10s test @ http://localhost
  2 threads and 10 connections
  Thread Stats   Avg      Stdev     Max   +/- Stdev
    Latency     1.30ms  672.21us  13.57ms   77.21%
    Req/Sec       -nan      -nan   0.00      0.00%
  Latency Distribution (HdrHistogram - Recorded Latency)
 50.000%    1.21ms
 75.000%    1.68ms
 90.000%    2.04ms
 99.000%    2.87ms
 99.900%    8.12ms
 99.990%   11.65ms
 99.999%   13.57ms
100.000%   13.57ms

  Detailed Percentile spectrum:
       Value   Percentile   TotalCount 1/(1-Percentile)

       0.143     0.000000            1         1.00
       0.616     0.100000         5009         1.11
       0.772     0.200000         9999         1.25
       0.918     0.300000        15011         1.43
       1.058     0.400000        20009         1.67
       1.210     0.500000        24981         2.00
       1.295     0.550000        27495         2.22
       1.385     0.600000        29992         2.50
       1.477     0.650000        32484         2.86
       1.572     0.700000        34968         3.33
       1.676     0.750000        37478         4.00
       1.728     0.775000        38710         4.44
       1.781     0.800000        39979         5.00
       1.835     0.825000        41215         5.71
       1.896     0.850000        42472         6.67
       1.964     0.875000        43708         8.00
       2.001     0.887500        44331         8.89
       2.040     0.900000        44954        10.00
       2.083     0.912500        45590        11.43
       2.129     0.925000        46213        13.33
       2.181     0.937500        46836        16.00
       2.213     0.943750        47164        17.78
       2.249     0.950000        47469        20.00
       2.285     0.956250        47765        22.86
       2.327     0.962500        48081        26.67
       2.379     0.968750        48392        32.00
       2.413     0.971875        48545        35.56
       2.451     0.975000        48703        40.00
       2.491     0.978125        48857        45.71
       2.545     0.981250        49015        53.33
       2.617     0.984375        49169        64.00
       2.663     0.985938        49250        71.11
       2.727     0.987500        49326        80.00
       2.801     0.989062        49404        91.43
       2.917     0.990625        49481       106.67
       3.049     0.992188        49558       128.00
       3.141     0.992969        49597       142.22
       3.301     0.993750        49636       160.00
       3.567     0.994531        49675       182.86
       4.017     0.995313        49714       213.33
       4.667     0.996094        49753       256.00
       5.103     0.996484        49773       284.44
       5.499     0.996875        49792       320.00
       5.871     0.997266        49812       365.71
       6.391     0.997656        49831       426.67
       6.851     0.998047        49851       512.00
       7.035     0.998242        49861       568.89
       7.307     0.998437        49870       640.00
       7.495     0.998633        49880       731.43
       7.759     0.998828        49890       853.33
       8.311     0.999023        49900      1024.00
       8.351     0.999121        49905      1137.78
       8.527     0.999219        49909      1280.00
       8.615     0.999316        49914      1462.86
       9.015     0.999414        49919      1706.67
       9.367     0.999512        49924      2048.00
       9.703     0.999561        49927      2275.56
       9.727     0.999609        49929      2560.00
       9.863     0.999658        49931      2925.71
      10.143     0.999707        49934      3413.33
      10.319     0.999756        49936      4096.00
      10.815     0.999780        49938      4551.11
      10.975     0.999805        49939      5120.00
      10.983     0.999829        49940      5851.43
      11.031     0.999854        49941      6826.67
      11.103     0.999878        49942      8192.00
      11.647     0.999890        49943      9102.22
      11.663     0.999902        49944     10240.00
      11.663     0.999915        49944     11702.86
      12.111     0.999927        49945     13653.33
      12.111     0.999939        49945     16384.00
      12.463     0.999945        49946     18204.44
      12.463     0.999951        49946     20480.00
      12.463     0.999957        49946     23405.71
      12.727     0.999963        49947     27306.67
      12.727     0.999969        49947     32768.00
      12.727     0.999973        49947     36408.89
      12.727     0.999976        49947     40960.00
      12.727     0.999979        49947     46811.43
      13.575     0.999982        49948     54613.33
      13.575     1.000000        49948          inf
#[Mean    =        1.303, StdDeviation   =        0.672]
#[Max     =       13.568, Total count    =        49948]
#[Buckets =           27, SubBuckets     =         2048]
----------------------------------------------------------
  49950 requests in 10.00s, 8.34MB read
Requests/sec:   4994.92
Transfer/sec:    853.62KB
