Running 10s test @ http://localhost
  2 threads and 10 connections
  Thread Stats   Avg      Stdev     Max   +/- Stdev
    Latency     1.80ms    1.32ms  17.49ms   88.21%
    Req/Sec       -nan      -nan   0.00      0.00%
  Latency Distribution (HdrHistogram - Recorded Latency)
 50.000%    1.51ms
 75.000%    2.10ms
 90.000%    3.11ms
 99.000%    6.97ms
 99.900%   13.55ms
 99.990%   16.22ms
 99.999%   17.50ms
100.000%   17.50ms

  Detailed Percentile spectrum:
       Value   Percentile   TotalCount 1/(1-Percentile)

       0.094     0.000000            1         1.00
       0.729     0.100000         5006         1.11
       0.926     0.200000        10010         1.25
       1.107     0.300000        15000         1.43
       1.298     0.400000        19988         1.67
       1.506     0.500000        24983         2.00
       1.613     0.550000        27473         2.22
       1.725     0.600000        29973         2.50
       1.837     0.650000        32478         2.86
       1.959     0.700000        34976         3.33
       2.097     0.750000        37489         4.00
       2.177     0.775000        38716         4.44
       2.273     0.800000        39956         5.00
       2.395     0.825000        41215         5.71
       2.557     0.850000        42459         6.67
       2.789     0.875000        43705         8.00
       2.943     0.887500        44327         8.89
       3.105     0.900000        44955        10.00
       3.301     0.912500        45575        11.43
       3.539     0.925000        46203        13.33
       3.837     0.937500        46828        16.00
       3.997     0.943750        47139        17.78
       4.203     0.950000        47451        20.00
       4.399     0.956250        47761        22.86
       4.639     0.962500        48081        26.67
       4.915     0.968750        48385        32.00
       5.067     0.971875        48541        35.56
       5.243     0.975000        48697        40.00
       5.427     0.978125        48852        45.71
       5.699     0.981250        49010        53.33
       6.027     0.984375        49164        64.00
       6.207     0.985938        49244        71.11
       6.451     0.987500        49321        80.00
       6.771     0.989062        49399        91.43
       7.115     0.990625        49476       106.67
       7.519     0.992188        49554       128.00
       7.815     0.992969        49594       142.22
       8.207     0.993750        49634       160.00
       8.519     0.994531        49672       182.86
       8.991     0.995313        49710       213.33
       9.663     0.996094        49749       256.00
       9.967     0.996484        49769       284.44
      10.303     0.996875        49788       320.00
      10.847     0.997266        49808       365.71
      11.239     0.997656        49827       426.67
      11.927     0.998047        49848       512.00
      12.351     0.998242        49857       568.89
      12.615     0.998437        49866       640.00
      12.999     0.998633        49877       731.43
      13.263     0.998828        49886       853.33
      13.575     0.999023        49896      1024.00
      13.719     0.999121        49901      1137.78
      13.935     0.999219        49905      1280.00
      14.111     0.999316        49910      1462.86
      14.295     0.999414        49915      1706.67
      14.559     0.999512        49920      2048.00
      14.623     0.999561        49923      2275.56
      14.735     0.999609        49925      2560.00
      14.903     0.999658        49927      2925.71
      15.207     0.999707        49930      3413.33
      15.399     0.999756        49932      4096.00
      15.615     0.999780        49934      4551.11
      15.751     0.999805        49935      5120.00
      15.767     0.999829        49936      5851.43
      15.911     0.999854        49937      6826.67
      16.215     0.999878        49938      8192.00
      16.223     0.999890        49939      9102.22
      16.327     0.999902        49940     10240.00
      16.327     0.999915        49940     11702.86
      16.343     0.999927        49941     13653.33
      16.343     0.999939        49941     16384.00
      16.607     0.999945        49942     18204.44
      16.607     0.999951        49942     20480.00
      16.607     0.999957        49942     23405.71
      17.359     0.999963        49943     27306.67
      17.359     0.999969        49943     32768.00
      17.359     0.999973        49943     36408.89
      17.359     0.999976        49943     40960.00
      17.359     0.999979        49943     46811.43
      17.503     0.999982        49944     54613.33
      17.503     1.000000        49944          inf
#[Mean    =        1.799, StdDeviation   =        1.320]
#[Max     =       17.488, Total count    =        49944]
#[Buckets =           27, SubBuckets     =         2048]
----------------------------------------------------------
  49948 requests in 10.00s, 8.34MB read
Requests/sec:   4994.82
Transfer/sec:    853.61KB
