Running 10s test @ http://localhost
  2 threads and 10 connections
  Thread Stats   Avg      Stdev     Max   +/- Stdev
    Latency     1.99ms    1.81ms  26.29ms   89.78%
    Req/Sec       -nan      -nan   0.00      0.00%
  Latency Distribution (HdrHistogram - Recorded Latency)
 50.000%    1.48ms
 75.000%    2.29ms
 90.000%    3.85ms
 99.000%    9.60ms
 99.900%   16.75ms
 99.990%   22.35ms
 99.999%   26.30ms
100.000%   26.30ms

  Detailed Percentile spectrum:
       Value   Percentile   TotalCount 1/(1-Percentile)

       0.139     0.000000            1         1.00
       0.668     0.100000         5005         1.11
       0.871     0.200000         9990         1.25
       1.064     0.300000        14984         1.43
       1.264     0.400000        19989         1.67
       1.481     0.500000        24979         2.00
       1.597     0.550000        27489         2.22
       1.734     0.600000        29979         2.50
       1.888     0.650000        32468         2.86
       2.065     0.700000        34969         3.33
       2.285     0.750000        37467         4.00
       2.429     0.775000        38722         4.44
       2.595     0.800000        39962         5.00
       2.803     0.825000        41224         5.71
       3.063     0.850000        42458         6.67
       3.405     0.875000        43703         8.00
       3.617     0.887500        44328         8.89
       3.849     0.900000        44954        10.00
       4.123     0.912500        45577        11.43
       4.431     0.925000        46203        13.33
       4.791     0.937500        46825        16.00
       4.967     0.943750        47137        17.78
       5.207     0.950000        47451        20.00
       5.503     0.956250        47764        22.86
       5.835     0.962500        48077        26.67
       6.239     0.968750        48387        32.00
       6.519     0.971875        48543        35.56
       6.767     0.975000        48700        40.00
       7.063     0.978125        48855        45.71
       7.491     0.981250        49010        53.33
       8.039     0.984375        49166        64.00
       8.335     0.985938        49244        71.11
       8.783     0.987500        49323        80.00
       9.263     0.989062        49400        91.43
       9.815     0.990625        49478       106.67
      10.695     0.992188        49556       128.00
      11.087     0.992969        49595       142.22
      11.783     0.993750        49634       160.00
      12.327     0.994531        49673       182.86
      12.927     0.995313        49712       213.33
      13.471     0.996094        49751       256.00
      13.823     0.996484        49771       284.44
      14.231     0.996875        49791       320.00
      14.623     0.997266        49812       365.71
      14.935     0.997656        49829       426.67
      15.431     0.998047        49849       512.00
      15.943     0.998242        49859       568.89
      16.247     0.998437        49869       640.00
      16.399     0.998633        49879       731.43
      16.591     0.998828        49890       853.33
      16.863     0.999023        49898      1024.00
      17.039     0.999121        49903      1137.78
      17.247     0.999219        49907      1280.00
      17.567     0.999316        49913      1462.86
      17.839     0.999414        49917      1706.67
      18.031     0.999512        49922      2048.00
      18.143     0.999561        49925      2275.56
      18.191     0.999609        49927      2560.00
      18.431     0.999658        49929      2925.71
      18.591     0.999707        49932      3413.33
      18.815     0.999756        49934      4096.00
      19.375     0.999780        49936      4551.11
      19.391     0.999805        49937      5120.00
      19.439     0.999829        49938      5851.43
      20.799     0.999854        49939      6826.67
      20.895     0.999878        49940      8192.00
      22.351     0.999890        49941      9102.22
      22.607     0.999902        49942     10240.00
      22.607     0.999915        49942     11702.86
      22.815     0.999927        49943     13653.33
      22.815     0.999939        49943     16384.00
      24.223     0.999945        49944     18204.44
      24.223     0.999951        49944     20480.00
      24.223     0.999957        49944     23405.71
      25.839     0.999963        49945     27306.67
      25.839     0.999969        49945     32768.00
      25.839     0.999973        49945     36408.89
      25.839     0.999976        49945     40960.00
      25.839     0.999979        49945     46811.43
      26.303     0.999982        49946     54613.33
      26.303     1.000000        49946          inf
#[Mean    =        1.991, StdDeviation   =        1.811]
#[Max     =       26.288, Total count    =        49946]
#[Buckets =           27, SubBuckets     =         2048]
----------------------------------------------------------
  49952 requests in 10.00s, 8.34MB read
Requests/sec:   4993.59
Transfer/sec:    853.40KB
