Running 10s test @ http://localhost
  2 threads and 10 connections
  Thread Stats   Avg      Stdev     Max   +/- Stdev
    Latency     1.95ms    1.54ms  17.94ms   88.88%
    Req/Sec       -nan      -nan   0.00      0.00%
  Latency Distribution (HdrHistogram - Recorded Latency)
 50.000%    1.56ms
 75.000%    2.19ms
 90.000%    3.59ms
 99.000%    8.10ms
 99.900%   15.48ms
 99.990%   17.47ms
 99.999%   17.95ms
100.000%   17.95ms

  Detailed Percentile spectrum:
       Value   Percentile   TotalCount 1/(1-Percentile)

       0.113     0.000000            1         1.00
       0.771     0.100000         5014         1.11
       0.969     0.200000        10013         1.25
       1.154     0.300000        15014         1.43
       1.348     0.400000        19981         1.67
       1.564     0.500000        24974         2.00
       1.675     0.550000        27472         2.22
       1.784     0.600000        29976         2.50
       1.900     0.650000        32466         2.86
       2.028     0.700000        34956         3.33
       2.189     0.750000        37460         4.00
       2.289     0.775000        38709         4.44
       2.411     0.800000        39946         5.00
       2.587     0.825000        41207         5.71
       2.827     0.850000        42445         6.67
       3.171     0.875000        43696         8.00
       3.367     0.887500        44321         8.89
       3.587     0.900000        44939        10.00
       3.837     0.912500        45566        11.43
       4.119     0.925000        46190        13.33
       4.427     0.937500        46819        16.00
       4.591     0.943750        47126        17.78
       4.779     0.950000        47438        20.00
       4.979     0.956250        47754        22.86
       5.243     0.962500        48060        26.67
       5.595     0.968750        48372        32.00
       5.815     0.971875        48529        35.56
       6.047     0.975000        48686        40.00
       6.287     0.978125        48841        45.71
       6.615     0.981250        48998        53.33
       7.011     0.984375        49152        64.00
       7.267     0.985938        49231        71.11
       7.575     0.987500        49309        80.00
       7.875     0.989062        49386        91.43
       8.287     0.990625        49465       106.67
       8.823     0.992188        49542       128.00
       9.191     0.992969        49581       142.22
       9.607     0.993750        49620       160.00
      10.055     0.994531        49659       182.86
      10.639     0.995313        49698       213.33
      11.207     0.996094        49737       256.00
      11.623     0.996484        49758       284.44
      12.023     0.996875        49776       320.00
      12.495     0.997266        49796       365.71
      13.151     0.997656        49815       426.67
      13.991     0.998047        49835       512.00
      14.279     0.998242        49845       568.89
      14.495     0.998437        49854       640.00
      14.847     0.998633        49864       731.43
      15.135     0.998828        49874       853.33
      15.551     0.999023        49884      1024.00
      15.831     0.999121        49889      1137.78
      16.023     0.999219        49893      1280.00
      16.151     0.999316        49898      1462.86
      16.263     0.999414        49903      1706.67
      16.415     0.999512        49908      2048.00
      16.495     0.999561        49911      2275.56
      16.671     0.999609        49913      2560.00
      16.799     0.999658        49915      2925.71
      16.991     0.999707        49918      3413.33
      17.039     0.999756        49920      4096.00
      17.279     0.999780        49922      4551.11
      17.311     0.999805        49924      5120.00
      17.311     0.999829        49924      5851.43
      17.375     0.999854        49925      6826.67
      17.455     0.999878        49926      8192.00
      17.471     0.999890        49927      9102.22
      17.503     0.999902        49928     10240.00
      17.503     0.999915        49928     11702.86
      17.647     0.999927        49929     13653.33
      17.647     0.999939        49929     16384.00
      17.663     0.999945        49930     18204.44
      17.663     0.999951        49930     20480.00
      17.663     0.999957        49930     23405.71
      17.775     0.999963        49931     27306.67
      17.775     0.999969        49931     32768.00
      17.775     0.999973        49931     36408.89
      17.775     0.999976        49931     40960.00
      17.775     0.999979        49931     46811.43
      17.951     0.999982        49932     54613.33
      17.951     1.000000        49932          inf
#[Mean    =        1.946, StdDeviation   =        1.544]
#[Max     =       17.936, Total count    =        49932]
#[Buckets =           27, SubBuckets     =         2048]
----------------------------------------------------------
  49942 requests in 10.00s, 8.33MB read
Requests/sec:   4994.04
Transfer/sec:    853.47KB
