Running 10s test @ http://localhost
  2 threads and 10 connections
  Thread Stats   Avg      Stdev     Max   +/- Stdev
    Latency     1.78ms    1.37ms  18.21ms   87.70%
    Req/Sec       -nan      -nan   0.00      0.00%
  Latency Distribution (HdrHistogram - Recorded Latency)
 50.000%    1.41ms
 75.000%    2.10ms
 90.000%    3.30ms
 99.000%    7.16ms
 99.900%   12.27ms
 99.990%   14.21ms
 99.999%   18.22ms
100.000%   18.22ms

  Detailed Percentile spectrum:
       Value   Percentile   TotalCount 1/(1-Percentile)

       0.135     0.000000            1         1.00
       0.657     0.100000         5002         1.11
       0.848     0.200000         9990         1.25
       1.030     0.300000        15004         1.43
       1.213     0.400000        20010         1.67
       1.414     0.500000        24994         2.00
       1.526     0.550000        27477         2.22
       1.639     0.600000        29983         2.50
       1.769     0.650000        32471         2.86
       1.916     0.700000        34979         3.33
       2.097     0.750000        37468         4.00
       2.209     0.775000        38712         4.44
       2.347     0.800000        39963         5.00
       2.503     0.825000        41216         5.71
       2.699     0.850000        42457         6.67
       2.951     0.875000        43705         8.00
       3.109     0.887500        44328         8.89
       3.295     0.900000        44957        10.00
       3.521     0.912500        45579        11.43
       3.787     0.925000        46205        13.33
       4.115     0.937500        46826        16.00
       4.287     0.943750        47144        17.78
       4.471     0.950000        47454        20.00
       4.671     0.956250        47765        22.86
       4.915     0.962500        48075        26.67
       5.187     0.968750        48391        32.00
       5.343     0.971875        48547        35.56
       5.503     0.975000        48701        40.00
       5.735     0.978125        48855        45.71
       5.987     0.981250        49011        53.33
       6.323     0.984375        49169        64.00
       6.499     0.985938        49247        71.11
       6.747     0.987500        49324        80.00
       6.955     0.989062        49401        91.43
       7.283     0.990625        49479       106.67
       7.639     0.992188        49558       128.00
       7.919     0.992969        49596       142.22
       8.199     0.993750        49635       160.00
       8.503     0.994531        49674       182.86
       8.823     0.995313        49713       213.33
       9.287     0.996094        49753       256.00
       9.615     0.996484        49774       284.44
       9.911     0.996875        49791       320.00
      10.167     0.997266        49811       365.71
      10.527     0.997656        49831       426.67
      10.975     0.998047        49850       512.00
      11.111     0.998242        49860       568.89
      11.295     0.998437        49869       640.00
      11.527     0.998633        49879       731.43
      12.031     0.998828        49889       853.33
      12.311     0.999023        49899      1024.00
      12.383     0.999121        49904      1137.78
      12.447     0.999219        49908      1280.00
      12.535     0.999316        49913      1462.86
      12.631     0.999414        49918      1706.67
      12.751     0.999512        49923      2048.00
      12.887     0.999561        49926      2275.56
      12.927     0.999609        49928      2560.00
      12.975     0.999658        49931      2925.71
      13.231     0.999707        49933      3413.33
      13.471     0.999756        49935      4096.00
      13.663     0.999780        49937      4551.11
      13.783     0.999805        49938      5120.00
      13.919     0.999829        49939      5851.43
      13.975     0.999854        49940      6826.67
      14.167     0.999878        49941      8192.00
      14.207     0.999890        49942      9102.22
      15.279     0.999902        49943     10240.00
      15.279     0.999915        49943     11702.86
      16.575     0.999927        49944     13653.33
      16.575     0.999939        49944     16384.00
      17.407     0.999945        49945     18204.44
      17.407     0.999951        49945     20480.00
      17.407     0.999957        49945     23405.71
      18.095     0.999963        49946     27306.67
      18.095     0.999969        49946     32768.00
      18.095     0.999973        49946     36408.89
      18.095     0.999976        49946     40960.00
      18.095     0.999979        49946     46811.43
      18.223     0.999982        49947     54613.33
      18.223     1.000000        49947          inf
#[Mean    =        1.779, StdDeviation   =        1.371]
#[Max     =       18.208, Total count    =        49947]
#[Buckets =           27, SubBuckets     =         2048]
----------------------------------------------------------
  49950 requests in 10.00s, 8.34MB read
Requests/sec:   4994.45
Transfer/sec:    853.54KB
