Running 10s test @ http://localhost
  2 threads and 10 connections
  Thread Stats   Avg      Stdev     Max   +/- Stdev
    Latency     1.63ms    1.18ms  19.60ms   86.74%
    Req/Sec       -nan      -nan   0.00      0.00%
  Latency Distribution (HdrHistogram - Recorded Latency)
 50.000%    1.34ms
 75.000%    1.92ms
 90.000%    2.94ms
 99.000%    6.29ms
 99.900%    8.96ms
 99.990%   17.18ms
 99.999%   19.61ms
100.000%   19.61ms

  Detailed Percentile spectrum:
       Value   Percentile   TotalCount 1/(1-Percentile)

       0.155     0.000000            1         1.00
       0.633     0.100000         5013         1.11
       0.795     0.200000         9997         1.25
       0.961     0.300000        14987         1.43
       1.139     0.400000        19982         1.67
       1.336     0.500000        24988         2.00
       1.434     0.550000        27473         2.22
       1.538     0.600000        29989         2.50
       1.653     0.650000        32471         2.86
       1.777     0.700000        34961         3.33
       1.922     0.750000        37467         4.00
       2.015     0.775000        38709         4.44
       2.121     0.800000        39972         5.00
       2.253     0.825000        41215         5.71
       2.425     0.850000        42461         6.67
       2.639     0.875000        43711         8.00
       2.779     0.887500        44335         8.89
       2.943     0.900000        44950        10.00
       3.135     0.912500        45575        11.43
       3.397     0.925000        46203        13.33
       3.687     0.937500        46826        16.00
       3.859     0.943750        47135        17.78
       4.019     0.950000        47450        20.00
       4.211     0.956250        47765        22.86
       4.411     0.962500        48074        26.67
       4.667     0.968750        48390        32.00
       4.827     0.971875        48541        35.56
       4.995     0.975000        48697        40.00
       5.179     0.978125        48853        45.71
       5.403     0.981250        49008        53.33
       5.659     0.984375        49168        64.00
       5.823     0.985938        49243        71.11
       6.007     0.987500        49320        80.00
       6.195     0.989062        49398        91.43
       6.395     0.990625        49480       106.67
       6.595     0.992188        49554       128.00
       6.719     0.992969        49593       142.22
       6.831     0.993750        49632       160.00
       7.003     0.994531        49672       182.86
       7.167     0.995313        49710       213.33
       7.379     0.996094        49750       256.00
       7.487     0.996484        49769       284.44
       7.631     0.996875        49788       320.00
       7.755     0.997266        49808       365.71
       7.971     0.997656        49827       426.67
       8.239     0.998047        49847       512.00
       8.327     0.998242        49857       568.89
       8.503     0.998437        49867       640.00
       8.639     0.998633        49876       731.43
       8.815     0.998828        49886       853.33
       9.023     0.999023        49896      1024.00
       9.247     0.999121        49901      1137.78
       9.487     0.999219        49905      1280.00
       9.735     0.999316        49910      1462.86
      10.007     0.999414        49915      1706.67
      10.255     0.999512        49920      2048.00
      10.335     0.999561        49923      2275.56
      10.511     0.999609        49925      2560.00
      11.143     0.999658        49927      2925.71
      11.615     0.999707        49930      3413.33
      12.639     0.999756        49932      4096.00
      14.111     0.999780        49934      4551.11
      15.591     0.999805        49935      5120.00
      15.615     0.999829        49936      5851.43
      16.607     0.999854        49937      6826.67
      17.151     0.999878        49938      8192.00
      17.183     0.999890        49939      9102.22
      17.231     0.999902        49940     10240.00
      17.231     0.999915        49940     11702.86
      18.383     0.999927        49941     13653.33
      18.383     0.999939        49941     16384.00
      18.511     0.999945        49942     18204.44
      18.511     0.999951        49942     20480.00
      18.511     0.999957        49942     23405.71
      18.767     0.999963        49943     27306.67
      18.767     0.999969        49943     32768.00
      18.767     0.999973        49943     36408.89
      18.767     0.999976        49943     40960.00
      18.767     0.999979        49943     46811.43
      19.615     0.999982        49944     54613.33
      19.615     1.000000        49944          inf
#[Mean    =        1.628, StdDeviation   =        1.181]
#[Max     =       19.600, Total count    =        49944]
#[Buckets =           27, SubBuckets     =         2048]
----------------------------------------------------------
  49947 requests in 10.00s, 8.34MB read
Requests/sec:   4994.11
Transfer/sec:    853.49KB
