Running 10s test @ http://localhost
  2 threads and 10 connections
  Thread Stats   Avg      Stdev     Max   +/- Stdev
    Latency    47.04ms  167.87ms   1.00s    92.86%
    Req/Sec       -nan      -nan   0.00      0.00%
  Latency Distribution (HdrHistogram - Recorded Latency)
 50.000%    1.56ms
 75.000%    2.29ms
 90.000%    5.99ms
 99.000%  894.46ms
 99.900%  993.28ms
 99.990%    1.00s 
 99.999%    1.00s 
100.000%    1.00s 

  Detailed Percentile spectrum:
       Value   Percentile   TotalCount 1/(1-Percentile)

       0.113     0.000000            1         1.00
       0.697     0.100000         5012         1.11
       0.927     0.200000         9998         1.25
       1.124     0.300000        15008         1.43
       1.331     0.400000        19987         1.67
       1.559     0.500000        24980         2.00
       1.674     0.550000        27484         2.22
       1.798     0.600000        29984         2.50
       1.934     0.650000        32480         2.86
       2.085     0.700000        34974         3.33
       2.287     0.750000        37461         4.00
       2.429     0.775000        38715         4.44
       2.625     0.800000        39959         5.00
       2.931     0.825000        41209         5.71
       3.421     0.850000        42455         6.67
       4.239     0.875000        43708         8.00
       4.855     0.887500        44334         8.89
       5.995     0.900000        44952        10.00
      37.503     0.912500        45576        11.43
     175.231     0.925000        46201        13.33
     315.135     0.937500        46825        16.00
     381.695     0.943750        47137        17.78
     449.535     0.950000        47450        20.00
     515.327     0.956250        47761        22.86
     584.703     0.962500        48075        26.67
     653.823     0.968750        48387        32.00
     689.663     0.971875        48544        35.56
     723.455     0.975000        48699        40.00
     762.879     0.978125        48858        45.71
     796.671     0.981250        49010        53.33
     831.999     0.984375        49166        64.00
     850.431     0.985938        49244        71.11
     866.815     0.987500        49323        80.00
     883.711     0.989062        49401        91.43
     901.631     0.990625        49479       106.67
     919.551     0.992188        49557       128.00
     929.279     0.992969        49596       142.22
     937.471     0.993750        49634       160.00
     945.663     0.994531        49675       182.86
     953.343     0.995313        49712       213.33
     962.559     0.996094        49751       256.00
     966.655     0.996484        49772       284.44
     971.775     0.996875        49792       320.00
     976.383     0.997266        49810       365.71
     979.455     0.997656        49830       426.67
     984.575     0.998047        49853       512.00
     985.599     0.998242        49861       568.89
     986.623     0.998437        49869       640.00
     988.671     0.998633        49881       731.43
     991.743     0.998828        49893       853.33
     993.279     0.999023        49898      1024.00
     994.815     0.999121        49904      1137.78
     996.351     0.999219        49909      1280.00
     997.375     0.999316        49914      1462.86
     997.887     0.999414        49917      1706.67
     999.423     0.999512        49924      2048.00
     999.935     0.999561        49927      2275.56
     999.935     0.999609        49927      2560.00
    1000.447     0.999658        49931      2925.71
    1000.959     0.999707        49934      3413.33
    1000.959     0.999756        49934      4096.00
    1001.471     0.999780        49937      4551.11
    1001.471     0.999805        49937      5120.00
    1001.983     0.999829        49940      5851.43
    1001.983     0.999854        49940      6826.67
    1001.983     0.999878        49940      8192.00
    1002.495     0.999890        49943      9102.22
    1002.495     0.999902        49943     10240.00
    1002.495     0.999915        49943     11702.86
    1002.495     0.999927        49943     13653.33
    1002.495     0.999939        49943     16384.00
    1003.007     0.999945        49945     18204.44
    1003.007     0.999951        49945     20480.00
    1003.007     0.999957        49945     23405.71
    1003.007     0.999963        49945     27306.67
    1003.007     0.999969        49945     32768.00
    1003.007     0.999973        49945     36408.89
    1003.007     0.999976        49945     40960.00
    1003.007     0.999979        49945     46811.43
    1003.519     0.999982        49946     54613.33
    1003.519     1.000000        49946          inf
#[Mean    =       47.038, StdDeviation   =      167.873]
#[Max     =     1003.008, Total count    =        49946]
#[Buckets =           27, SubBuckets     =         2048]
----------------------------------------------------------
  49955 requests in 10.00s, 8.34MB read
Requests/sec:   4994.79
Transfer/sec:    853.60KB
