Running 10s test @ http://localhost
  2 threads and 10 connections
  Thread Stats   Avg      Stdev     Max   +/- Stdev
    Latency     1.34ms  689.10us  12.66ms   74.56%
    Req/Sec       -nan      -nan   0.00      0.00%
  Latency Distribution (HdrHistogram - Recorded Latency)
 50.000%    1.26ms
 75.000%    1.71ms
 90.000%    2.13ms
 99.000%    3.02ms
 99.900%    7.69ms
 99.990%   11.42ms
 99.999%   12.66ms
100.000%   12.66ms

  Detailed Percentile spectrum:
       Value   Percentile   TotalCount 1/(1-Percentile)

       0.149     0.000000            1         1.00
       0.602     0.100000         5001         1.11
       0.772     0.200000        10008         1.25
       0.932     0.300000        14998         1.43
       1.098     0.400000        19993         1.67
       1.256     0.500000        25003         2.00
       1.333     0.550000        27472         2.22
       1.417     0.600000        29981         2.50
       1.503     0.650000        32477         2.86
       1.602     0.700000        34970         3.33
       1.709     0.750000        37464         4.00
       1.767     0.775000        38717         4.44
       1.828     0.800000        39978         5.00
       1.891     0.825000        41221         5.71
       1.964     0.850000        42460         6.67
       2.042     0.875000        43705         8.00
       2.087     0.887500        44347         8.89
       2.133     0.900000        44957        10.00
       2.185     0.912500        45584        11.43
       2.243     0.925000        46221        13.33
       2.311     0.937500        46835        16.00
       2.347     0.943750        47156        17.78
       2.383     0.950000        47461        20.00
       2.427     0.956250        47773        22.86
       2.467     0.962500        48077        26.67
       2.523     0.968750        48388        32.00
       2.553     0.971875        48546        35.56
       2.589     0.975000        48701        40.00
       2.637     0.978125        48857        45.71
       2.689     0.981250        49015        53.33
       2.773     0.984375        49175        64.00
       2.825     0.985938        49247        71.11
       2.879     0.987500        49325        80.00
       2.963     0.989062        49402        91.43
       3.091     0.990625        49480       106.67
       3.255     0.992188        49559       128.00
       3.383     0.992969        49597       142.22
       3.555     0.993750        49636       160.00
       3.731     0.994531        49675       182.86
       4.047     0.995313        49714       213.33
       4.491     0.996094        49754       256.00
       4.711     0.996484        49773       284.44
       5.031     0.996875        49792       320.00
       5.267     0.997266        49812       365.71
       5.815     0.997656        49831       426.67
       6.163     0.998047        49851       512.00
       6.467     0.998242        49861       568.89
       6.703     0.998437        49870       640.00
       6.823     0.998633        49880       731.43
       7.179     0.998828        49890       853.33
       7.811     0.999023        49900      1024.00
       7.911     0.999121        49905      1137.78
       8.255     0.999219        49909      1280.00
       8.527     0.999316        49914      1462.86
       8.871     0.999414        49919      1706.67
       9.439     0.999512        49925      2048.00
       9.655     0.999561        49927      2275.56
       9.879     0.999609        49930      2560.00
       9.959     0.999658        49931      2925.71
      10.167     0.999707        49935      3413.33
      10.775     0.999756        49936      4096.00
      11.047     0.999780        49938      4551.11
      11.063     0.999805        49939      5120.00
      11.079     0.999829        49940      5851.43
      11.103     0.999854        49941      6826.67
      11.223     0.999878        49942      8192.00
      11.423     0.999890        49943      9102.22
      11.519     0.999902        49944     10240.00
      11.519     0.999915        49944     11702.86
      11.695     0.999927        49945     13653.33
      11.695     0.999939        49945     16384.00
      11.751     0.999945        49946     18204.44
      11.751     0.999951        49946     20480.00
      11.751     0.999957        49946     23405.71
      12.615     0.999963        49947     27306.67
      12.615     0.999969        49947     32768.00
      12.615     0.999973        49947     36408.89
      12.615     0.999976        49947     40960.00
      12.615     0.999979        49947     46811.43
      12.663     0.999982        49948     54613.33
      12.663     1.000000        49948          inf
#[Mean    =        1.336, StdDeviation   =        0.689]
#[Max     =       12.656, Total count    =        49948]
#[Buckets =           27, SubBuckets     =         2048]
----------------------------------------------------------
  49950 requests in 10.00s, 8.34MB read
Requests/sec:   4994.46
Transfer/sec:    853.55KB
