Running 10s test @ http://localhost
  2 threads and 10 connections
  Thread Stats   Avg      Stdev     Max   +/- Stdev
    Latency     1.38ms    2.29ms  56.29ms   99.11%
    Req/Sec       -nan      -nan   0.00      0.00%
  Latency Distribution (HdrHistogram - Recorded Latency)
 50.000%    1.14ms
 75.000%    1.62ms
 90.000%    2.07ms
 99.000%    3.20ms
 99.900%   41.06ms
 99.990%   48.03ms
 99.999%   56.32ms
100.000%   56.32ms

  Detailed Percentile spectrum:
       Value   Percentile   TotalCount 1/(1-Percentile)

       0.167     0.000000            1         1.00
       0.536     0.100000         4998         1.11
       0.683     0.200000         9990         1.25
       0.824     0.300000        14989         1.43
       0.973     0.400000        19991         1.67
       1.143     0.500000        24979         2.00
       1.227     0.550000        27474         2.22
       1.312     0.600000        29975         2.50
       1.403     0.650000        32471         2.86
       1.498     0.700000        34976         3.33
       1.615     0.750000        37470         4.00
       1.682     0.775000        38705         4.44
       1.753     0.800000        39956         5.00
       1.829     0.825000        41219         5.71
       1.901     0.850000        42450         6.67
       1.977     0.875000        43704         8.00
       2.019     0.887500        44331         8.89
       2.065     0.900000        44970        10.00
       2.111     0.912500        45580        11.43
       2.163     0.925000        46216        13.33
       2.217     0.937500        46836        16.00
       2.251     0.943750        47148        17.78
       2.287     0.950000        47459        20.00
       2.329     0.956250        47770        22.86
       2.377     0.962500        48072        26.67
       2.431     0.968750        48383        32.00
       2.465     0.971875        48541        35.56
       2.503     0.975000        48697        40.00
       2.553     0.978125        48854        45.71
       2.611     0.981250        49004        53.33
       2.703     0.984375        49161        64.00
       2.761     0.985938        49238        71.11
       2.851     0.987500        49317        80.00
       3.005     0.989062        49394        91.43
       3.467     0.990625        49472       106.67
       4.827     0.992188        49550       128.00
       6.327     0.992969        49589       142.22
       8.471     0.993750        49628       160.00
      11.199     0.994531        49667       182.86
      13.823     0.995313        49706       213.33
      19.471     0.996094        49745       256.00
      22.351     0.996484        49765       284.44
      25.503     0.996875        49784       320.00
      28.495     0.997266        49804       365.71
      31.391     0.997656        49823       426.67
      34.079     0.998047        49843       512.00
      35.583     0.998242        49853       568.89
      36.959     0.998437        49862       640.00
      38.431     0.998633        49872       731.43
      39.871     0.998828        49882       853.33
      41.119     0.999023        49892      1024.00
      41.919     0.999121        49897      1137.78
      42.623     0.999219        49901      1280.00
      43.583     0.999316        49908      1462.86
      43.999     0.999414        49911      1706.67
      45.055     0.999512        49916      2048.00
      45.471     0.999561        49919      2275.56
      45.503     0.999609        49921      2560.00
      45.663     0.999658        49923      2925.71
      46.495     0.999707        49926      3413.33
      46.687     0.999756        49928      4096.00
      46.783     0.999780        49930      4551.11
      46.879     0.999805        49931      5120.00
      47.167     0.999829        49932      5851.43
      47.903     0.999854        49933      6826.67
      47.999     0.999878        49934      8192.00
      48.031     0.999890        49935      9102.22
      49.087     0.999902        49936     10240.00
      49.087     0.999915        49936     11702.86
      50.975     0.999927        49937     13653.33
      50.975     0.999939        49937     16384.00
      52.863     0.999945        49938     18204.44
      52.863     0.999951        49938     20480.00
      52.863     0.999957        49938     23405.71
      54.559     0.999963        49939     27306.67
      54.559     0.999969        49939     32768.00
      54.559     0.999973        49939     36408.89
      54.559     0.999976        49939     40960.00
      54.559     0.999979        49939     46811.43
      56.319     0.999982        49940     54613.33
      56.319     1.000000        49940          inf
#[Mean    =        1.382, StdDeviation   =        2.289]
#[Max     =       56.288, Total count    =        49940]
#[Buckets =           27, SubBuckets     =         2048]
----------------------------------------------------------
  49946 requests in 10.00s, 8.34MB read
Requests/sec:   4994.68
Transfer/sec:    853.58KB
