Running 10s test @ http://localhost
  2 threads and 10 connections
  Thread Stats   Avg      Stdev     Max   +/- Stdev
    Latency     2.13ms    2.74ms  45.02ms   94.54%
    Req/Sec       -nan      -nan   0.00      0.00%
  Latency Distribution (HdrHistogram - Recorded Latency)
 50.000%    1.57ms
 75.000%    2.28ms
 90.000%    3.75ms
 99.000%   12.19ms
 99.900%   38.75ms
 99.990%   43.84ms
 99.999%   45.06ms
100.000%   45.06ms

  Detailed Percentile spectrum:
       Value   Percentile   TotalCount 1/(1-Percentile)

       0.161     0.000000            1         1.00
       0.724     0.100000         5003         1.11
       0.942     0.200000        10009         1.25
       1.139     0.300000        14994         1.43
       1.346     0.400000        20010         1.67
       1.565     0.500000        24974         2.00
       1.685     0.550000        27476         2.22
       1.805     0.600000        29970         2.50
       1.931     0.650000        32482         2.86
       2.089     0.700000        34977         3.33
       2.275     0.750000        37470         4.00
       2.391     0.775000        38719         4.44
       2.549     0.800000        39964         5.00
       2.745     0.825000        41218         5.71
       3.007     0.850000        42458         6.67
       3.331     0.875000        43705         8.00
       3.525     0.887500        44328         8.89
       3.747     0.900000        44955        10.00
       3.991     0.912500        45581        11.43
       4.291     0.925000        46205        13.33
       4.631     0.937500        46827        16.00
       4.819     0.943750        47142        17.78
       5.047     0.950000        47453        20.00
       5.331     0.956250        47761        22.86
       5.651     0.962500        48074        26.67
       6.063     0.968750        48390        32.00
       6.323     0.971875        48542        35.56
       6.675     0.975000        48699        40.00
       7.119     0.978125        48854        45.71
       7.739     0.981250        49011        53.33
       8.727     0.984375        49166        64.00
       9.383     0.985938        49246        71.11
      10.167     0.987500        49322        80.00
      11.407     0.989062        49400        91.43
      12.911     0.990625        49479       106.67
      14.799     0.992188        49556       128.00
      16.191     0.992969        49595       142.22
      17.663     0.993750        49634       160.00
      19.295     0.994531        49673       182.86
      21.871     0.995313        49712       213.33
      24.607     0.996094        49751       256.00
      26.479     0.996484        49772       284.44
      28.207     0.996875        49790       320.00
      29.839     0.997266        49810       365.71
      31.439     0.997656        49829       426.67
      33.439     0.998047        49849       512.00
      34.463     0.998242        49859       568.89
      35.615     0.998437        49868       640.00
      36.799     0.998633        49878       731.43
      37.951     0.998828        49888       853.33
      39.039     0.999023        49898      1024.00
      39.551     0.999121        49903      1137.78
      40.063     0.999219        49907      1280.00
      40.671     0.999316        49912      1462.86
      41.183     0.999414        49917      1706.67
      41.983     0.999512        49922      2048.00
      42.335     0.999561        49925      2275.56
      42.431     0.999609        49927      2560.00
      42.591     0.999658        49929      2925.71
      42.815     0.999707        49932      3413.33
      43.103     0.999756        49934      4096.00
      43.263     0.999780        49936      4551.11
      43.423     0.999805        49937      5120.00
      43.679     0.999829        49938      5851.43
      43.807     0.999854        49939      6826.67
      43.839     0.999878        49941      8192.00
      43.839     0.999890        49941      9102.22
      43.935     0.999902        49942     10240.00
      43.935     0.999915        49942     11702.86
      44.095     0.999927        49943     13653.33
      44.095     0.999939        49943     16384.00
      44.223     0.999945        49944     18204.44
      44.223     0.999951        49944     20480.00
      44.223     0.999957        49944     23405.71
      44.351     0.999963        49945     27306.67
      44.351     0.999969        49945     32768.00
      44.351     0.999973        49945     36408.89
      44.351     0.999976        49945     40960.00
      44.351     0.999979        49945     46811.43
      45.055     0.999982        49946     54613.33
      45.055     1.000000        49946          inf
#[Mean    =        2.133, StdDeviation   =        2.740]
#[Max     =       45.024, Total count    =        49946]
#[Buckets =           27, SubBuckets     =         2048]
----------------------------------------------------------
  49953 requests in 10.00s, 8.34MB read
Requests/sec:   4994.71
Transfer/sec:    853.59KB
