Running 10s test @ http://localhost
  2 threads and 10 connections
  Thread Stats   Avg      Stdev     Max   +/- Stdev
    Latency     1.33ms  702.36us  15.50ms   73.98%
    Req/Sec       -nan      -nan   0.00      0.00%
  Latency Distribution (HdrHistogram - Recorded Latency)
 50.000%    1.26ms
 75.000%    1.72ms
 90.000%    2.14ms
 99.000%    2.85ms
 99.900%    8.28ms
 99.990%   12.44ms
 99.999%   15.51ms
100.000%   15.51ms

  Detailed Percentile spectrum:
       Value   Percentile   TotalCount 1/(1-Percentile)

       0.106     0.000000            1         1.00
       0.575     0.100000         5017         1.11
       0.767     0.200000        10009         1.25
       0.942     0.300000        15011         1.43
       1.108     0.400000        20002         1.67
       1.257     0.500000        24974         2.00
       1.334     0.550000        27502         2.22
       1.416     0.600000        29976         2.50
       1.505     0.650000        32466         2.86
       1.608     0.700000        34966         3.33
       1.724     0.750000        37471         4.00
       1.786     0.775000        38720         4.44
       1.848     0.800000        39958         5.00
       1.912     0.825000        41217         5.71
       1.985     0.850000        42464         6.67
       2.063     0.875000        43704         8.00
       2.103     0.887500        44334         8.89
       2.143     0.900000        44957        10.00
       2.189     0.912500        45601        11.43
       2.239     0.925000        46213        13.33
       2.295     0.937500        46835        16.00
       2.327     0.943750        47142        17.78
       2.359     0.950000        47456        20.00
       2.393     0.956250        47761        22.86
       2.431     0.962500        48072        26.67
       2.483     0.968750        48396        32.00
       2.511     0.971875        48552        35.56
       2.543     0.975000        48701        40.00
       2.577     0.978125        48855        45.71
       2.621     0.981250        49010        53.33
       2.677     0.984375        49167        64.00
       2.715     0.985938        49243        71.11
       2.759     0.987500        49320        80.00
       2.811     0.989062        49398        91.43
       2.885     0.990625        49475       106.67
       2.995     0.992188        49553       128.00
       3.093     0.992969        49593       142.22
       3.207     0.993750        49631       160.00
       3.393     0.994531        49670       182.86
       3.597     0.995313        49710       213.33
       3.893     0.996094        49748       256.00
       4.311     0.996484        49769       284.44
       4.727     0.996875        49787       320.00
       5.099     0.997266        49807       365.71
       5.575     0.997656        49826       426.67
       6.479     0.998047        49846       512.00
       6.739     0.998242        49856       568.89
       7.003     0.998437        49865       640.00
       7.511     0.998633        49876       731.43
       7.915     0.998828        49885       853.33
       8.543     0.999023        49895      1024.00
       8.775     0.999121        49900      1137.78
       8.967     0.999219        49904      1280.00
       9.583     0.999316        49909      1462.86
      10.303     0.999414        49914      1706.67
      10.687     0.999512        49919      2048.00
      11.079     0.999561        49922      2275.56
      11.279     0.999609        49924      2560.00
      11.415     0.999658        49927      2925.71
      11.591     0.999707        49929      3413.33
      11.879     0.999756        49931      4096.00
      11.919     0.999780        49933      4551.11
      11.951     0.999805        49934      5120.00
      12.047     0.999829        49935      5851.43
      12.055     0.999854        49936      6826.67
      12.399     0.999878        49937      8192.00
      12.439     0.999890        49938      9102.22
      12.631     0.999902        49939     10240.00
      12.631     0.999915        49939     11702.86
      12.823     0.999927        49940     13653.33
      12.823     0.999939        49940     16384.00
      13.679     0.999945        49941     18204.44
      13.679     0.999951        49941     20480.00
      13.679     0.999957        49941     23405.71
      14.103     0.999963        49942     27306.67
      14.103     0.999969        49942     32768.00
      14.103     0.999973        49942     36408.89
      14.103     0.999976        49942     40960.00
      14.103     0.999979        49942     46811.43
      15.511     0.999982        49943     54613.33
      15.511     1.000000        49943          inf
#[Mean    =        1.334, StdDeviation   =        0.702]
#[Max     =       15.504, Total count    =        49943]
#[Buckets =           27, SubBuckets     =         2048]
----------------------------------------------------------
  49946 requests in 10.00s, 8.34MB read
Requests/sec:   4994.60
Transfer/sec:    853.57KB
