Running 10s test @ http://localhost
  2 threads and 10 connections
  Thread Stats   Avg      Stdev     Max   +/- Stdev
    Latency     1.87ms    1.29ms  13.47ms   82.97%
    Req/Sec       -nan      -nan   0.00      0.00%
  Latency Distribution (HdrHistogram - Recorded Latency)
 50.000%    1.54ms
 75.000%    2.25ms
 90.000%    3.47ms
 99.000%    6.61ms
 99.900%   10.45ms
 99.990%   12.37ms
 99.999%   13.48ms
100.000%   13.48ms

  Detailed Percentile spectrum:
       Value   Percentile   TotalCount 1/(1-Percentile)

       0.186     0.000000            1         1.00
       0.708     0.100000         5016         1.11
       0.920     0.200000         9999         1.25
       1.117     0.300000        14983         1.43
       1.318     0.400000        20000         1.67
       1.542     0.500000        24977         2.00
       1.660     0.550000        27470         2.22
       1.783     0.600000        29978         2.50
       1.910     0.650000        32485         2.86
       2.061     0.700000        34975         3.33
       2.251     0.750000        37474         4.00
       2.371     0.775000        38723         4.44
       2.511     0.800000        39962         5.00
       2.681     0.825000        41209         5.71
       2.893     0.850000        42451         6.67
       3.147     0.875000        43702         8.00
       3.293     0.887500        44325         8.89
       3.471     0.900000        44953        10.00
       3.679     0.912500        45576        11.43
       3.923     0.925000        46201        13.33
       4.195     0.937500        46829        16.00
       4.343     0.943750        47136        17.78
       4.503     0.950000        47449        20.00
       4.691     0.956250        47763        22.86
       4.863     0.962500        48070        26.67
       5.111     0.968750        48383        32.00
       5.251     0.971875        48544        35.56
       5.403     0.975000        48694        40.00
       5.571     0.978125        48852        45.71
       5.747     0.981250        49006        53.33
       5.955     0.984375        49164        64.00
       6.111     0.985938        49240        71.11
       6.251     0.987500        49318        80.00
       6.459     0.989062        49397        91.43
       6.695     0.990625        49474       106.67
       6.975     0.992188        49552       128.00
       7.163     0.992969        49592       142.22
       7.375     0.993750        49630       160.00
       7.643     0.994531        49670       182.86
       7.879     0.995313        49708       213.33
       8.223     0.996094        49748       256.00
       8.431     0.996484        49767       284.44
       8.599     0.996875        49786       320.00
       8.887     0.997266        49806       365.71
       9.135     0.997656        49825       426.67
       9.479     0.998047        49845       512.00
       9.607     0.998242        49857       568.89
       9.815     0.998437        49865       640.00
       9.959     0.998633        49874       731.43
      10.231     0.998828        49884       853.33
      10.487     0.999023        49894      1024.00
      10.591     0.999121        49899      1137.78
      10.647     0.999219        49903      1280.00
      10.831     0.999316        49908      1462.86
      10.967     0.999414        49913      1706.67
      11.127     0.999512        49918      2048.00
      11.247     0.999561        49921      2275.56
      11.335     0.999609        49923      2560.00
      11.407     0.999658        49925      2925.71
      11.655     0.999707        49928      3413.33
      11.863     0.999756        49931      4096.00
      11.991     0.999780        49932      4551.11
      12.079     0.999805        49933      5120.00
      12.143     0.999829        49934      5851.43
      12.303     0.999854        49935      6826.67
      12.359     0.999878        49936      8192.00
      12.367     0.999890        49937      9102.22
      12.503     0.999902        49938     10240.00
      12.503     0.999915        49938     11702.86
      12.575     0.999927        49939     13653.33
      12.575     0.999939        49939     16384.00
      12.879     0.999945        49940     18204.44
      12.879     0.999951        49940     20480.00
      12.879     0.999957        49940     23405.71
      12.903     0.999963        49941     27306.67
      12.903     0.999969        49941     32768.00
      12.903     0.999973        49941     36408.89
      12.903     0.999976        49941     40960.00
      12.903     0.999979        49941     46811.43
      13.479     0.999982        49942     54613.33
      13.479     1.000000        49942          inf
#[Mean    =        1.870, StdDeviation   =        1.295]
#[Max     =       13.472, Total count    =        49942]
#[Buckets =           27, SubBuckets     =         2048]
----------------------------------------------------------
  49945 requests in 10.00s, 8.34MB read
Requests/sec:   4995.07
Transfer/sec:    853.65KB
