Running 10s test @ http://localhost
  2 threads and 10 connections
  Thread Stats   Avg      Stdev     Max   +/- Stdev
    Latency     2.13ms    6.33ms 206.46ms   98.08%
    Req/Sec       -nan      -nan   0.00      0.00%
  Latency Distribution (HdrHistogram - Recorded Latency)
 50.000%    1.39ms
 75.000%    2.06ms
 90.000%    3.14ms
 99.000%   12.69ms
 99.900%  126.78ms
 99.990%  198.65ms
 99.999%  206.59ms
100.000%  206.59ms

  Detailed Percentile spectrum:
       Value   Percentile   TotalCount 1/(1-Percentile)

       0.132     0.000000            1         1.00
       0.661     0.100000         4999         1.11
       0.858     0.200000        10000         1.25
       1.045     0.300000        15000         1.43
       1.220     0.400000        20001         1.67
       1.394     0.500000        24987         2.00
       1.484     0.550000        27472         2.22
       1.587     0.600000        29979         2.50
       1.717     0.650000        32479         2.86
       1.881     0.700000        34965         3.33
       2.061     0.750000        37467         4.00
       2.157     0.775000        38711         4.44
       2.263     0.800000        39958         5.00
       2.389     0.825000        41216         5.71
       2.541     0.850000        42462         6.67
       2.765     0.875000        43711         8.00
       2.923     0.887500        44331         8.89
       3.139     0.900000        44954        10.00
       3.397     0.912500        45577        11.43
       3.759     0.925000        46204        13.33
       4.183     0.937500        46828        16.00
       4.491     0.943750        47140        17.78
       4.807     0.950000        47454        20.00
       5.191     0.956250        47764        22.86
       5.667     0.962500        48074        26.67
       6.279     0.968750        48387        32.00
       6.743     0.971875        48543        35.56
       7.215     0.975000        48699        40.00
       7.815     0.978125        48855        45.71
       8.583     0.981250        49012        53.33
       9.799     0.984375        49168        64.00
      10.447     0.985938        49245        71.11
      11.215     0.987500        49325        80.00
      12.111     0.989062        49401        91.43
      13.031     0.990625        49480       106.67
      14.119     0.992188        49559       128.00
      14.631     0.992969        49596       142.22
      15.447     0.993750        49637       160.00
      16.095     0.994531        49674       182.86
      17.295     0.995313        49713       213.33
      18.799     0.996094        49752       256.00
      19.967     0.996484        49772       284.44
      21.679     0.996875        49791       320.00
      26.655     0.997266        49811       365.71
      29.711     0.997656        49830       426.67
      53.567     0.998047        49850       512.00
      69.311     0.998242        49860       568.89
      82.495     0.998437        49869       640.00
      98.047     0.998633        49879       731.43
     113.983     0.998828        49889       853.33
     129.919     0.999023        49899      1024.00
     137.599     0.999121        49904      1137.78
     143.871     0.999219        49908      1280.00
     151.935     0.999316        49913      1462.86
     159.871     0.999414        49918      1706.67
     167.679     0.999512        49923      2048.00
     172.543     0.999561        49926      2275.56
     175.615     0.999609        49928      2560.00
     178.943     0.999658        49930      2925.71
     183.807     0.999707        49933      3413.33
     187.135     0.999756        49935      4096.00
     190.335     0.999780        49937      4551.11
     191.999     0.999805        49938      5120.00
     193.535     0.999829        49939      5851.43
     195.327     0.999854        49940      6826.67
     196.991     0.999878        49941      8192.00
     198.655     0.999890        49942      9102.22
     200.063     0.999902        49943     10240.00
     200.063     0.999915        49943     11702.86
     201.727     0.999927        49944     13653.33
     201.727     0.999939        49944     16384.00
     203.391     0.999945        49945     18204.44
     203.391     0.999951        49945     20480.00
     203.391     0.999957        49945     23405.71
     204.927     0.999963        49946     27306.67
     204.927     0.999969        49946     32768.00
     204.927     0.999973        49946     36408.89
     204.927     0.999976        49946     40960.00
     204.927     0.999979        49946     46811.43
     206.591     0.999982        49947     54613.33
     206.591     1.000000        49947          inf
#[Mean    =        2.126, StdDeviation   =        6.328]
#[Max     =      206.464, Total count    =        49947]
#[Buckets =           27, SubBuckets     =         2048]
----------------------------------------------------------
  49952 requests in 10.00s, 8.34MB read
Requests/sec:   4994.73
Transfer/sec:    853.59KB
