Running 10s test @ http://localhost
  2 threads and 10 connections
  Thread Stats   Avg      Stdev     Max   +/- Stdev
    Latency     1.40ms    1.12ms  19.92ms   96.78%
    Req/Sec       -nan      -nan   0.00      0.00%
  Latency Distribution (HdrHistogram - Recorded Latency)
 50.000%    1.23ms
 75.000%    1.74ms
 90.000%    2.12ms
 99.000%    5.86ms
 99.900%   15.08ms
 99.990%   18.14ms
 99.999%   19.93ms
100.000%   19.93ms

  Detailed Percentile spectrum:
       Value   Percentile   TotalCount 1/(1-Percentile)

       0.135     0.000000            1         1.00
       0.607     0.100000         5003         1.11
       0.798     0.200000        10015         1.25
       0.943     0.300000        15004         1.43
       1.080     0.400000        20018         1.67
       1.229     0.500000        24984         2.00
       1.314     0.550000        27490         2.22
       1.407     0.600000        29988         2.50
       1.507     0.650000        32486         2.86
       1.619     0.700000        34971         3.33
       1.740     0.750000        37470         4.00
       1.800     0.775000        38717         4.44
       1.858     0.800000        39964         5.00
       1.915     0.825000        41226         5.71
       1.978     0.850000        42478         6.67
       2.041     0.875000        43729         8.00
       2.077     0.887500        44357         8.89
       2.115     0.900000        44981        10.00
       2.159     0.912500        45605        11.43
       2.207     0.925000        46219        13.33
       2.263     0.937500        46844        16.00
       2.295     0.943750        47148        17.78
       2.333     0.950000        47456        20.00
       2.377     0.956250        47780        22.86
       2.421     0.962500        48081        26.67
       2.481     0.968750        48394        32.00
       2.519     0.971875        48555        35.56
       2.567     0.975000        48708        40.00
       2.629     0.978125        48859        45.71
       2.733     0.981250        49017        53.33
       2.941     0.984375        49171        64.00
       3.213     0.985938        49249        71.11
       3.941     0.987500        49328        80.00
       5.035     0.989062        49405        91.43
       6.343     0.990625        49484       106.67
       7.471     0.992188        49562       128.00
       8.127     0.992969        49600       142.22
       8.863     0.993750        49639       160.00
       9.551     0.994531        49678       182.86
      10.199     0.995313        49717       213.33
      11.007     0.996094        49756       256.00
      11.335     0.996484        49776       284.44
      11.631     0.996875        49795       320.00
      12.111     0.997266        49815       365.71
      12.487     0.997656        49834       426.67
      12.983     0.998047        49854       512.00
      13.471     0.998242        49864       568.89
      13.743     0.998437        49874       640.00
      14.047     0.998633        49883       731.43
      14.711     0.998828        49893       853.33
      15.207     0.999023        49903      1024.00
      15.359     0.999121        49908      1137.78
      15.519     0.999219        49912      1280.00
      15.727     0.999316        49917      1462.86
      16.335     0.999414        49922      1706.67
      16.799     0.999512        49927      2048.00
      16.895     0.999561        49930      2275.56
      16.975     0.999609        49932      2560.00
      17.023     0.999658        49934      2925.71
      17.151     0.999707        49937      3413.33
      17.263     0.999756        49939      4096.00
      17.567     0.999780        49941      4551.11
      17.583     0.999805        49942      5120.00
      17.647     0.999829        49943      5851.43
      17.839     0.999854        49944      6826.67
      18.143     0.999878        49946      8192.00
      18.143     0.999890        49946      9102.22
      18.207     0.999902        49948     10240.00
      18.207     0.999915        49948     11702.86
      18.207     0.999927        49948     13653.33
      18.207     0.999939        49948     16384.00
      18.335     0.999945        49949     18204.44
      18.335     0.999951        49949     20480.00
      18.335     0.999957        49949     23405.71
      18.479     0.999963        49950     27306.67
      18.479     0.999969        49950     32768.00
      18.479     0.999973        49950     36408.89
      18.479     0.999976        49950     40960.00
      18.479     0.999979        49950     46811.43
      19.935     0.999982        49951     54613.33
      19.935     1.000000        49951          inf
#[Mean    =        1.398, StdDeviation   =        1.120]
#[Max     =       19.920, Total count    =        49951]
#[Buckets =           27, SubBuckets     =         2048]
----------------------------------------------------------
  49956 requests in 10.00s, 8.34MB read
Requests/sec:   4994.99
Transfer/sec:    853.64KB
