Running 10s test @ http://localhost
  2 threads and 10 connections
  Thread Stats   Avg      Stdev     Max   +/- Stdev
    Latency     1.31ms  617.48us  12.10ms   73.70%
    Req/Sec       -nan      -nan   0.00      0.00%
  Latency Distribution (HdrHistogram - Recorded Latency)
 50.000%    1.22ms
 75.000%    1.65ms
 90.000%    2.07ms
 99.000%    2.90ms
 99.900%    6.65ms
 99.990%    9.60ms
 99.999%   12.11ms
100.000%   12.11ms

  Detailed Percentile spectrum:
       Value   Percentile   TotalCount 1/(1-Percentile)

       0.147     0.000000            1         1.00
       0.654     0.100000         4998         1.11
       0.826     0.200000         9998         1.25
       0.966     0.300000        15025         1.43
       1.090     0.400000        19987         1.67
       1.219     0.500000        24979         2.00
       1.289     0.550000        27476         2.22
       1.364     0.600000        29996         2.50
       1.445     0.650000        32484         2.86
       1.540     0.700000        34964         3.33
       1.649     0.750000        37462         4.00
       1.706     0.775000        38717         4.44
       1.770     0.800000        39968         5.00
       1.839     0.825000        41209         5.71
       1.908     0.850000        42472         6.67
       1.989     0.875000        43719         8.00
       2.027     0.887500        44334         8.89
       2.071     0.900000        44978        10.00
       2.115     0.912500        45581        11.43
       2.167     0.925000        46219        13.33
       2.223     0.937500        46851        16.00
       2.255     0.943750        47147        17.78
       2.291     0.950000        47466        20.00
       2.329     0.956250        47768        22.86
       2.375     0.962500        48082        26.67
       2.429     0.968750        48389        32.00
       2.461     0.971875        48545        35.56
       2.501     0.975000        48703        40.00
       2.543     0.978125        48856        45.71
       2.599     0.981250        49016        53.33
       2.659     0.984375        49168        64.00
       2.711     0.985938        49251        71.11
       2.781     0.987500        49325        80.00
       2.849     0.989062        49403        91.43
       2.929     0.990625        49481       106.67
       3.055     0.992188        49558       128.00
       3.143     0.992969        49597       142.22
       3.253     0.993750        49638       160.00
       3.391     0.994531        49676       182.86
       3.573     0.995313        49715       213.33
       3.789     0.996094        49753       256.00
       3.939     0.996484        49773       284.44
       4.255     0.996875        49792       320.00
       4.527     0.997266        49812       365.71
       4.763     0.997656        49831       426.67
       5.271     0.998047        49852       512.00
       5.455     0.998242        49861       568.89
       5.831     0.998437        49871       640.00
       6.003     0.998633        49880       731.43
       6.331     0.998828        49890       853.33
       6.795     0.999023        49900      1024.00
       6.999     0.999121        49905      1137.78
       7.151     0.999219        49909      1280.00
       7.575     0.999316        49914      1462.86
       7.663     0.999414        49919      1706.67
       7.803     0.999512        49924      2048.00
       7.971     0.999561        49927      2275.56
       8.055     0.999609        49929      2560.00
       8.215     0.999658        49931      2925.71
       8.863     0.999707        49934      3413.33
       9.159     0.999756        49936      4096.00
       9.255     0.999780        49938      4551.11
       9.295     0.999805        49939      5120.00
       9.367     0.999829        49940      5851.43
       9.383     0.999854        49941      6826.67
       9.431     0.999878        49942      8192.00
       9.599     0.999890        49943      9102.22
      10.191     0.999902        49944     10240.00
      10.191     0.999915        49944     11702.86
      10.655     0.999927        49945     13653.33
      10.655     0.999939        49945     16384.00
      10.887     0.999945        49946     18204.44
      10.887     0.999951        49946     20480.00
      10.887     0.999957        49946     23405.71
      11.863     0.999963        49947     27306.67
      11.863     0.999969        49947     32768.00
      11.863     0.999973        49947     36408.89
      11.863     0.999976        49947     40960.00
      11.863     0.999979        49947     46811.43
      12.111     0.999982        49948     54613.33
      12.111     1.000000        49948          inf
#[Mean    =        1.313, StdDeviation   =        0.617]
#[Max     =       12.104, Total count    =        49948]
#[Buckets =           27, SubBuckets     =         2048]
----------------------------------------------------------
  49950 requests in 10.00s, 8.34MB read
Requests/sec:   4994.50
Transfer/sec:    853.55KB
