Running 10s test @ http://localhost
  2 threads and 10 connections
  Thread Stats   Avg      Stdev     Max   +/- Stdev
    Latency     1.36ms  706.62us  15.42ms   77.52%
    Req/Sec       -nan      -nan   0.00      0.00%
  Latency Distribution (HdrHistogram - Recorded Latency)
 50.000%    1.28ms
 75.000%    1.73ms
 90.000%    2.12ms
 99.000%    3.15ms
 99.900%    8.34ms
 99.990%   12.63ms
 99.999%   15.42ms
100.000%   15.42ms

  Detailed Percentile spectrum:
       Value   Percentile   TotalCount 1/(1-Percentile)

       0.127     0.000000            1         1.00
       0.635     0.100000         4999         1.11
       0.811     0.200000         9999         1.25
       0.967     0.300000        14984         1.43
       1.119     0.400000        20005         1.67
       1.278     0.500000        24997         2.00
       1.358     0.550000        27473         2.22
       1.446     0.600000        29993         2.50
       1.538     0.650000        32470         2.86
       1.632     0.700000        34965         3.33
       1.734     0.750000        37487         4.00
       1.786     0.775000        38713         4.44
       1.843     0.800000        39959         5.00
       1.901     0.825000        41214         5.71
       1.963     0.850000        42471         6.67
       2.034     0.875000        43702         8.00
       2.077     0.887500        44335         8.89
       2.119     0.900000        44965        10.00
       2.167     0.912500        45591        11.43
       2.215     0.925000        46203        13.33
       2.271     0.937500        46844        16.00
       2.307     0.943750        47141        17.78
       2.345     0.950000        47451        20.00
       2.387     0.956250        47758        22.86
       2.443     0.962500        48075        26.67
       2.507     0.968750        48389        32.00
       2.551     0.971875        48541        35.56
       2.597     0.975000        48699        40.00
       2.653     0.978125        48858        45.71
       2.723     0.981250        49008        53.33
       2.821     0.984375        49164        64.00
       2.889     0.985938        49241        71.11
       2.975     0.987500        49319        80.00
       3.069     0.989062        49397        91.43
       3.199     0.990625        49476       106.67
       3.391     0.992188        49553       128.00
       3.557     0.992969        49592       142.22
       3.785     0.993750        49631       160.00
       4.053     0.994531        49670       182.86
       4.527     0.995313        49709       213.33
       4.967     0.996094        49748       256.00
       5.311     0.996484        49768       284.44
       5.539     0.996875        49787       320.00
       5.783     0.997266        49807       365.71
       6.355     0.997656        49827       426.67
       6.795     0.998047        49846       512.00
       7.003     0.998242        49856       568.89
       7.311     0.998437        49865       640.00
       7.711     0.998633        49875       731.43
       8.115     0.998828        49885       853.33
       8.399     0.999023        49896      1024.00
       8.495     0.999121        49901      1137.78
       8.671     0.999219        49904      1280.00
       8.799     0.999316        49909      1462.86
       9.703     0.999414        49914      1706.67
      10.015     0.999512        49919      2048.00
      10.503     0.999561        49922      2275.56
      10.927     0.999609        49924      2560.00
      11.167     0.999658        49926      2925.71
      11.279     0.999707        49929      3413.33
      11.575     0.999756        49931      4096.00
      11.839     0.999780        49933      4551.11
      11.887     0.999805        49934      5120.00
      12.207     0.999829        49935      5851.43
      12.583     0.999854        49936      6826.67
      12.607     0.999878        49937      8192.00
      12.631     0.999890        49939      9102.22
      12.631     0.999902        49939     10240.00
      12.631     0.999915        49939     11702.86
      13.239     0.999927        49940     13653.33
      13.239     0.999939        49940     16384.00
      13.831     0.999945        49941     18204.44
      13.831     0.999951        49941     20480.00
      13.831     0.999957        49941     23405.71
      14.383     0.999963        49942     27306.67
      14.383     0.999969        49942     32768.00
      14.383     0.999973        49942     36408.89
      14.383     0.999976        49942     40960.00
      14.383     0.999979        49942     46811.43
      15.423     0.999982        49943     54613.33
      15.423     1.000000        49943          inf
#[Mean    =        1.362, StdDeviation   =        0.707]
#[Max     =       15.416, Total count    =        49943]
#[Buckets =           27, SubBuckets     =         2048]
----------------------------------------------------------
  49945 requests in 10.00s, 8.34MB read
Requests/sec:   4994.06
Transfer/sec:    853.48KB
