Running 10s test @ http://localhost
  2 threads and 10 connections
  Thread Stats   Avg      Stdev     Max   +/- Stdev
    Latency     1.76ms    1.33ms  17.73ms   88.08%
    Req/Sec       -nan      -nan   0.00      0.00%
  Latency Distribution (HdrHistogram - Recorded Latency)
 50.000%    1.43ms
 75.000%    2.04ms
 90.000%    3.21ms
 99.000%    6.73ms
 99.900%   13.38ms
 99.990%   16.61ms
 99.999%   17.74ms
100.000%   17.74ms

  Detailed Percentile spectrum:
       Value   Percentile   TotalCount 1/(1-Percentile)

       0.170     0.000000            1         1.00
       0.705     0.100000         5011         1.11
       0.875     0.200000         9994         1.25
       1.050     0.300000        15003         1.43
       1.239     0.400000        20002         1.67
       1.435     0.500000        24989         2.00
       1.529     0.550000        27485         2.22
       1.634     0.600000        29988         2.50
       1.750     0.650000        32481         2.86
       1.877     0.700000        34978         3.33
       2.038     0.750000        37457         4.00
       2.141     0.775000        38725         4.44
       2.277     0.800000        39960         5.00
       2.441     0.825000        41211         5.71
       2.635     0.850000        42456         6.67
       2.891     0.875000        43703         8.00
       3.033     0.887500        44326         8.89
       3.213     0.900000        44953        10.00
       3.401     0.912500        45574        11.43
       3.635     0.925000        46204        13.33
       3.925     0.937500        46822        16.00
       4.093     0.943750        47138        17.78
       4.295     0.950000        47450        20.00
       4.503     0.956250        47764        22.86
       4.699     0.962500        48070        26.67
       4.927     0.968750        48383        32.00
       5.059     0.971875        48542        35.56
       5.191     0.975000        48694        40.00
       5.383     0.978125        48851        45.71
       5.627     0.981250        49006        53.33
       5.903     0.984375        49162        64.00
       6.095     0.985938        49242        71.11
       6.315     0.987500        49320        80.00
       6.551     0.989062        49396        91.43
       6.855     0.990625        49475       106.67
       7.311     0.992188        49552       128.00
       7.647     0.992969        49592       142.22
       7.955     0.993750        49630       160.00
       8.351     0.994531        49669       182.86
       8.839     0.995313        49708       213.33
       9.455     0.996094        49747       256.00
       9.759     0.996484        49768       284.44
      10.039     0.996875        49787       320.00
      10.503     0.997266        49806       365.71
      11.031     0.997656        49825       426.67
      11.599     0.998047        49845       512.00
      11.975     0.998242        49855       568.89
      12.311     0.998437        49864       640.00
      12.687     0.998633        49874       731.43
      13.055     0.998828        49884       853.33
      13.391     0.999023        49894      1024.00
      13.711     0.999121        49899      1137.78
      13.839     0.999219        49903      1280.00
      14.151     0.999316        49908      1462.86
      14.567     0.999414        49913      1706.67
      14.943     0.999512        49918      2048.00
      15.279     0.999561        49921      2275.56
      15.311     0.999609        49923      2560.00
      15.327     0.999658        49925      2925.71
      15.735     0.999707        49928      3413.33
      15.959     0.999756        49930      4096.00
      16.415     0.999780        49932      4551.11
      16.463     0.999805        49933      5120.00
      16.479     0.999829        49934      5851.43
      16.559     0.999854        49935      6826.67
      16.575     0.999878        49936      8192.00
      16.607     0.999890        49937      9102.22
      16.639     0.999902        49938     10240.00
      16.639     0.999915        49938     11702.86
      16.671     0.999927        49939     13653.33
      16.671     0.999939        49939     16384.00
      17.439     0.999945        49940     18204.44
      17.439     0.999951        49940     20480.00
      17.439     0.999957        49940     23405.71
      17.599     0.999963        49941     27306.67
      17.599     0.999969        49941     32768.00
      17.599     0.999973        49941     36408.89
      17.599     0.999976        49941     40960.00
      17.599     0.999979        49941     46811.43
      17.743     0.999982        49942     54613.33
      17.743     1.000000        49942          inf
#[Mean    =        1.764, StdDeviation   =        1.333]
#[Max     =       17.728, Total count    =        49942]
#[Buckets =           27, SubBuckets     =         2048]
----------------------------------------------------------
  49948 requests in 10.00s, 8.34MB read
Requests/sec:   4994.55
Transfer/sec:    853.56KB
