Running 10s test @ http://localhost
  2 threads and 10 connections
  Thread Stats   Avg      Stdev     Max   +/- Stdev
    Latency     1.38ms    1.16ms  23.47ms   96.74%
    Req/Sec       -nan      -nan   0.00      0.00%
  Latency Distribution (HdrHistogram - Recorded Latency)
 50.000%    1.21ms
 75.000%    1.68ms
 90.000%    2.08ms
 99.000%    5.83ms
 99.900%   16.19ms
 99.990%   22.32ms
 99.999%   23.49ms
100.000%   23.49ms

  Detailed Percentile spectrum:
       Value   Percentile   TotalCount 1/(1-Percentile)

       0.131     0.000000            1         1.00
       0.621     0.100000         5015         1.11
       0.773     0.200000        10016         1.25
       0.907     0.300000        15008         1.43
       1.050     0.400000        20003         1.67
       1.206     0.500000        24993         2.00
       1.291     0.550000        27497         2.22
       1.378     0.600000        29986         2.50
       1.468     0.650000        32485         2.86
       1.568     0.700000        34969         3.33
       1.677     0.750000        37466         4.00
       1.736     0.775000        38718         4.44
       1.794     0.800000        39967         5.00
       1.853     0.825000        41208         5.71
       1.914     0.850000        42457         6.67
       1.991     0.875000        43707         8.00
       2.032     0.887500        44329         8.89
       2.079     0.900000        44964        10.00
       2.131     0.912500        45597        11.43
       2.187     0.925000        46206        13.33
       2.259     0.937500        46828        16.00
       2.301     0.943750        47139        17.78
       2.353     0.950000        47453        20.00
       2.413     0.956250        47766        22.86
       2.473     0.962500        48076        26.67
       2.561     0.968750        48388        32.00
       2.639     0.971875        48549        35.56
       2.719     0.975000        48701        40.00
       2.847     0.978125        48856        45.71
       3.109     0.981250        49012        53.33
       3.553     0.984375        49168        64.00
       3.887     0.985938        49246        71.11
       4.559     0.987500        49324        80.00
       5.303     0.989062        49404        91.43
       6.251     0.990625        49480       106.67
       7.355     0.992188        49559       128.00
       7.903     0.992969        49597       142.22
       8.623     0.993750        49636       160.00
       9.263     0.994531        49675       182.86
      10.111     0.995313        49714       213.33
      10.919     0.996094        49753       256.00
      11.231     0.996484        49773       284.44
      11.591     0.996875        49792       320.00
      12.031     0.997266        49812       365.71
      12.679     0.997656        49831       426.67
      13.087     0.998047        49852       512.00
      13.423     0.998242        49862       568.89
      13.671     0.998437        49871       640.00
      14.607     0.998633        49880       731.43
      15.791     0.998828        49890       853.33
      16.295     0.999023        49900      1024.00
      16.783     0.999121        49905      1137.78
      17.247     0.999219        49909      1280.00
      17.599     0.999316        49914      1462.86
      17.775     0.999414        49919      1706.67
      18.959     0.999512        49924      2048.00
      19.359     0.999561        49927      2275.56
      19.535     0.999609        49929      2560.00
      19.727     0.999658        49931      2925.71
      20.175     0.999707        49934      3413.33
      20.735     0.999756        49936      4096.00
      21.439     0.999780        49938      4551.11
      21.487     0.999805        49939      5120.00
      21.743     0.999829        49940      5851.43
      22.063     0.999854        49942      6826.67
      22.063     0.999878        49942      8192.00
      22.319     0.999890        49943      9102.22
      22.383     0.999902        49944     10240.00
      22.383     0.999915        49944     11702.86
      22.559     0.999927        49945     13653.33
      22.559     0.999939        49945     16384.00
      23.103     0.999945        49946     18204.44
      23.103     0.999951        49946     20480.00
      23.103     0.999957        49946     23405.71
      23.199     0.999963        49947     27306.67
      23.199     0.999969        49947     32768.00
      23.199     0.999973        49947     36408.89
      23.199     0.999976        49947     40960.00
      23.199     0.999979        49947     46811.43
      23.487     0.999982        49948     54613.33
      23.487     1.000000        49948          inf
#[Mean    =        1.381, StdDeviation   =        1.163]
#[Max     =       23.472, Total count    =        49948]
#[Buckets =           27, SubBuckets     =         2048]
----------------------------------------------------------
  49950 requests in 10.00s, 8.34MB read
Requests/sec:   4994.59
Transfer/sec:    853.57KB
