Running 10s test @ http://localhost
  2 threads and 10 connections
  Thread Stats   Avg      Stdev     Max   +/- Stdev
    Latency     1.89ms    1.46ms  15.25ms   87.79%
    Req/Sec       -nan      -nan   0.00      0.00%
  Latency Distribution (HdrHistogram - Recorded Latency)
 50.000%    1.51ms
 75.000%    2.17ms
 90.000%    3.48ms
 99.000%    7.97ms
 99.900%   12.06ms
 99.990%   14.22ms
 99.999%   15.26ms
100.000%   15.26ms

  Detailed Percentile spectrum:
       Value   Percentile   TotalCount 1/(1-Percentile)

       0.141     0.000000            1         1.00
       0.701     0.100000         4998         1.11
       0.911     0.200000         9990         1.25
       1.101     0.300000        15000         1.43
       1.300     0.400000        19994         1.67
       1.508     0.500000        24983         2.00
       1.620     0.550000        27484         2.22
       1.738     0.600000        29967         2.50
       1.862     0.650000        32475         2.86
       1.996     0.700000        34957         3.33
       2.171     0.750000        37458         4.00
       2.277     0.775000        38703         4.44
       2.405     0.800000        39967         5.00
       2.569     0.825000        41216         5.71
       2.795     0.850000        42450         6.67
       3.093     0.875000        43702         8.00
       3.267     0.887500        44322         8.89
       3.477     0.900000        44945        10.00
       3.715     0.912500        45570        11.43
       4.013     0.925000        46197        13.33
       4.355     0.937500        46827        16.00
       4.575     0.943750        47135        17.78
       4.799     0.950000        47443        20.00
       5.043     0.956250        47754        22.86
       5.339     0.962500        48066        26.67
       5.691     0.968750        48378        32.00
       5.899     0.971875        48534        35.56
       6.119     0.975000        48691        40.00
       6.375     0.978125        48846        45.71
       6.719     0.981250        49002        53.33
       7.127     0.984375        49159        64.00
       7.331     0.985938        49237        71.11
       7.603     0.987500        49314        80.00
       7.807     0.989062        49393        91.43
       8.099     0.990625        49472       106.67
       8.479     0.992188        49548       128.00
       8.703     0.992969        49589       142.22
       8.847     0.993750        49626       160.00
       9.135     0.994531        49665       182.86
       9.415     0.995313        49704       213.33
       9.687     0.996094        49743       256.00
       9.919     0.996484        49764       284.44
      10.127     0.996875        49782       320.00
      10.375     0.997266        49802       365.71
      10.647     0.997656        49821       426.67
      11.015     0.998047        49842       512.00
      11.191     0.998242        49851       568.89
      11.399     0.998437        49860       640.00
      11.647     0.998633        49870       731.43
      11.871     0.998828        49880       853.33
      12.103     0.999023        49890      1024.00
      12.327     0.999121        49895      1137.78
      12.407     0.999219        49899      1280.00
      12.519     0.999316        49905      1462.86
      12.775     0.999414        49909      1706.67
      13.047     0.999512        49914      2048.00
      13.279     0.999561        49917      2275.56
      13.319     0.999609        49919      2560.00
      13.423     0.999658        49921      2925.71
      13.463     0.999707        49924      3413.33
      13.743     0.999756        49926      4096.00
      13.791     0.999780        49928      4551.11
      13.887     0.999805        49929      5120.00
      13.895     0.999829        49930      5851.43
      14.167     0.999854        49931      6826.67
      14.207     0.999878        49932      8192.00
      14.215     0.999890        49934      9102.22
      14.215     0.999902        49934     10240.00
      14.215     0.999915        49934     11702.86
      14.335     0.999927        49935     13653.33
      14.335     0.999939        49935     16384.00
      14.631     0.999945        49936     18204.44
      14.631     0.999951        49936     20480.00
      14.631     0.999957        49936     23405.71
      14.919     0.999963        49937     27306.67
      14.919     0.999969        49937     32768.00
      14.919     0.999973        49937     36408.89
      14.919     0.999976        49937     40960.00
      14.919     0.999979        49937     46811.43
      15.255     0.999982        49938     54613.33
      15.255     1.000000        49938          inf
#[Mean    =        1.886, StdDeviation   =        1.463]
#[Max     =       15.248, Total count    =        49938]
#[Buckets =           27, SubBuckets     =         2048]
----------------------------------------------------------
  49943 requests in 10.00s, 8.34MB read
Requests/sec:   4994.22
Transfer/sec:    853.50KB
