Running 10s test @ http://localhost
  2 threads and 10 connections
  Thread Stats   Avg      Stdev     Max   +/- Stdev
    Latency     1.91ms    1.89ms  23.47ms   92.28%
    Req/Sec       -nan      -nan   0.00      0.00%
  Latency Distribution (HdrHistogram - Recorded Latency)
 50.000%    1.45ms
 75.000%    2.08ms
 90.000%    3.30ms
 99.000%   11.27ms
 99.900%   18.56ms
 99.990%   22.21ms
 99.999%   23.49ms
100.000%   23.49ms

  Detailed Percentile spectrum:
       Value   Percentile   TotalCount 1/(1-Percentile)

       0.148     0.000000            1         1.00
       0.691     0.100000         5000         1.11
       0.889     0.200000         9989         1.25
       1.068     0.300000        14987         1.43
       1.251     0.400000        19982         1.67
       1.454     0.500000        24973         2.00
       1.558     0.550000        27465         2.22
       1.674     0.600000        29990         2.50
       1.789     0.650000        32456         2.86
       1.920     0.700000        34952         3.33
       2.077     0.750000        37471         4.00
       2.173     0.775000        38710         4.44
       2.293     0.800000        39950         5.00
       2.441     0.825000        41205         5.71
       2.637     0.850000        42447         6.67
       2.921     0.875000        43690         8.00
       3.103     0.887500        44313         8.89
       3.297     0.900000        44939        10.00
       3.551     0.912500        45560        11.43
       3.865     0.925000        46184        13.33
       4.299     0.937500        46812        16.00
       4.535     0.943750        47120        17.78
       4.811     0.950000        47437        20.00
       5.147     0.956250        47746        22.86
       5.619     0.962500        48057        26.67
       6.215     0.968750        48369        32.00
       6.595     0.971875        48524        35.56
       7.143     0.975000        48680        40.00
       7.687     0.978125        48837        45.71
       8.519     0.981250        48994        53.33
       9.311     0.984375        49148        64.00
       9.871     0.985938        49227        71.11
      10.367     0.987500        49305        80.00
      10.887     0.989062        49383        91.43
      11.511     0.990625        49462       106.67
      12.119     0.992188        49540       128.00
      12.455     0.992969        49577       142.22
      12.959     0.993750        49617       160.00
      13.423     0.994531        49655       182.86
      13.863     0.995313        49694       213.33
      14.607     0.996094        49734       256.00
      14.871     0.996484        49754       284.44
      15.135     0.996875        49773       320.00
      15.631     0.997266        49792       365.71
      16.191     0.997656        49811       426.67
      16.655     0.998047        49831       512.00
      17.071     0.998242        49841       568.89
      17.455     0.998437        49850       640.00
      17.999     0.998633        49860       731.43
      18.335     0.998828        49870       853.33
      18.911     0.999023        49880      1024.00
      19.183     0.999121        49885      1137.78
      19.455     0.999219        49891      1280.00
      19.487     0.999316        49894      1462.86
      19.791     0.999414        49899      1706.67
      20.319     0.999512        49904      2048.00
      20.415     0.999561        49907      2275.56
      20.623     0.999609        49909      2560.00
      20.847     0.999658        49911      2925.71
      21.007     0.999707        49914      3413.33
      21.167     0.999756        49916      4096.00
      21.311     0.999780        49918      4551.11
      21.375     0.999805        49919      5120.00
      21.743     0.999829        49920      5851.43
      21.759     0.999854        49921      6826.67
      22.143     0.999878        49922      8192.00
      22.207     0.999890        49923      9102.22
      22.527     0.999902        49924     10240.00
      22.527     0.999915        49924     11702.86
      22.655     0.999927        49925     13653.33
      22.655     0.999939        49925     16384.00
      23.103     0.999945        49927     18204.44
      23.103     0.999951        49927     20480.00
      23.103     0.999957        49927     23405.71
      23.103     0.999963        49927     27306.67
      23.103     0.999969        49927     32768.00
      23.103     0.999973        49927     36408.89
      23.103     0.999976        49927     40960.00
      23.103     0.999979        49927     46811.43
      23.487     0.999982        49928     54613.33
      23.487     1.000000        49928          inf
#[Mean    =        1.915, StdDeviation   =        1.892]
#[Max     =       23.472, Total count    =        49928]
#[Buckets =           27, SubBuckets     =         2048]
----------------------------------------------------------
  49933 requests in 10.00s, 8.33MB read
Requests/sec:   4993.28
Transfer/sec:    853.34KB
