Running 10s test @ http://localhost
  2 threads and 10 connections
  Thread Stats   Avg      Stdev     Max   +/- Stdev
    Latency     1.90ms    1.41ms  17.62ms   85.05%
    Req/Sec       -nan      -nan   0.00      0.00%
  Latency Distribution (HdrHistogram - Recorded Latency)
 50.000%    1.53ms
 75.000%    2.29ms
 90.000%    3.53ms
 99.000%    7.16ms
 99.900%   13.26ms
 99.990%   17.14ms
 99.999%   17.63ms
100.000%   17.63ms

  Detailed Percentile spectrum:
       Value   Percentile   TotalCount 1/(1-Percentile)

       0.133     0.000000            1         1.00
       0.672     0.100000         4998         1.11
       0.911     0.200000         9989         1.25
       1.117     0.300000        15006         1.43
       1.316     0.400000        19980         1.67
       1.535     0.500000        24974         2.00
       1.665     0.550000        27487         2.22
       1.812     0.600000        29965         2.50
       1.956     0.650000        32470         2.86
       2.113     0.700000        34970         3.33
       2.291     0.750000        37455         4.00
       2.399     0.775000        38706         4.44
       2.533     0.800000        39957         5.00
       2.689     0.825000        41207         5.71
       2.895     0.850000        42455         6.67
       3.161     0.875000        43699         8.00
       3.331     0.887500        44322         8.89
       3.527     0.900000        44946        10.00
       3.733     0.912500        45575        11.43
       3.965     0.925000        46195        13.33
       4.271     0.937500        46820        16.00
       4.443     0.943750        47136        17.78
       4.615     0.950000        47443        20.00
       4.799     0.956250        47755        22.86
       5.007     0.962500        48066        26.67
       5.279     0.968750        48377        32.00
       5.455     0.971875        48536        35.56
       5.627     0.975000        48689        40.00
       5.839     0.978125        48845        45.71
       6.043     0.981250        49004        53.33
       6.319     0.984375        49157        64.00
       6.531     0.985938        49235        71.11
       6.751     0.987500        49313        80.00
       7.003     0.989062        49391        91.43
       7.271     0.990625        49469       106.67
       7.615     0.992188        49547       128.00
       7.831     0.992969        49586       142.22
       8.003     0.993750        49625       160.00
       8.231     0.994531        49664       182.86
       8.583     0.995313        49703       213.33
       9.007     0.996094        49742       256.00
       9.303     0.996484        49762       284.44
       9.615     0.996875        49781       320.00
      10.079     0.997266        49802       365.71
      10.551     0.997656        49821       426.67
      10.935     0.998047        49840       512.00
      11.303     0.998242        49850       568.89
      11.687     0.998437        49859       640.00
      12.167     0.998633        49869       731.43
      12.935     0.998828        49879       853.33
      13.295     0.999023        49889      1024.00
      13.559     0.999121        49894      1137.78
      14.263     0.999219        49898      1280.00
      14.351     0.999316        49903      1462.86
      14.879     0.999414        49908      1706.67
      15.295     0.999512        49913      2048.00
      15.663     0.999561        49916      2275.56
      15.791     0.999609        49918      2560.00
      15.919     0.999658        49920      2925.71
      16.047     0.999707        49923      3413.33
      16.279     0.999756        49925      4096.00
      16.399     0.999780        49927      4551.11
      16.415     0.999805        49928      5120.00
      16.575     0.999829        49929      5851.43
      16.607     0.999854        49930      6826.67
      17.103     0.999878        49931      8192.00
      17.135     0.999890        49932      9102.22
      17.151     0.999902        49933     10240.00
      17.151     0.999915        49933     11702.86
      17.343     0.999927        49934     13653.33
      17.343     0.999939        49934     16384.00
      17.583     0.999945        49935     18204.44
      17.583     0.999951        49935     20480.00
      17.583     0.999957        49935     23405.71
      17.631     0.999963        49937     27306.67
      17.631     1.000000        49937          inf
#[Mean    =        1.898, StdDeviation   =        1.412]
#[Max     =       17.616, Total count    =        49937]
#[Buckets =           27, SubBuckets     =         2048]
----------------------------------------------------------
  49947 requests in 10.00s, 8.34MB read
Requests/sec:   4994.61
Transfer/sec:    853.57KB
