Running 10s test @ http://localhost
  2 threads and 10 connections
  Thread Stats   Avg      Stdev     Max   +/- Stdev
    Latency     1.62ms    1.16ms  18.43ms   86.39%
    Req/Sec       -nan      -nan   0.00      0.00%
  Latency Distribution (HdrHistogram - Recorded Latency)
 50.000%    1.37ms
 75.000%    1.95ms
 90.000%    2.72ms
 99.000%    5.90ms
 99.900%   11.77ms
 99.990%   18.03ms
 99.999%   18.45ms
100.000%   18.45ms

  Detailed Percentile spectrum:
       Value   Percentile   TotalCount 1/(1-Percentile)

       0.164     0.000000            1         1.00
       0.614     0.100000         4998         1.11
       0.833     0.200000        10004         1.25
       1.020     0.300000        15004         1.43
       1.196     0.400000        20012         1.67
       1.374     0.500000        24978         2.00
       1.465     0.550000        27473         2.22
       1.570     0.600000        29983         2.50
       1.694     0.650000        32483         2.86
       1.821     0.700000        34969         3.33
       1.953     0.750000        37478         4.00
       2.027     0.775000        38711         4.44
       2.111     0.800000        39958         5.00
       2.215     0.825000        41218         5.71
       2.339     0.850000        42456         6.67
       2.497     0.875000        43704         8.00
       2.597     0.887500        44330         8.89
       2.719     0.900000        44951        10.00
       2.887     0.912500        45579        11.43
       3.091     0.925000        46200        13.33
       3.371     0.937500        46827        16.00
       3.527     0.943750        47136        17.78
       3.707     0.950000        47451        20.00
       3.937     0.956250        47762        22.86
       4.171     0.962500        48073        26.67
       4.467     0.968750        48385        32.00
       4.591     0.971875        48548        35.56
       4.731     0.975000        48700        40.00
       4.903     0.978125        48854        45.71
       5.083     0.981250        49010        53.33
       5.303     0.984375        49166        64.00
       5.455     0.985938        49248        71.11
       5.567     0.987500        49321        80.00
       5.775     0.989062        49400        91.43
       5.995     0.990625        49477       106.67
       6.243     0.992188        49558       128.00
       6.395     0.992969        49594       142.22
       6.531     0.993750        49633       160.00
       6.791     0.994531        49672       182.86
       7.119     0.995313        49712       213.33
       7.639     0.996094        49751       256.00
       7.795     0.996484        49770       284.44
       8.303     0.996875        49789       320.00
       8.847     0.997266        49809       365.71
       9.295     0.997656        49828       426.67
       9.687     0.998047        49849       512.00
       9.935     0.998242        49859       568.89
      10.391     0.998437        49867       640.00
      10.839     0.998633        49878       731.43
      11.063     0.998828        49887       853.33
      11.871     0.999023        49897      1024.00
      12.223     0.999121        49903      1137.78
      12.415     0.999219        49906      1280.00
      12.863     0.999316        49911      1462.86
      13.367     0.999414        49916      1706.67
      13.903     0.999512        49922      2048.00
      14.391     0.999561        49924      2275.56
      14.711     0.999609        49927      2560.00
      14.839     0.999658        49928      2925.71
      15.071     0.999707        49931      3413.33
      16.095     0.999756        49933      4096.00
      16.495     0.999780        49935      4551.11
      16.559     0.999805        49936      5120.00
      16.799     0.999829        49937      5851.43
      17.423     0.999854        49938      6826.67
      17.551     0.999878        49939      8192.00
      18.031     0.999890        49941      9102.22
      18.031     0.999902        49941     10240.00
      18.031     0.999915        49941     11702.86
      18.095     0.999927        49942     13653.33
      18.095     0.999939        49942     16384.00
      18.319     0.999945        49943     18204.44
      18.319     0.999951        49943     20480.00
      18.319     0.999957        49943     23405.71
      18.415     0.999963        49944     27306.67
      18.415     0.999969        49944     32768.00
      18.415     0.999973        49944     36408.89
      18.415     0.999976        49944     40960.00
      18.415     0.999979        49944     46811.43
      18.447     0.999982        49945     54613.33
      18.447     1.000000        49945          inf
#[Mean    =        1.621, StdDeviation   =        1.158]
#[Max     =       18.432, Total count    =        49945]
#[Buckets =           27, SubBuckets     =         2048]
----------------------------------------------------------
  49950 requests in 10.00s, 8.34MB read
Requests/sec:   4994.62
Transfer/sec:    853.57KB
