Running 10s test @ http://localhost
  2 threads and 10 connections
  Thread Stats   Avg      Stdev     Max   +/- Stdev
    Latency     1.91ms    1.58ms  28.61ms   90.56%
    Req/Sec       -nan      -nan   0.00      0.00%
  Latency Distribution (HdrHistogram - Recorded Latency)
 50.000%    1.57ms
 75.000%    2.21ms
 90.000%    3.36ms
 99.000%    7.24ms
 99.900%   20.38ms
 99.990%   27.61ms
 99.999%   28.62ms
100.000%   28.62ms

  Detailed Percentile spectrum:
       Value   Percentile   TotalCount 1/(1-Percentile)

       0.105     0.000000            1         1.00
       0.739     0.100000         5001         1.11
       0.959     0.200000         9990         1.25
       1.151     0.300000        15006         1.43
       1.348     0.400000        19990         1.67
       1.568     0.500000        24971         2.00
       1.683     0.550000        27491         2.22
       1.802     0.600000        29970         2.50
       1.926     0.650000        32462         2.86
       2.061     0.700000        34991         3.33
       2.215     0.750000        37470         4.00
       2.307     0.775000        38708         4.44
       2.409     0.800000        39961         5.00
       2.545     0.825000        41201         5.71
       2.755     0.850000        42454         6.67
       3.029     0.875000        43701         8.00
       3.189     0.887500        44328         8.89
       3.359     0.900000        44945        10.00
       3.571     0.912500        45574        11.43
       3.813     0.925000        46193        13.33
       4.107     0.937500        46817        16.00
       4.287     0.943750        47130        17.78
       4.479     0.950000        47445        20.00
       4.687     0.956250        47763        22.86
       4.915     0.962500        48067        26.67
       5.179     0.968750        48382        32.00
       5.343     0.971875        48539        35.56
       5.539     0.975000        48690        40.00
       5.743     0.978125        48848        45.71
       5.943     0.981250        49004        53.33
       6.239     0.984375        49160        64.00
       6.427     0.985938        49237        71.11
       6.719     0.987500        49314        80.00
       7.015     0.989062        49392        91.43
       7.411     0.990625        49470       106.67
       8.155     0.992188        49548       128.00
       8.559     0.992969        49587       142.22
       9.079     0.993750        49628       160.00
       9.663     0.994531        49665       182.86
      10.383     0.995313        49704       213.33
      11.303     0.996094        49743       256.00
      11.991     0.996484        49763       284.44
      12.695     0.996875        49782       320.00
      13.407     0.997266        49803       365.71
      13.991     0.997656        49822       426.67
      14.799     0.998047        49841       512.00
      15.471     0.998242        49851       568.89
      16.335     0.998437        49860       640.00
      17.887     0.998633        49870       731.43
      19.135     0.998828        49880       853.33
      20.735     0.999023        49890      1024.00
      21.247     0.999121        49895      1137.78
      21.727     0.999219        49899      1280.00
      22.271     0.999316        49904      1462.86
      23.455     0.999414        49909      1706.67
      24.047     0.999512        49914      2048.00
      24.815     0.999561        49917      2275.56
      25.071     0.999609        49919      2560.00
      25.199     0.999658        49921      2925.71
      25.903     0.999707        49924      3413.33
      26.303     0.999756        49926      4096.00
      26.703     0.999780        49928      4551.11
      26.783     0.999805        49929      5120.00
      27.231     0.999829        49930      5851.43
      27.263     0.999854        49931      6826.67
      27.359     0.999878        49932      8192.00
      27.615     0.999890        49933      9102.22
      27.775     0.999902        49934     10240.00
      27.775     0.999915        49934     11702.86
      27.935     0.999927        49935     13653.33
      27.935     0.999939        49935     16384.00
      28.431     0.999945        49936     18204.44
      28.431     0.999951        49936     20480.00
      28.431     0.999957        49936     23405.71
      28.543     0.999963        49937     27306.67
      28.543     0.999969        49937     32768.00
      28.543     0.999973        49937     36408.89
      28.543     0.999976        49937     40960.00
      28.543     0.999979        49937     46811.43
      28.623     0.999982        49938     54613.33
      28.623     1.000000        49938          inf
#[Mean    =        1.911, StdDeviation   =        1.581]
#[Max     =       28.608, Total count    =        49938]
#[Buckets =           27, SubBuckets     =         2048]
----------------------------------------------------------
  49948 requests in 10.00s, 8.34MB read
Requests/sec:   4994.64
Transfer/sec:    853.58KB
