Running 10s test @ http://localhost
  2 threads and 10 connections
  Thread Stats   Avg      Stdev     Max   +/- Stdev
    Latency     1.78ms    1.23ms  12.57ms   82.92%
    Req/Sec       -nan      -nan   0.00      0.00%
  Latency Distribution (HdrHistogram - Recorded Latency)
 50.000%    1.49ms
 75.000%    2.16ms
 90.000%    3.27ms
 99.000%    6.34ms
 99.900%    9.78ms
 99.990%   11.99ms
 99.999%   12.57ms
100.000%   12.57ms

  Detailed Percentile spectrum:
       Value   Percentile   TotalCount 1/(1-Percentile)

       0.104     0.000000            1         1.00
       0.682     0.100000         5002         1.11
       0.874     0.200000         9995         1.25
       1.066     0.300000        14987         1.43
       1.268     0.400000        19981         1.67
       1.486     0.500000        24979         2.00
       1.598     0.550000        27474         2.22
       1.709     0.600000        29981         2.50
       1.836     0.650000        32480         2.86
       1.983     0.700000        34974         3.33
       2.161     0.750000        37478         4.00
       2.267     0.775000        38718         4.44
       2.395     0.800000        39973         5.00
       2.547     0.825000        41208         5.71
       2.737     0.850000        42458         6.67
       2.959     0.875000        43712         8.00
       3.105     0.887500        44334         8.89
       3.267     0.900000        44961        10.00
       3.451     0.912500        45581        11.43
       3.673     0.925000        46208        13.33
       3.937     0.937500        46832        16.00
       4.083     0.943750        47141        17.78
       4.239     0.950000        47451        20.00
       4.443     0.956250        47765        22.86
       4.647     0.962500        48075        26.67
       4.911     0.968750        48389        32.00
       5.027     0.971875        48546        35.56
       5.175     0.975000        48701        40.00
       5.343     0.978125        48859        45.71
       5.527     0.981250        49014        53.33
       5.771     0.984375        49169        64.00
       5.907     0.985938        49246        71.11
       6.075     0.987500        49324        80.00
       6.239     0.989062        49402        91.43
       6.455     0.990625        49480       106.67
       6.703     0.992188        49559       128.00
       6.815     0.992969        49597       142.22
       6.967     0.993750        49636       160.00
       7.131     0.994531        49675       182.86
       7.343     0.995313        49714       213.33
       7.579     0.996094        49753       256.00
       7.783     0.996484        49773       284.44
       7.959     0.996875        49792       320.00
       8.199     0.997266        49812       365.71
       8.431     0.997656        49832       426.67
       8.767     0.998047        49851       512.00
       8.935     0.998242        49861       568.89
       9.063     0.998437        49871       640.00
       9.311     0.998633        49880       731.43
       9.607     0.998828        49890       853.33
       9.903     0.999023        49900      1024.00
       9.983     0.999121        49906      1137.78
      10.135     0.999219        49909      1280.00
      10.439     0.999316        49914      1462.86
      10.527     0.999414        49919      1706.67
      10.687     0.999512        49924      2048.00
      10.823     0.999561        49927      2275.56
      10.903     0.999609        49929      2560.00
      10.991     0.999658        49931      2925.71
      11.055     0.999707        49934      3413.33
      11.159     0.999756        49936      4096.00
      11.543     0.999780        49938      4551.11
      11.615     0.999805        49939      5120.00
      11.855     0.999829        49940      5851.43
      11.863     0.999854        49941      6826.67
      11.871     0.999878        49942      8192.00
      11.991     0.999890        49943      9102.22
      12.063     0.999902        49944     10240.00
      12.063     0.999915        49944     11702.86
      12.071     0.999927        49945     13653.33
      12.071     0.999939        49945     16384.00
      12.503     0.999945        49946     18204.44
      12.503     0.999951        49946     20480.00
      12.503     0.999957        49946     23405.71
      12.567     0.999963        49947     27306.67
      12.567     0.999969        49947     32768.00
      12.567     0.999973        49947     36408.89
      12.567     0.999976        49947     40960.00
      12.567     0.999979        49947     46811.43
      12.575     0.999982        49948     54613.33
      12.575     1.000000        49948          inf
#[Mean    =        1.784, StdDeviation   =        1.226]
#[Max     =       12.568, Total count    =        49948]
#[Buckets =           27, SubBuckets     =         2048]
----------------------------------------------------------
  49955 requests in 10.00s, 8.34MB read
Requests/sec:   4994.90
Transfer/sec:    853.62KB
