Running 10s test @ http://localhost
  2 threads and 10 connections
  Thread Stats   Avg      Stdev     Max   +/- Stdev
    Latency     1.61ms    1.19ms  21.14ms   87.41%
    Req/Sec       -nan      -nan   0.00      0.00%
  Latency Distribution (HdrHistogram - Recorded Latency)
 50.000%    1.35ms
 75.000%    1.93ms
 90.000%    2.82ms
 99.000%    5.80ms
 99.900%   13.26ms
 99.990%   17.49ms
 99.999%   21.15ms
100.000%   21.15ms

  Detailed Percentile spectrum:
       Value   Percentile   TotalCount 1/(1-Percentile)

       0.145     0.000000            1         1.00
       0.600     0.100000         4996         1.11
       0.792     0.200000        10004         1.25
       0.973     0.300000        15004         1.43
       1.154     0.400000        19978         1.67
       1.353     0.500000        24980         2.00
       1.456     0.550000        27494         2.22
       1.557     0.600000        29971         2.50
       1.666     0.650000        32471         2.86
       1.783     0.700000        34974         3.33
       1.927     0.750000        37461         4.00
       2.014     0.775000        38711         4.44
       2.105     0.800000        39957         5.00
       2.223     0.825000        41205         5.71
       2.371     0.850000        42458         6.67
       2.555     0.875000        43711         8.00
       2.673     0.887500        44325         8.89
       2.817     0.900000        44954        10.00
       2.979     0.912500        45574        11.43
       3.183     0.925000        46200        13.33
       3.441     0.937500        46822        16.00
       3.597     0.943750        47133        17.78
       3.767     0.950000        47447        20.00
       3.963     0.956250        47759        22.86
       4.187     0.962500        48073        26.67
       4.435     0.968750        48389        32.00
       4.579     0.971875        48542        35.56
       4.719     0.975000        48695        40.00
       4.863     0.978125        48854        45.71
       5.051     0.981250        49006        53.33
       5.255     0.984375        49163        64.00
       5.367     0.985938        49240        71.11
       5.495     0.987500        49318        80.00
       5.671     0.989062        49398        91.43
       5.887     0.990625        49475       106.67
       6.167     0.992188        49553       128.00
       6.323     0.992969        49591       142.22
       6.511     0.993750        49631       160.00
       6.879     0.994531        49669       182.86
       7.191     0.995313        49708       213.33
       7.747     0.996094        49747       256.00
       8.131     0.996484        49767       284.44
       8.503     0.996875        49786       320.00
       8.903     0.997266        49806       365.71
       9.399     0.997656        49825       426.67
      10.207     0.998047        49845       512.00
      10.871     0.998242        49855       568.89
      11.463     0.998437        49864       640.00
      12.103     0.998633        49874       731.43
      12.855     0.998828        49884       853.33
      13.575     0.999023        49894      1024.00
      13.815     0.999121        49899      1137.78
      13.983     0.999219        49904      1280.00
      14.255     0.999316        49908      1462.86
      14.751     0.999414        49913      1706.67
      15.103     0.999512        49918      2048.00
      15.319     0.999561        49921      2275.56
      15.479     0.999609        49923      2560.00
      16.007     0.999658        49925      2925.71
      16.207     0.999707        49928      3413.33
      16.231     0.999756        49930      4096.00
      16.335     0.999780        49932      4551.11
      16.639     0.999805        49933      5120.00
      17.007     0.999829        49934      5851.43
      17.263     0.999854        49936      6826.67
      17.263     0.999878        49936      8192.00
      17.487     0.999890        49937      9102.22
      17.519     0.999902        49938     10240.00
      17.519     0.999915        49938     11702.86
      17.663     0.999927        49939     13653.33
      17.663     0.999939        49939     16384.00
      18.895     0.999945        49940     18204.44
      18.895     0.999951        49940     20480.00
      18.895     0.999957        49940     23405.71
      19.935     0.999963        49941     27306.67
      19.935     0.999969        49941     32768.00
      19.935     0.999973        49941     36408.89
      19.935     0.999976        49941     40960.00
      19.935     0.999979        49941     46811.43
      21.151     0.999982        49942     54613.33
      21.151     1.000000        49942          inf
#[Mean    =        1.609, StdDeviation   =        1.194]
#[Max     =       21.136, Total count    =        49942]
#[Buckets =           27, SubBuckets     =         2048]
----------------------------------------------------------
  49945 requests in 10.00s, 8.34MB read
Requests/sec:   4994.17
Transfer/sec:    853.50KB
