Running 10s test @ http://localhost
  2 threads and 10 connections
  Thread Stats   Avg      Stdev     Max   +/- Stdev
    Latency     1.88ms    1.46ms  16.64ms   87.02%
    Req/Sec       -nan      -nan   0.00      0.00%
  Latency Distribution (HdrHistogram - Recorded Latency)
 50.000%    1.52ms
 75.000%    2.22ms
 90.000%    3.43ms
 99.000%    7.59ms
 99.900%   13.92ms
 99.990%   16.19ms
 99.999%   16.66ms
100.000%   16.66ms

  Detailed Percentile spectrum:
       Value   Percentile   TotalCount 1/(1-Percentile)

       0.118     0.000000            1         1.00
       0.672     0.100000         5005         1.11
       0.895     0.200000         9992         1.25
       1.096     0.300000        14987         1.43
       1.308     0.400000        19990         1.67
       1.518     0.500000        24974         2.00
       1.633     0.550000        27475         2.22
       1.757     0.600000        29981         2.50
       1.889     0.650000        32466         2.86
       2.035     0.700000        34959         3.33
       2.219     0.750000        37458         4.00
       2.329     0.775000        38711         4.44
       2.463     0.800000        39959         5.00
       2.611     0.825000        41199         5.71
       2.819     0.850000        42460         6.67
       3.089     0.875000        43701         8.00
       3.261     0.887500        44321         8.89
       3.435     0.900000        44947        10.00
       3.665     0.912500        45569        11.43
       3.933     0.925000        46195        13.33
       4.211     0.937500        46817        16.00
       4.407     0.943750        47132        17.78
       4.587     0.950000        47442        20.00
       4.815     0.956250        47758        22.86
       5.055     0.962500        48066        26.67
       5.359     0.968750        48379        32.00
       5.535     0.971875        48534        35.56
       5.727     0.975000        48690        40.00
       5.947     0.978125        48851        45.71
       6.211     0.981250        49002        53.33
       6.579     0.984375        49158        64.00
       6.811     0.985938        49237        71.11
       7.095     0.987500        49314        80.00
       7.383     0.989062        49392        91.43
       7.743     0.990625        49471       106.67
       8.179     0.992188        49548       128.00
       8.415     0.992969        49587       142.22
       8.711     0.993750        49626       160.00
       9.127     0.994531        49665       182.86
       9.639     0.995313        49704       213.33
      10.247     0.996094        49743       256.00
      10.711     0.996484        49763       284.44
      11.055     0.996875        49782       320.00
      11.575     0.997266        49802       365.71
      12.031     0.997656        49821       426.67
      12.535     0.998047        49841       512.00
      12.959     0.998242        49852       568.89
      13.079     0.998437        49860       640.00
      13.319     0.998633        49871       731.43
      13.431     0.998828        49880       853.33
      13.935     0.999023        49890      1024.00
      14.215     0.999121        49895      1137.78
      14.263     0.999219        49899      1280.00
      14.583     0.999316        49904      1462.86
      14.679     0.999414        49909      1706.67
      14.967     0.999512        49914      2048.00
      15.023     0.999561        49917      2275.56
      15.311     0.999609        49919      2560.00
      15.503     0.999658        49921      2925.71
      15.607     0.999707        49924      3413.33
      15.695     0.999756        49926      4096.00
      15.799     0.999780        49928      4551.11
      15.831     0.999805        49929      5120.00
      15.903     0.999829        49930      5851.43
      15.935     0.999854        49931      6826.67
      16.039     0.999878        49932      8192.00
      16.191     0.999890        49933      9102.22
      16.311     0.999902        49934     10240.00
      16.311     0.999915        49934     11702.86
      16.495     0.999927        49935     13653.33
      16.495     0.999939        49935     16384.00
      16.527     0.999945        49936     18204.44
      16.527     0.999951        49936     20480.00
      16.527     0.999957        49936     23405.71
      16.591     0.999963        49937     27306.67
      16.591     0.999969        49937     32768.00
      16.591     0.999973        49937     36408.89
      16.591     0.999976        49937     40960.00
      16.591     0.999979        49937     46811.43
      16.655     0.999982        49938     54613.33
      16.655     1.000000        49938          inf
#[Mean    =        1.876, StdDeviation   =        1.461]
#[Max     =       16.640, Total count    =        49938]
#[Buckets =           27, SubBuckets     =         2048]
----------------------------------------------------------
  49944 requests in 10.00s, 8.34MB read
Requests/sec:   4993.50
Transfer/sec:    853.38KB
