Running 10s test @ http://localhost
  2 threads and 10 connections
  Thread Stats   Avg      Stdev     Max   +/- Stdev
    Latency     1.79ms    1.24ms  13.34ms   84.36%
    Req/Sec       -nan      -nan   0.00      0.00%
  Latency Distribution (HdrHistogram - Recorded Latency)
 50.000%    1.48ms
 75.000%    2.12ms
 90.000%    3.25ms
 99.000%    6.56ms
 99.900%   10.48ms
 99.990%   12.50ms
 99.999%   13.35ms
100.000%   13.35ms

  Detailed Percentile spectrum:
       Value   Percentile   TotalCount 1/(1-Percentile)

       0.098     0.000000            1         1.00
       0.712     0.100000         5006         1.11
       0.908     0.200000         9997         1.25
       1.091     0.300000        14995         1.43
       1.280     0.400000        19987         1.67
       1.483     0.500000        24979         2.00
       1.599     0.550000        27489         2.22
       1.710     0.600000        29975         2.50
       1.826     0.650000        32463         2.86
       1.957     0.700000        34966         3.33
       2.117     0.750000        37486         4.00
       2.211     0.775000        38707         4.44
       2.335     0.800000        39971         5.00
       2.481     0.825000        41204         5.71
       2.679     0.850000        42457         6.67
       2.937     0.875000        43702         8.00
       3.091     0.887500        44329         8.89
       3.247     0.900000        44949        10.00
       3.429     0.912500        45573        11.43
       3.647     0.925000        46201        13.33
       3.889     0.937500        46821        16.00
       4.041     0.943750        47133        17.78
       4.215     0.950000        47452        20.00
       4.407     0.956250        47758        22.86
       4.643     0.962500        48070        26.67
       4.903     0.968750        48381        32.00
       5.051     0.971875        48541        35.56
       5.203     0.975000        48693        40.00
       5.387     0.978125        48851        45.71
       5.579     0.981250        49007        53.33
       5.831     0.984375        49162        64.00
       6.003     0.985938        49239        71.11
       6.179     0.987500        49317        80.00
       6.399     0.989062        49395        91.43
       6.659     0.990625        49474       106.67
       6.971     0.992188        49552       128.00
       7.175     0.992969        49590       142.22
       7.415     0.993750        49630       160.00
       7.667     0.994531        49669       182.86
       7.907     0.995313        49707       213.33
       8.207     0.996094        49747       256.00
       8.407     0.996484        49766       284.44
       8.631     0.996875        49786       320.00
       8.927     0.997266        49806       365.71
       9.199     0.997656        49824       426.67
       9.623     0.998047        49844       512.00
       9.887     0.998242        49854       568.89
      10.055     0.998437        49864       640.00
      10.175     0.998633        49873       731.43
      10.327     0.998828        49884       853.33
      10.519     0.999023        49894      1024.00
      10.647     0.999121        49899      1137.78
      10.679     0.999219        49902      1280.00
      10.895     0.999316        49907      1462.86
      11.255     0.999414        49912      1706.67
      11.431     0.999512        49917      2048.00
      11.495     0.999561        49920      2275.56
      11.599     0.999609        49922      2560.00
      11.663     0.999658        49924      2925.71
      11.703     0.999707        49927      3413.33
      11.807     0.999756        49929      4096.00
      11.831     0.999780        49931      4551.11
      11.935     0.999805        49932      5120.00
      11.943     0.999829        49933      5851.43
      12.023     0.999854        49934      6826.67
      12.311     0.999878        49935      8192.00
      12.503     0.999890        49936      9102.22
      12.575     0.999902        49937     10240.00
      12.575     0.999915        49937     11702.86
      12.671     0.999927        49938     13653.33
      12.671     0.999939        49938     16384.00
      12.927     0.999945        49939     18204.44
      12.927     0.999951        49939     20480.00
      12.927     0.999957        49939     23405.71
      12.999     0.999963        49940     27306.67
      12.999     0.999969        49940     32768.00
      12.999     0.999973        49940     36408.89
      12.999     0.999976        49940     40960.00
      12.999     0.999979        49940     46811.43
      13.351     0.999982        49941     54613.33
      13.351     1.000000        49941          inf
#[Mean    =        1.790, StdDeviation   =        1.241]
#[Max     =       13.344, Total count    =        49941]
#[Buckets =           27, SubBuckets     =         2048]
----------------------------------------------------------
  49947 requests in 10.00s, 8.34MB read
Requests/sec:   4994.32
Transfer/sec:    853.52KB
