Running 10s test @ http://localhost
  2 threads and 10 connections
  Thread Stats   Avg      Stdev     Max   +/- Stdev
    Latency     1.77ms    1.43ms  23.71ms   89.07%
    Req/Sec       -nan      -nan   0.00      0.00%
  Latency Distribution (HdrHistogram - Recorded Latency)
 50.000%    1.45ms
 75.000%    2.12ms
 90.000%    3.22ms
 99.000%    6.64ms
 99.900%   16.58ms
 99.990%   22.17ms
 99.999%   23.73ms
100.000%   23.73ms

  Detailed Percentile spectrum:
       Value   Percentile   TotalCount 1/(1-Percentile)

       0.111     0.000000            1         1.00
       0.629     0.100000         5007         1.11
       0.838     0.200000        10009         1.25
       1.042     0.300000        14984         1.43
       1.241     0.400000        19976         1.67
       1.451     0.500000        24975         2.00
       1.561     0.550000        27479         2.22
       1.681     0.600000        29980         2.50
       1.809     0.650000        32462         2.86
       1.951     0.700000        34959         3.33
       2.117     0.750000        37468         4.00
       2.215     0.775000        38720         4.44
       2.327     0.800000        39962         5.00
       2.453     0.825000        41202         5.71
       2.619     0.850000        42452         6.67
       2.865     0.875000        43699         8.00
       3.027     0.887500        44323         8.89
       3.217     0.900000        44945        10.00
       3.429     0.912500        45571        11.43
       3.695     0.925000        46198        13.33
       3.951     0.937500        46818        16.00
       4.087     0.943750        47129        17.78
       4.235     0.950000        47444        20.00
       4.431     0.956250        47758        22.86
       4.643     0.962500        48076        26.67
       4.859     0.968750        48377        32.00
       5.015     0.971875        48533        35.56
       5.167     0.975000        48690        40.00
       5.359     0.978125        48846        45.71
       5.563     0.981250        49002        53.33
       5.823     0.984375        49158        64.00
       6.003     0.985938        49235        71.11
       6.195     0.987500        49314        80.00
       6.475     0.989062        49391        91.43
       6.791     0.990625        49469       106.67
       7.283     0.992188        49547       128.00
       7.571     0.992969        49586       142.22
       7.911     0.993750        49625       160.00
       8.399     0.994531        49664       182.86
       8.967     0.995313        49703       213.33
      10.143     0.996094        49742       256.00
      10.919     0.996484        49762       284.44
      11.463     0.996875        49781       320.00
      12.199     0.997266        49801       365.71
      12.935     0.997656        49820       426.67
      13.663     0.998047        49840       512.00
      14.215     0.998242        49850       568.89
      14.463     0.998437        49859       640.00
      15.191     0.998633        49869       731.43
      15.951     0.998828        49879       853.33
      16.703     0.999023        49889      1024.00
      17.103     0.999121        49894      1137.78
      17.311     0.999219        49898      1280.00
      17.663     0.999316        49903      1462.86
      18.271     0.999414        49908      1706.67
      18.863     0.999512        49913      2048.00
      18.943     0.999561        49916      2275.56
      19.583     0.999609        49918      2560.00
      19.823     0.999658        49920      2925.71
      20.239     0.999707        49923      3413.33
      20.863     0.999756        49925      4096.00
      21.135     0.999780        49927      4551.11
      21.439     0.999805        49928      5120.00
      21.759     0.999829        49929      5851.43
      21.855     0.999854        49930      6826.67
      22.095     0.999878        49931      8192.00
      22.175     0.999890        49932      9102.22
      22.671     0.999902        49933     10240.00
      22.671     0.999915        49933     11702.86
      22.767     0.999927        49934     13653.33
      22.767     0.999939        49934     16384.00
      22.815     0.999945        49935     18204.44
      22.815     0.999951        49935     20480.00
      22.815     0.999957        49935     23405.71
      23.087     0.999963        49936     27306.67
      23.087     0.999969        49936     32768.00
      23.087     0.999973        49936     36408.89
      23.087     0.999976        49936     40960.00
      23.087     0.999979        49936     46811.43
      23.727     0.999982        49937     54613.33
      23.727     1.000000        49937          inf
#[Mean    =        1.774, StdDeviation   =        1.432]
#[Max     =       23.712, Total count    =        49937]
#[Buckets =           27, SubBuckets     =         2048]
----------------------------------------------------------
  49946 requests in 10.00s, 8.34MB read
Requests/sec:   4994.62
Transfer/sec:    853.57KB
