Running 10s test @ http://localhost
  2 threads and 10 connections
  Thread Stats   Avg      Stdev     Max   +/- Stdev
    Latency     1.71ms    1.32ms  19.79ms   89.92%
    Req/Sec       -nan      -nan   0.00      0.00%
  Latency Distribution (HdrHistogram - Recorded Latency)
 50.000%    1.43ms
 75.000%    2.00ms
 90.000%    2.88ms
 99.000%    6.47ms
 99.900%   16.25ms
 99.990%   18.74ms
 99.999%   19.81ms
100.000%   19.81ms

  Detailed Percentile spectrum:
       Value   Percentile   TotalCount 1/(1-Percentile)

       0.143     0.000000            1         1.00
       0.677     0.100000         4996         1.11
       0.877     0.200000         9989         1.25
       1.058     0.300000        15003         1.43
       1.241     0.400000        19988         1.67
       1.435     0.500000        24987         2.00
       1.537     0.550000        27491         2.22
       1.642     0.600000        29967         2.50
       1.754     0.650000        32464         2.86
       1.871     0.700000        34970         3.33
       2.001     0.750000        37463         4.00
       2.073     0.775000        38713         4.44
       2.161     0.800000        39957         5.00
       2.265     0.825000        41212         5.71
       2.397     0.850000        42466         6.67
       2.585     0.875000        43705         8.00
       2.719     0.887500        44326         8.89
       2.883     0.900000        44950        10.00
       3.101     0.912500        45579        11.43
       3.337     0.925000        46199        13.33
       3.637     0.937500        46822        16.00
       3.803     0.943750        47135        17.78
       3.989     0.950000        47446        20.00
       4.207     0.956250        47761        22.86
       4.427     0.962500        48073        26.67
       4.679     0.968750        48384        32.00
       4.831     0.971875        48541        35.56
       4.995     0.975000        48698        40.00
       5.183     0.978125        48852        45.71
       5.395     0.981250        49007        53.33
       5.643     0.984375        49164        64.00
       5.831     0.985938        49242        71.11
       6.039     0.987500        49319        80.00
       6.307     0.989062        49398        91.43
       6.571     0.990625        49475       106.67
       6.963     0.992188        49553       128.00
       7.271     0.992969        49592       142.22
       7.599     0.993750        49631       160.00
       8.007     0.994531        49670       182.86
       8.463     0.995313        49709       213.33
       9.055     0.996094        49748       256.00
       9.591     0.996484        49768       284.44
       9.959     0.996875        49787       320.00
      10.775     0.997266        49807       365.71
      11.783     0.997656        49826       426.67
      13.367     0.998047        49846       512.00
      14.455     0.998242        49856       568.89
      15.199     0.998437        49865       640.00
      15.519     0.998633        49875       731.43
      15.951     0.998828        49886       853.33
      16.263     0.999023        49895      1024.00
      16.431     0.999121        49900      1137.78
      16.543     0.999219        49904      1280.00
      16.703     0.999316        49909      1462.86
      16.863     0.999414        49914      1706.67
      17.167     0.999512        49919      2048.00
      17.247     0.999561        49922      2275.56
      17.375     0.999609        49924      2560.00
      17.759     0.999658        49926      2925.71
      17.887     0.999707        49929      3413.33
      18.047     0.999756        49931      4096.00
      18.223     0.999780        49933      4551.11
      18.271     0.999805        49934      5120.00
      18.527     0.999829        49935      5851.43
      18.591     0.999854        49936      6826.67
      18.687     0.999878        49937      8192.00
      18.735     0.999890        49938      9102.22
      18.943     0.999902        49939     10240.00
      18.943     0.999915        49939     11702.86
      19.231     0.999927        49940     13653.33
      19.231     0.999939        49940     16384.00
      19.375     0.999945        49941     18204.44
      19.375     0.999951        49941     20480.00
      19.375     0.999957        49941     23405.71
      19.647     0.999963        49942     27306.67
      19.647     0.999969        49942     32768.00
      19.647     0.999973        49942     36408.89
      19.647     0.999976        49942     40960.00
      19.647     0.999979        49942     46811.43
      19.807     0.999982        49943     54613.33
      19.807     1.000000        49943          inf
#[Mean    =        1.712, StdDeviation   =        1.319]
#[Max     =       19.792, Total count    =        49943]
#[Buckets =           27, SubBuckets     =         2048]
----------------------------------------------------------
  49946 requests in 10.00s, 8.34MB read
Requests/sec:   4994.56
Transfer/sec:    853.56KB
