Running 10s test @ http://localhost
  2 threads and 10 connections
  Thread Stats   Avg      Stdev     Max   +/- Stdev
    Latency     1.78ms    1.24ms  15.13ms   83.55%
    Req/Sec       -nan      -nan   0.00      0.00%
  Latency Distribution (HdrHistogram - Recorded Latency)
 50.000%    1.50ms
 75.000%    2.14ms
 90.000%    3.18ms
 99.000%    6.22ms
 99.900%   11.87ms
 99.990%   13.94ms
 99.999%   15.14ms
100.000%   15.14ms

  Detailed Percentile spectrum:
       Value   Percentile   TotalCount 1/(1-Percentile)

       0.095     0.000000            1         1.00
       0.675     0.100000         5009         1.11
       0.899     0.200000        10006         1.25
       1.094     0.300000        15002         1.43
       1.289     0.400000        19997         1.67
       1.497     0.500000        24986         2.00
       1.609     0.550000        27484         2.22
       1.723     0.600000        29973         2.50
       1.844     0.650000        32483         2.86
       1.982     0.700000        34971         3.33
       2.143     0.750000        37477         4.00
       2.239     0.775000        38726         4.44
       2.343     0.800000        39972         5.00
       2.473     0.825000        41208         5.71
       2.635     0.850000        42464         6.67
       2.877     0.875000        43705         8.00
       3.025     0.887500        44330         8.89
       3.183     0.900000        44963        10.00
       3.347     0.912500        45576        11.43
       3.565     0.925000        46202        13.33
       3.817     0.937500        46824        16.00
       3.957     0.943750        47138        17.78
       4.119     0.950000        47452        20.00
       4.295     0.956250        47764        22.86
       4.515     0.962500        48073        26.67
       4.739     0.968750        48385        32.00
       4.871     0.971875        48544        35.56
       5.039     0.975000        48697        40.00
       5.195     0.978125        48854        45.71
       5.395     0.981250        49011        53.33
       5.611     0.984375        49165        64.00
       5.739     0.985938        49244        71.11
       5.935     0.987500        49321        80.00
       6.091     0.989062        49400        91.43
       6.323     0.990625        49477       106.67
       6.635     0.992188        49555       128.00
       6.811     0.992969        49595       142.22
       6.991     0.993750        49633       160.00
       7.259     0.994531        49672       182.86
       7.607     0.995313        49711       213.33
       8.147     0.996094        49750       256.00
       8.447     0.996484        49770       284.44
       8.799     0.996875        49790       320.00
       9.319     0.997266        49809       365.71
       9.951     0.997656        49828       426.67
      10.439     0.998047        49848       512.00
      10.783     0.998242        49858       568.89
      11.079     0.998437        49867       640.00
      11.375     0.998633        49877       731.43
      11.639     0.998828        49887       853.33
      11.951     0.999023        49897      1024.00
      12.119     0.999121        49902      1137.78
      12.271     0.999219        49906      1280.00
      12.399     0.999316        49911      1462.86
      12.575     0.999414        49916      1706.67
      12.807     0.999512        49921      2048.00
      12.823     0.999561        49924      2275.56
      12.967     0.999609        49926      2560.00
      13.071     0.999658        49928      2925.71
      13.247     0.999707        49931      3413.33
      13.351     0.999756        49933      4096.00
      13.551     0.999780        49935      4551.11
      13.695     0.999805        49936      5120.00
      13.767     0.999829        49937      5851.43
      13.887     0.999854        49938      6826.67
      13.935     0.999878        49940      8192.00
      13.935     0.999890        49940      9102.22
      13.999     0.999902        49941     10240.00
      13.999     0.999915        49941     11702.86
      14.327     0.999927        49942     13653.33
      14.327     0.999939        49942     16384.00
      14.751     0.999945        49943     18204.44
      14.751     0.999951        49943     20480.00
      14.751     0.999957        49943     23405.71
      14.879     0.999963        49944     27306.67
      14.879     0.999969        49944     32768.00
      14.879     0.999973        49944     36408.89
      14.879     0.999976        49944     40960.00
      14.879     0.999979        49944     46811.43
      15.135     0.999982        49945     54613.33
      15.135     1.000000        49945          inf
#[Mean    =        1.777, StdDeviation   =        1.235]
#[Max     =       15.128, Total count    =        49945]
#[Buckets =           27, SubBuckets     =         2048]
----------------------------------------------------------
  49951 requests in 10.00s, 8.34MB read
Requests/sec:   4994.65
Transfer/sec:    853.58KB
