Running 10s test @ http://localhost
  2 threads and 10 connections
  Thread Stats   Avg      Stdev     Max   +/- Stdev
    Latency     1.62ms    1.15ms  19.10ms   88.01%
    Req/Sec       -nan      -nan   0.00      0.00%
  Latency Distribution (HdrHistogram - Recorded Latency)
 50.000%    1.39ms
 75.000%    1.94ms
 90.000%    2.62ms
 99.000%    5.93ms
 99.900%   11.94ms
 99.990%   16.05ms
 99.999%   19.12ms
100.000%   19.12ms

  Detailed Percentile spectrum:
       Value   Percentile   TotalCount 1/(1-Percentile)

       0.129     0.000000            1         1.00
       0.645     0.100000         4997         1.11
       0.852     0.200000        10001         1.25
       1.046     0.300000        14989         1.43
       1.224     0.400000        19990         1.67
       1.387     0.500000        25011         2.00
       1.471     0.550000        27497         2.22
       1.565     0.600000        29992         2.50
       1.670     0.650000        32477         2.86
       1.797     0.700000        34982         3.33
       1.936     0.750000        37476         4.00
       2.017     0.775000        38728         4.44
       2.097     0.800000        39971         5.00
       2.189     0.825000        41216         5.71
       2.297     0.850000        42473         6.67
       2.431     0.875000        43717         8.00
       2.515     0.887500        44339         8.89
       2.623     0.900000        44962        10.00
       2.765     0.912500        45582        11.43
       2.999     0.925000        46207        13.33
       3.283     0.937500        46830        16.00
       3.455     0.943750        47142        17.78
       3.647     0.950000        47455        20.00
       3.869     0.956250        47767        22.86
       4.127     0.962500        48081        26.67
       4.423     0.968750        48391        32.00
       4.591     0.971875        48548        35.56
       4.759     0.975000        48703        40.00
       4.919     0.978125        48859        45.71
       5.115     0.981250        49015        53.33
       5.335     0.984375        49171        64.00
       5.475     0.985938        49250        71.11
       5.615     0.987500        49327        80.00
       5.791     0.989062        49406        91.43
       6.031     0.990625        49483       106.67
       6.391     0.992188        49562       128.00
       6.575     0.992969        49600       142.22
       6.935     0.993750        49639       160.00
       7.259     0.994531        49678       182.86
       7.603     0.995313        49717       213.33
       8.059     0.996094        49756       256.00
       8.335     0.996484        49776       284.44
       8.623     0.996875        49795       320.00
       8.959     0.997266        49815       365.71
       9.239     0.997656        49834       426.67
       9.783     0.998047        49854       512.00
      10.087     0.998242        49864       568.89
      10.439     0.998437        49873       640.00
      10.695     0.998633        49883       731.43
      11.463     0.998828        49893       853.33
      12.119     0.999023        49903      1024.00
      12.471     0.999121        49908      1137.78
      12.679     0.999219        49912      1280.00
      13.047     0.999316        49917      1462.86
      13.383     0.999414        49922      1706.67
      13.863     0.999512        49927      2048.00
      14.143     0.999561        49930      2275.56
      14.383     0.999609        49932      2560.00
      14.471     0.999658        49934      2925.71
      14.871     0.999707        49937      3413.33
      15.007     0.999756        49939      4096.00
      15.135     0.999780        49941      4551.11
      15.367     0.999805        49942      5120.00
      15.575     0.999829        49943      5851.43
      15.719     0.999854        49944      6826.67
      15.767     0.999878        49945      8192.00
      16.047     0.999890        49946      9102.22
      16.175     0.999902        49947     10240.00
      16.175     0.999915        49947     11702.86
      17.311     0.999927        49948     13653.33
      17.311     0.999939        49948     16384.00
      17.807     0.999945        49949     18204.44
      17.807     0.999951        49949     20480.00
      17.807     0.999957        49949     23405.71
      17.967     0.999963        49950     27306.67
      17.967     0.999969        49950     32768.00
      17.967     0.999973        49950     36408.89
      17.967     0.999976        49950     40960.00
      17.967     0.999979        49950     46811.43
      19.119     0.999982        49951     54613.33
      19.119     1.000000        49951          inf
#[Mean    =        1.623, StdDeviation   =        1.146]
#[Max     =       19.104, Total count    =        49951]
#[Buckets =           27, SubBuckets     =         2048]
----------------------------------------------------------
  49953 requests in 10.00s, 8.34MB read
Requests/sec:   4995.37
Transfer/sec:    853.70KB
