Running 10s test @ http://localhost
  2 threads and 10 connections
  Thread Stats   Avg      Stdev     Max   +/- Stdev
    Latency     1.70ms    1.16ms  12.02ms   82.98%
    Req/Sec       -nan      -nan   0.00      0.00%
  Latency Distribution (HdrHistogram - Recorded Latency)
 50.000%    1.43ms
 75.000%    2.06ms
 90.000%    2.98ms
 99.000%    6.21ms
 99.900%    9.34ms
 99.990%   11.30ms
 99.999%   12.02ms
100.000%   12.02ms

  Detailed Percentile spectrum:
       Value   Percentile   TotalCount 1/(1-Percentile)

       0.118     0.000000            1         1.00
       0.643     0.100000         4999         1.11
       0.863     0.200000         9998         1.25
       1.058     0.300000        14993         1.43
       1.240     0.400000        19984         1.67
       1.429     0.500000        24986         2.00
       1.540     0.550000        27491         2.22
       1.653     0.600000        29989         2.50
       1.778     0.650000        32473         2.86
       1.912     0.700000        34974         3.33
       2.061     0.750000        37482         4.00
       2.143     0.775000        38705         4.44
       2.235     0.800000        39956         5.00
       2.349     0.825000        41210         5.71
       2.489     0.850000        42462         6.67
       2.683     0.875000        43700         8.00
       2.819     0.887500        44326         8.89
       2.977     0.900000        44947        10.00
       3.163     0.912500        45578        11.43
       3.387     0.925000        46198        13.33
       3.639     0.937500        46820        16.00
       3.793     0.943750        47134        17.78
       3.977     0.950000        47445        20.00
       4.187     0.956250        47759        22.86
       4.419     0.962500        48069        26.67
       4.659     0.968750        48383        32.00
       4.807     0.971875        48539        35.56
       4.967     0.975000        48694        40.00
       5.171     0.978125        48853        45.71
       5.363     0.981250        49007        53.33
       5.575     0.984375        49163        64.00
       5.715     0.985938        49239        71.11
       5.887     0.987500        49317        80.00
       6.063     0.989062        49395        91.43
       6.295     0.990625        49473       106.67
       6.559     0.992188        49554       128.00
       6.703     0.992969        49590       142.22
       6.855     0.993750        49630       160.00
       7.059     0.994531        49669       182.86
       7.347     0.995313        49707       213.33
       7.691     0.996094        49747       256.00
       7.875     0.996484        49766       284.44
       8.115     0.996875        49785       320.00
       8.311     0.997266        49805       365.71
       8.479     0.997656        49824       426.67
       8.743     0.998047        49844       512.00
       8.887     0.998242        49858       568.89
       8.951     0.998437        49863       640.00
       9.079     0.998633        49873       731.43
       9.223     0.998828        49883       853.33
       9.423     0.999023        49893      1024.00
       9.687     0.999121        49898      1137.78
       9.823     0.999219        49904      1280.00
       9.855     0.999316        49907      1462.86
       9.903     0.999414        49912      1706.67
       9.991     0.999512        49917      2048.00
      10.111     0.999561        49920      2275.56
      10.143     0.999609        49922      2560.00
      10.199     0.999658        49924      2925.71
      10.391     0.999707        49927      3413.33
      10.439     0.999756        49930      4096.00
      10.463     0.999780        49931      4551.11
      10.775     0.999805        49932      5120.00
      10.927     0.999829        49933      5851.43
      10.983     0.999854        49934      6826.67
      11.279     0.999878        49935      8192.00
      11.303     0.999890        49936      9102.22
      11.503     0.999902        49937     10240.00
      11.503     0.999915        49937     11702.86
      11.519     0.999927        49938     13653.33
      11.519     0.999939        49938     16384.00
      11.791     0.999945        49939     18204.44
      11.791     0.999951        49939     20480.00
      11.791     0.999957        49939     23405.71
      11.991     0.999963        49940     27306.67
      11.991     0.999969        49940     32768.00
      11.991     0.999973        49940     36408.89
      11.991     0.999976        49940     40960.00
      11.991     0.999979        49940     46811.43
      12.023     0.999982        49941     54613.33
      12.023     1.000000        49941          inf
#[Mean    =        1.700, StdDeviation   =        1.162]
#[Max     =       12.016, Total count    =        49941]
#[Buckets =           27, SubBuckets     =         2048]
----------------------------------------------------------
  49947 requests in 10.00s, 8.34MB read
Requests/sec:   4994.50
Transfer/sec:    853.55KB
