Running 10s test @ http://localhost
  2 threads and 10 connections
  Thread Stats   Avg      Stdev     Max   +/- Stdev
    Latency     1.91ms    1.52ms  17.23ms   88.17%
    Req/Sec       -nan      -nan   0.00      0.00%
  Latency Distribution (HdrHistogram - Recorded Latency)
 50.000%    1.52ms
 75.000%    2.23ms
 90.000%    3.55ms
 99.000%    8.08ms
 99.900%   13.98ms
 99.990%   16.31ms
 99.999%   17.25ms
100.000%   17.25ms

  Detailed Percentile spectrum:
       Value   Percentile   TotalCount 1/(1-Percentile)

       0.129     0.000000            1         1.00
       0.681     0.100000         5007         1.11
       0.892     0.200000         9990         1.25
       1.100     0.300000        14997         1.43
       1.304     0.400000        19984         1.67
       1.519     0.500000        24982         2.00
       1.631     0.550000        27466         2.22
       1.749     0.600000        29970         2.50
       1.874     0.650000        32461         2.86
       2.033     0.700000        34970         3.33
       2.229     0.750000        37472         4.00
       2.345     0.775000        38702         4.44
       2.491     0.800000        39953         5.00
       2.667     0.825000        41200         5.71
       2.891     0.850000        42449         6.67
       3.173     0.875000        43692         8.00
       3.347     0.887500        44316         8.89
       3.545     0.900000        44944        10.00
       3.771     0.912500        45563        11.43
       4.035     0.925000        46191        13.33
       4.343     0.937500        46816        16.00
       4.539     0.943750        47127        17.78
       4.751     0.950000        47439        20.00
       4.999     0.956250        47748        22.86
       5.279     0.962500        48060        26.67
       5.615     0.968750        48376        32.00
       5.799     0.971875        48528        35.56
       6.019     0.975000        48685        40.00
       6.291     0.978125        48841        45.71
       6.599     0.981250        48997        53.33
       7.015     0.984375        49152        64.00
       7.251     0.985938        49231        71.11
       7.559     0.987500        49308        80.00
       7.875     0.989062        49386        91.43
       8.247     0.990625        49464       106.67
       8.775     0.992188        49542       128.00
       9.063     0.992969        49582       142.22
       9.343     0.993750        49620       160.00
       9.807     0.994531        49659       182.86
      10.151     0.995313        49699       213.33
      10.527     0.996094        49737       256.00
      10.759     0.996484        49757       284.44
      11.127     0.996875        49776       320.00
      11.455     0.997266        49796       365.71
      11.775     0.997656        49815       426.67
      12.215     0.998047        49835       512.00
      12.503     0.998242        49845       568.89
      13.119     0.998437        49854       640.00
      13.343     0.998633        49864       731.43
      13.711     0.998828        49874       853.33
      14.087     0.999023        49884      1024.00
      14.519     0.999121        49889      1137.78
      14.599     0.999219        49893      1280.00
      14.727     0.999316        49898      1462.86
      15.007     0.999414        49903      1706.67
      15.375     0.999512        49908      2048.00
      15.535     0.999561        49911      2275.56
      15.743     0.999609        49913      2560.00
      15.775     0.999658        49915      2925.71
      15.887     0.999707        49918      3413.33
      15.975     0.999756        49920      4096.00
      16.031     0.999780        49922      4551.11
      16.111     0.999805        49923      5120.00
      16.215     0.999829        49924      5851.43
      16.271     0.999854        49925      6826.67
      16.303     0.999878        49926      8192.00
      16.311     0.999890        49927      9102.22
      16.399     0.999902        49928     10240.00
      16.399     0.999915        49928     11702.86
      16.463     0.999927        49929     13653.33
      16.463     0.999939        49929     16384.00
      16.543     0.999945        49930     18204.44
      16.543     0.999951        49930     20480.00
      16.543     0.999957        49930     23405.71
      16.639     0.999963        49931     27306.67
      16.639     0.999969        49931     32768.00
      16.639     0.999973        49931     36408.89
      16.639     0.999976        49931     40960.00
      16.639     0.999979        49931     46811.43
      17.247     0.999982        49932     54613.33
      17.247     1.000000        49932          inf
#[Mean    =        1.906, StdDeviation   =        1.522]
#[Max     =       17.232, Total count    =        49932]
#[Buckets =           27, SubBuckets     =         2048]
----------------------------------------------------------
  49939 requests in 10.00s, 8.33MB read
Requests/sec:   4994.54
Transfer/sec:    853.56KB
