Running 10s test @ http://localhost
  2 threads and 10 connections
  Thread Stats   Avg      Stdev     Max   +/- Stdev
    Latency     1.80ms    1.51ms  26.32ms   90.88%
    Req/Sec       -nan      -nan   0.00      0.00%
  Latency Distribution (HdrHistogram - Recorded Latency)
 50.000%    1.47ms
 75.000%    2.08ms
 90.000%    3.10ms
 99.000%    7.11ms
 99.900%   20.37ms
 99.990%   25.36ms
 99.999%   26.33ms
100.000%   26.33ms

  Detailed Percentile spectrum:
       Value   Percentile   TotalCount 1/(1-Percentile)

       0.126     0.000000            1         1.00
       0.721     0.100000         5012         1.11
       0.920     0.200000         9994         1.25
       1.097     0.300000        15004         1.43
       1.277     0.400000        19978         1.67
       1.465     0.500000        24986         2.00
       1.568     0.550000        27481         2.22
       1.675     0.600000        29969         2.50
       1.799     0.650000        32469         2.86
       1.927     0.700000        34973         3.33
       2.075     0.750000        37486         4.00
       2.159     0.775000        38722         4.44
       2.267     0.800000        39957         5.00
       2.389     0.825000        41209         5.71
       2.539     0.850000        42460         6.67
       2.759     0.875000        43708         8.00
       2.903     0.887500        44325         8.89
       3.103     0.900000        44955        10.00
       3.341     0.912500        45577        11.43
       3.589     0.925000        46202        13.33
       3.919     0.937500        46822        16.00
       4.111     0.943750        47136        17.78
       4.299     0.950000        47449        20.00
       4.535     0.956250        47762        22.86
       4.767     0.962500        48072        26.67
       5.031     0.968750        48384        32.00
       5.183     0.971875        48541        35.56
       5.379     0.975000        48697        40.00
       5.575     0.978125        48853        45.71
       5.831     0.981250        49009        53.33
       6.167     0.984375        49164        64.00
       6.403     0.985938        49245        71.11
       6.619     0.987500        49320        80.00
       6.899     0.989062        49399        91.43
       7.347     0.990625        49475       106.67
       7.883     0.992188        49553       128.00
       8.223     0.992969        49593       142.22
       8.639     0.993750        49631       160.00
       9.167     0.994531        49672       182.86
       9.591     0.995313        49709       213.33
      10.223     0.996094        49748       256.00
      10.895     0.996484        49768       284.44
      11.487     0.996875        49787       320.00
      12.183     0.997266        49807       365.71
      13.071     0.997656        49826       426.67
      14.103     0.998047        49846       512.00
      14.623     0.998242        49856       568.89
      15.543     0.998437        49865       640.00
      16.815     0.998633        49875       731.43
      18.447     0.998828        49885       853.33
      20.703     0.999023        49895      1024.00
      21.647     0.999121        49900      1137.78
      21.839     0.999219        49904      1280.00
      22.543     0.999316        49909      1462.86
      23.039     0.999414        49915      1706.67
      23.391     0.999512        49919      2048.00
      23.855     0.999561        49922      2275.56
      23.967     0.999609        49924      2560.00
      24.047     0.999658        49926      2925.71
      24.463     0.999707        49929      3413.33
      24.543     0.999756        49931      4096.00
      24.799     0.999780        49933      4551.11
      24.847     0.999805        49935      5120.00
      24.847     0.999829        49935      5851.43
      24.895     0.999854        49936      6826.67
      25.279     0.999878        49937      8192.00
      25.359     0.999890        49938      9102.22
      25.375     0.999902        49939     10240.00
      25.375     0.999915        49939     11702.86
      25.439     0.999927        49940     13653.33
      25.439     0.999939        49940     16384.00
      25.711     0.999945        49941     18204.44
      25.711     0.999951        49941     20480.00
      25.711     0.999957        49941     23405.71
      26.207     0.999963        49942     27306.67
      26.207     0.999969        49942     32768.00
      26.207     0.999973        49942     36408.89
      26.207     0.999976        49942     40960.00
      26.207     0.999979        49942     46811.43
      26.335     0.999982        49943     54613.33
      26.335     1.000000        49943          inf
#[Mean    =        1.804, StdDeviation   =        1.509]
#[Max     =       26.320, Total count    =        49943]
#[Buckets =           27, SubBuckets     =         2048]
----------------------------------------------------------
  49951 requests in 10.00s, 8.34MB read
Requests/sec:   4994.94
Transfer/sec:    853.63KB
