Running 10s test @ http://localhost
  2 threads and 10 connections
  Thread Stats   Avg      Stdev     Max   +/- Stdev
    Latency     1.37ms  729.89us  13.91ms   80.89%
    Req/Sec       -nan      -nan   0.00      0.00%
  Latency Distribution (HdrHistogram - Recorded Latency)
 50.000%    1.25ms
 75.000%    1.75ms
 90.000%    2.12ms
 99.000%    3.37ms
 99.900%    8.82ms
 99.990%   12.51ms
 99.999%   13.92ms
100.000%   13.92ms

  Detailed Percentile spectrum:
       Value   Percentile   TotalCount 1/(1-Percentile)

       0.128     0.000000            1         1.00
       0.667     0.100000         5021         1.11
       0.831     0.200000         9994         1.25
       0.971     0.300000        15009         1.43
       1.104     0.400000        19994         1.67
       1.255     0.500000        24992         2.00
       1.340     0.550000        27495         2.22
       1.433     0.600000        29986         2.50
       1.536     0.650000        32474         2.86
       1.640     0.700000        34965         3.33
       1.748     0.750000        37476         4.00
       1.802     0.775000        38713         4.44
       1.857     0.800000        39975         5.00
       1.918     0.825000        41217         5.71
       1.980     0.850000        42457         6.67
       2.044     0.875000        43722         8.00
       2.079     0.887500        44353         8.89
       2.115     0.900000        44956        10.00
       2.157     0.912500        45590        11.43
       2.201     0.925000        46230        13.33
       2.253     0.937500        46837        16.00
       2.287     0.943750        47156        17.78
       2.323     0.950000        47464        20.00
       2.363     0.956250        47775        22.86
       2.415     0.962500        48080        26.67
       2.481     0.968750        48395        32.00
       2.523     0.971875        48557        35.56
       2.573     0.975000        48705        40.00
       2.635     0.978125        48859        45.71
       2.707     0.981250        49016        53.33
       2.829     0.984375        49169        64.00
       2.941     0.985938        49246        71.11
       3.085     0.987500        49324        80.00
       3.261     0.989062        49403        91.43
       3.465     0.990625        49481       106.67
       3.783     0.992188        49558       128.00
       4.059     0.992969        49597       142.22
       4.343     0.993750        49636       160.00
       4.731     0.994531        49675       182.86
       5.163     0.995313        49714       213.33
       5.671     0.996094        49753       256.00
       6.019     0.996484        49773       284.44
       6.443     0.996875        49792       320.00
       6.879     0.997266        49812       365.71
       7.067     0.997656        49831       426.67
       7.407     0.998047        49851       512.00
       7.667     0.998242        49861       568.89
       7.927     0.998437        49870       640.00
       8.295     0.998633        49880       731.43
       8.615     0.998828        49890       853.33
       8.959     0.999023        49900      1024.00
       9.279     0.999121        49905      1137.78
       9.535     0.999219        49909      1280.00
       9.591     0.999316        49914      1462.86
       9.855     0.999414        49919      1706.67
      10.159     0.999512        49924      2048.00
      10.327     0.999561        49927      2275.56
      10.583     0.999609        49929      2560.00
      10.791     0.999658        49931      2925.71
      10.991     0.999707        49934      3413.33
      11.047     0.999756        49936      4096.00
      11.175     0.999780        49938      4551.11
      11.223     0.999805        49939      5120.00
      11.503     0.999829        49940      5851.43
      12.231     0.999854        49942      6826.67
      12.231     0.999878        49942      8192.00
      12.511     0.999890        49943      9102.22
      12.751     0.999902        49944     10240.00
      12.751     0.999915        49944     11702.86
      13.023     0.999927        49945     13653.33
      13.023     0.999939        49945     16384.00
      13.175     0.999945        49946     18204.44
      13.175     0.999951        49946     20480.00
      13.175     0.999957        49946     23405.71
      13.863     0.999963        49947     27306.67
      13.863     0.999969        49947     32768.00
      13.863     0.999973        49947     36408.89
      13.863     0.999976        49947     40960.00
      13.863     0.999979        49947     46811.43
      13.919     0.999982        49948     54613.33
      13.919     1.000000        49948          inf
#[Mean    =        1.371, StdDeviation   =        0.730]
#[Max     =       13.912, Total count    =        49948]
#[Buckets =           27, SubBuckets     =         2048]
----------------------------------------------------------
  49954 requests in 10.00s, 8.34MB read
Requests/sec:   4994.67
Transfer/sec:    853.58KB
