Running 10s test @ http://localhost
  2 threads and 10 connections
  Thread Stats   Avg      Stdev     Max   +/- Stdev
    Latency     1.25ms  836.68us  14.46ms   89.05%
    Req/Sec       -nan      -nan   0.00      0.00%
  Latency Distribution (HdrHistogram - Recorded Latency)
 50.000%    1.10ms
 75.000%    1.60ms
 90.000%    2.01ms
 99.000%    3.16ms
 99.900%   11.67ms
 99.990%   13.37ms
 99.999%   14.47ms
100.000%   14.47ms

  Detailed Percentile spectrum:
       Value   Percentile   TotalCount 1/(1-Percentile)

       0.080     0.000000            1         1.00
       0.553     0.100000         4995         1.11
       0.692     0.200000        10017         1.25
       0.822     0.300000        15028         1.43
       0.952     0.400000        20012         1.67
       1.096     0.500000        24988         2.00
       1.178     0.550000        27475         2.22
       1.268     0.600000        29976         2.50
       1.368     0.650000        32469         2.86
       1.480     0.700000        34987         3.33
       1.600     0.750000        37470         4.00
       1.665     0.775000        38715         4.44
       1.727     0.800000        39982         5.00
       1.793     0.825000        41222         5.71
       1.859     0.850000        42460         6.67
       1.931     0.875000        43714         8.00
       1.970     0.887500        44341         8.89
       2.013     0.900000        44963        10.00
       2.059     0.912500        45581        11.43
       2.107     0.925000        46227        13.33
       2.161     0.937500        46834        16.00
       2.189     0.943750        47154        17.78
       2.221     0.950000        47475        20.00
       2.255     0.956250        47766        22.86
       2.295     0.962500        48078        26.67
       2.347     0.968750        48395        32.00
       2.379     0.971875        48552        35.56
       2.409     0.975000        48705        40.00
       2.457     0.978125        48864        45.71
       2.511     0.981250        49016        53.33
       2.593     0.984375        49172        64.00
       2.667     0.985938        49249        71.11
       2.817     0.987500        49327        80.00
       3.021     0.989062        49404        91.43
       3.287     0.990625        49482       106.67
       3.837     0.992188        49561       128.00
       4.399     0.992969        49599       142.22
       4.831     0.993750        49638       160.00
       5.263     0.994531        49677       182.86
       6.071     0.995313        49716       213.33
       7.275     0.996094        49755       256.00
       7.815     0.996484        49775       284.44
       8.543     0.996875        49794       320.00
       9.159     0.997266        49814       365.71
       9.631     0.997656        49834       426.67
      10.495     0.998047        49853       512.00
      10.719     0.998242        49863       568.89
      10.911     0.998437        49872       640.00
      11.151     0.998633        49882       731.43
      11.487     0.998828        49892       853.33
      11.695     0.999023        49902      1024.00
      11.903     0.999121        49908      1137.78
      11.991     0.999219        49911      1280.00
      12.031     0.999316        49916      1462.86
      12.151     0.999414        49921      1706.67
      12.287     0.999512        49927      2048.00
      12.399     0.999561        49929      2275.56
      12.447     0.999609        49931      2560.00
      12.503     0.999658        49933      2925.71
      12.679     0.999707        49936      3413.33
      12.807     0.999756        49938      4096.00
      12.951     0.999780        49940      4551.11
      13.007     0.999805        49941      5120.00
      13.031     0.999829        49943      5851.43
      13.031     0.999854        49943      6826.67
      13.239     0.999878        49944      8192.00
      13.367     0.999890        49945      9102.22
      13.535     0.999902        49946     10240.00
      13.535     0.999915        49946     11702.86
      13.687     0.999927        49947     13653.33
      13.687     0.999939        49947     16384.00
      13.711     0.999945        49948     18204.44
      13.711     0.999951        49948     20480.00
      13.711     0.999957        49948     23405.71
      13.815     0.999963        49949     27306.67
      13.815     0.999969        49949     32768.00
      13.815     0.999973        49949     36408.89
      13.815     0.999976        49949     40960.00
      13.815     0.999979        49949     46811.43
      14.471     0.999982        49950     54613.33
      14.471     1.000000        49950          inf
#[Mean    =        1.245, StdDeviation   =        0.837]
#[Max     =       14.464, Total count    =        49950]
#[Buckets =           27, SubBuckets     =         2048]
----------------------------------------------------------
  49956 requests in 10.00s, 8.34MB read
Requests/sec:   4994.72
Transfer/sec:    853.59KB
