Running 10s test @ http://localhost
  2 threads and 10 connections
  Thread Stats   Avg      Stdev     Max   +/- Stdev
    Latency     1.45ms  819.47us  17.25ms   85.01%
    Req/Sec       -nan      -nan   0.00      0.00%
  Latency Distribution (HdrHistogram - Recorded Latency)
 50.000%    1.35ms
 75.000%    1.86ms
 90.000%    2.18ms
 99.000%    3.24ms
 99.900%   11.81ms
 99.990%   16.02ms
 99.999%   17.26ms
100.000%   17.26ms

  Detailed Percentile spectrum:
       Value   Percentile   TotalCount 1/(1-Percentile)

       0.127     0.000000            1         1.00
       0.683     0.100000         4997         1.11
       0.903     0.200000        10011         1.25
       1.056     0.300000        15009         1.43
       1.194     0.400000        19986         1.67
       1.347     0.500000        24985         2.00
       1.439     0.550000        27478         2.22
       1.542     0.600000        29995         2.50
       1.646     0.650000        32479         2.86
       1.752     0.700000        34979         3.33
       1.856     0.750000        37483         4.00
       1.906     0.775000        38733         4.44
       1.955     0.800000        39966         5.00
       2.005     0.825000        41211         5.71
       2.057     0.850000        42489         6.67
       2.115     0.875000        43726         8.00
       2.145     0.887500        44335         8.89
       2.179     0.900000        44968        10.00
       2.215     0.912500        45599        11.43
       2.253     0.925000        46207        13.33
       2.301     0.937500        46842        16.00
       2.327     0.943750        47144        17.78
       2.357     0.950000        47460        20.00
       2.389     0.956250        47768        22.86
       2.427     0.962500        48078        26.67
       2.477     0.968750        48388        32.00
       2.509     0.971875        48548        35.56
       2.547     0.975000        48705        40.00
       2.593     0.978125        48857        45.71
       2.669     0.981250        49012        53.33
       2.787     0.984375        49170        64.00
       2.873     0.985938        49248        71.11
       2.995     0.987500        49325        80.00
       3.127     0.989062        49402        91.43
       3.341     0.990625        49479       106.67
       3.691     0.992188        49557       128.00
       3.917     0.992969        49596       142.22
       4.243     0.993750        49635       160.00
       4.963     0.994531        49674       182.86
       5.471     0.995313        49713       213.33
       6.231     0.996094        49752       256.00
       6.547     0.996484        49772       284.44
       7.187     0.996875        49791       320.00
       7.831     0.997266        49811       365.71
       8.639     0.997656        49830       426.67
       9.391     0.998047        49850       512.00
       9.815     0.998242        49860       568.89
      10.455     0.998437        49869       640.00
      10.879     0.998633        49880       731.43
      11.415     0.998828        49889       853.33
      11.855     0.999023        49900      1024.00
      12.151     0.999121        49904      1137.78
      12.263     0.999219        49908      1280.00
      12.471     0.999316        49913      1462.86
      13.207     0.999414        49918      1706.67
      13.335     0.999512        49923      2048.00
      13.591     0.999561        49926      2275.56
      13.895     0.999609        49928      2560.00
      14.031     0.999658        49930      2925.71
      14.495     0.999707        49933      3413.33
      14.831     0.999756        49935      4096.00
      15.023     0.999780        49937      4551.11
      15.071     0.999805        49938      5120.00
      15.527     0.999829        49939      5851.43
      15.983     0.999854        49941      6826.67
      15.983     0.999878        49941      8192.00
      16.023     0.999890        49942      9102.22
      16.335     0.999902        49943     10240.00
      16.335     0.999915        49943     11702.86
      16.607     0.999927        49944     13653.33
      16.607     0.999939        49944     16384.00
      16.783     0.999945        49945     18204.44
      16.783     0.999951        49945     20480.00
      16.783     0.999957        49945     23405.71
      16.863     0.999963        49946     27306.67
      16.863     0.999969        49946     32768.00
      16.863     0.999973        49946     36408.89
      16.863     0.999976        49946     40960.00
      16.863     0.999979        49946     46811.43
      17.263     0.999982        49947     54613.33
      17.263     1.000000        49947          inf
#[Mean    =        1.448, StdDeviation   =        0.819]
#[Max     =       17.248, Total count    =        49947]
#[Buckets =           27, SubBuckets     =         2048]
----------------------------------------------------------
  49950 requests in 10.00s, 8.34MB read
Requests/sec:   4994.64
Transfer/sec:    853.58KB
