Running 10s test @ http://localhost
  2 threads and 10 connections
  Thread Stats   Avg      Stdev     Max   +/- Stdev
    Latency     1.35ms  835.10us  15.14ms   83.13%
    Req/Sec       -nan      -nan   0.00      0.00%
  Latency Distribution (HdrHistogram - Recorded Latency)
 50.000%    1.25ms
 75.000%    1.72ms
 90.000%    2.15ms
 99.000%    3.87ms
 99.900%   10.30ms
 99.990%   14.03ms
 99.999%   15.14ms
100.000%   15.14ms

  Detailed Percentile spectrum:
       Value   Percentile   TotalCount 1/(1-Percentile)

       0.116     0.000000            2         1.00
       0.564     0.100000         5006         1.11
       0.748     0.200000        10025         1.25
       0.922     0.300000        14988         1.43
       1.085     0.400000        20007         1.67
       1.248     0.500000        25010         2.00
       1.330     0.550000        27492         2.22
       1.416     0.600000        29987         2.50
       1.508     0.650000        32485         2.86
       1.608     0.700000        34963         3.33
       1.724     0.750000        37463         4.00
       1.784     0.775000        38727         4.44
       1.845     0.800000        39963         5.00
       1.915     0.825000        41207         5.71
       1.991     0.850000        42468         6.67
       2.069     0.875000        43719         8.00
       2.109     0.887500        44348         8.89
       2.155     0.900000        44969        10.00
       2.205     0.912500        45595        11.43
       2.259     0.925000        46217        13.33
       2.323     0.937500        46837        16.00
       2.353     0.943750        47139        17.78
       2.393     0.950000        47455        20.00
       2.435     0.956250        47766        22.86
       2.491     0.962500        48075        26.67
       2.571     0.968750        48388        32.00
       2.623     0.971875        48543        35.56
       2.687     0.975000        48705        40.00
       2.761     0.978125        48858        45.71
       2.861     0.981250        49010        53.33
       3.031     0.984375        49166        64.00
       3.153     0.985938        49245        71.11
       3.355     0.987500        49323        80.00
       3.663     0.989062        49402        91.43
       4.021     0.990625        49478       106.67
       4.527     0.992188        49556       128.00
       4.887     0.992969        49595       142.22
       5.255     0.993750        49634       160.00
       5.647     0.994531        49673       182.86
       6.059     0.995313        49712       213.33
       6.763     0.996094        49751       256.00
       7.023     0.996484        49771       284.44
       7.307     0.996875        49790       320.00
       7.671     0.997266        49811       365.71
       8.067     0.997656        49829       426.67
       8.639     0.998047        49849       512.00
       8.943     0.998242        49859       568.89
       9.159     0.998437        49868       640.00
       9.415     0.998633        49878       731.43
       9.575     0.998828        49888       853.33
      10.343     0.999023        49898      1024.00
      10.591     0.999121        49903      1137.78
      10.855     0.999219        49907      1280.00
      11.199     0.999316        49912      1462.86
      11.759     0.999414        49917      1706.67
      12.039     0.999512        49922      2048.00
      12.295     0.999561        49925      2275.56
      12.543     0.999609        49927      2560.00
      12.871     0.999658        49929      2925.71
      13.215     0.999707        49932      3413.33
      13.375     0.999756        49934      4096.00
      13.479     0.999780        49936      4551.11
      13.655     0.999805        49937      5120.00
      13.695     0.999829        49938      5851.43
      13.847     0.999854        49939      6826.67
      13.983     0.999878        49940      8192.00
      14.031     0.999890        49941      9102.22
      14.135     0.999902        49942     10240.00
      14.135     0.999915        49942     11702.86
      14.183     0.999927        49943     13653.33
      14.183     0.999939        49943     16384.00
      14.447     0.999945        49944     18204.44
      14.447     0.999951        49944     20480.00
      14.447     0.999957        49944     23405.71
      15.039     0.999963        49945     27306.67
      15.039     0.999969        49945     32768.00
      15.039     0.999973        49945     36408.89
      15.039     0.999976        49945     40960.00
      15.039     0.999979        49945     46811.43
      15.143     0.999982        49946     54613.33
      15.143     1.000000        49946          inf
#[Mean    =        1.353, StdDeviation   =        0.835]
#[Max     =       15.136, Total count    =        49946]
#[Buckets =           27, SubBuckets     =         2048]
----------------------------------------------------------
  49950 requests in 10.00s, 8.34MB read
Requests/sec:   4995.23
Transfer/sec:    853.68KB
