Running 10s test @ http://localhost
  2 threads and 10 connections
  Thread Stats   Avg      Stdev     Max   +/- Stdev
    Latency     1.36ms  678.87us  13.22ms   76.60%
    Req/Sec       -nan      -nan   0.00      0.00%
  Latency Distribution (HdrHistogram - Recorded Latency)
 50.000%    1.27ms
 75.000%    1.74ms
 90.000%    2.11ms
 99.000%    2.90ms
 99.900%    8.98ms
 99.990%   12.06ms
 99.999%   13.22ms
100.000%   13.22ms

  Detailed Percentile spectrum:
       Value   Percentile   TotalCount 1/(1-Percentile)

       0.074     0.000000            1         1.00
       0.655     0.100000         4998         1.11
       0.832     0.200000        10004         1.25
       0.977     0.300000        14995         1.43
       1.119     0.400000        19992         1.67
       1.269     0.500000        24982         2.00
       1.353     0.550000        27470         2.22
       1.440     0.600000        29978         2.50
       1.534     0.650000        32483         2.86
       1.636     0.700000        34978         3.33
       1.740     0.750000        37483         4.00
       1.795     0.775000        38728         4.44
       1.851     0.800000        39973         5.00
       1.906     0.825000        41221         5.71
       1.967     0.850000        42480         6.67
       2.035     0.875000        43711         8.00
       2.073     0.887500        44350         8.89
       2.111     0.900000        44978        10.00
       2.151     0.912500        45589        11.43
       2.195     0.925000        46216        13.33
       2.247     0.937500        46831        16.00
       2.277     0.943750        47153        17.78
       2.309     0.950000        47464        20.00
       2.343     0.956250        47761        22.86
       2.383     0.962500        48077        26.67
       2.439     0.968750        48392        32.00
       2.467     0.971875        48547        35.56
       2.503     0.975000        48702        40.00
       2.541     0.978125        48854        45.71
       2.597     0.981250        49009        53.33
       2.663     0.984375        49167        64.00
       2.713     0.985938        49245        71.11
       2.767     0.987500        49323        80.00
       2.843     0.989062        49399        91.43
       2.957     0.990625        49477       106.67
       3.105     0.992188        49555       128.00
       3.233     0.992969        49594       142.22
       3.359     0.993750        49633       160.00
       3.509     0.994531        49672       182.86
       3.839     0.995313        49711       213.33
       4.351     0.996094        49750       256.00
       4.527     0.996484        49770       284.44
       4.695     0.996875        49789       320.00
       5.263     0.997266        49809       365.71
       5.707     0.997656        49828       426.67
       6.083     0.998047        49848       512.00
       6.339     0.998242        49858       568.89
       7.075     0.998437        49867       640.00
       7.499     0.998633        49877       731.43
       8.447     0.998828        49887       853.33
       9.031     0.999023        49897      1024.00
       9.247     0.999121        49902      1137.78
       9.679     0.999219        49906      1280.00
      10.047     0.999316        49911      1462.86
      10.255     0.999414        49916      1706.67
      10.527     0.999512        49921      2048.00
      10.719     0.999561        49924      2275.56
      10.935     0.999609        49926      2560.00
      11.111     0.999658        49929      2925.71
      11.343     0.999707        49932      3413.33
      11.351     0.999756        49933      4096.00
      11.567     0.999780        49935      4551.11
      11.599     0.999805        49936      5120.00
      11.823     0.999829        49937      5851.43
      11.847     0.999854        49938      6826.67
      11.943     0.999878        49939      8192.00
      12.063     0.999890        49940      9102.22
      12.119     0.999902        49941     10240.00
      12.119     0.999915        49941     11702.86
      12.239     0.999927        49942     13653.33
      12.239     0.999939        49942     16384.00
      12.343     0.999945        49943     18204.44
      12.343     0.999951        49943     20480.00
      12.343     0.999957        49943     23405.71
      12.351     0.999963        49944     27306.67
      12.351     0.999969        49944     32768.00
      12.351     0.999973        49944     36408.89
      12.351     0.999976        49944     40960.00
      12.351     0.999979        49944     46811.43
      13.223     0.999982        49945     54613.33
      13.223     1.000000        49945          inf
#[Mean    =        1.359, StdDeviation   =        0.679]
#[Max     =       13.216, Total count    =        49945]
#[Buckets =           27, SubBuckets     =         2048]
----------------------------------------------------------
  49954 requests in 10.00s, 8.34MB read
Requests/sec:   4995.19
Transfer/sec:    853.67KB
