Running 10s test @ http://localhost
  2 threads and 10 connections
  Thread Stats   Avg      Stdev     Max   +/- Stdev
    Latency     1.26ms  816.71us  14.97ms   88.10%
    Req/Sec       -nan      -nan   0.00      0.00%
  Latency Distribution (HdrHistogram - Recorded Latency)
 50.000%    1.15ms
 75.000%    1.57ms
 90.000%    1.98ms
 99.000%    3.46ms
 99.900%   11.33ms
 99.990%   14.02ms
 99.999%   14.98ms
100.000%   14.98ms

  Detailed Percentile spectrum:
       Value   Percentile   TotalCount 1/(1-Percentile)

       0.078     0.000000            1         1.00
       0.557     0.100000         4997         1.11
       0.702     0.200000        10003         1.25
       0.844     0.300000        15002         1.43
       0.999     0.400000        19982         1.67
       1.149     0.500000        24997         2.00
       1.228     0.550000        27506         2.22
       1.309     0.600000        29972         2.50
       1.395     0.650000        32489         2.86
       1.482     0.700000        34972         3.33
       1.574     0.750000        37463         4.00
       1.623     0.775000        38710         4.44
       1.679     0.800000        39983         5.00
       1.742     0.825000        41211         5.71
       1.813     0.850000        42458         6.67
       1.890     0.875000        43720         8.00
       1.934     0.887500        44335         8.89
       1.983     0.900000        44956        10.00
       2.040     0.912500        45578        11.43
       2.103     0.925000        46206        13.33
       2.175     0.937500        46828        16.00
       2.217     0.943750        47141        17.78
       2.267     0.950000        47464        20.00
       2.319     0.956250        47765        22.86
       2.381     0.962500        48074        26.67
       2.457     0.968750        48388        32.00
       2.497     0.971875        48543        35.56
       2.553     0.975000        48699        40.00
       2.623     0.978125        48855        45.71
       2.713     0.981250        49011        53.33
       2.863     0.984375        49166        64.00
       2.981     0.985938        49244        71.11
       3.161     0.987500        49322        80.00
       3.321     0.989062        49400        91.43
       3.559     0.990625        49478       106.67
       3.897     0.992188        49557       128.00
       4.159     0.992969        49595       142.22
       4.547     0.993750        49634       160.00
       4.959     0.994531        49673       182.86
       5.567     0.995313        49712       213.33
       6.459     0.996094        49751       256.00
       7.011     0.996484        49771       284.44
       7.595     0.996875        49790       320.00
       8.319     0.997266        49810       365.71
       8.943     0.997656        49829       426.67
       9.567     0.998047        49849       512.00
       9.815     0.998242        49859       568.89
      10.351     0.998437        49868       640.00
      10.639     0.998633        49878       731.43
      11.071     0.998828        49888       853.33
      11.455     0.999023        49898      1024.00
      11.935     0.999121        49903      1137.78
      12.063     0.999219        49907      1280.00
      12.159     0.999316        49912      1462.86
      12.463     0.999414        49917      1706.67
      12.703     0.999512        49922      2048.00
      12.879     0.999561        49925      2275.56
      12.991     0.999609        49927      2560.00
      13.239     0.999658        49929      2925.71
      13.335     0.999707        49932      3413.33
      13.431     0.999756        49934      4096.00
      13.519     0.999780        49936      4551.11
      13.575     0.999805        49937      5120.00
      13.807     0.999829        49938      5851.43
      13.887     0.999854        49939      6826.67
      13.999     0.999878        49940      8192.00
      14.015     0.999890        49941      9102.22
      14.063     0.999902        49942     10240.00
      14.063     0.999915        49942     11702.86
      14.167     0.999927        49943     13653.33
      14.167     0.999939        49943     16384.00
      14.215     0.999945        49944     18204.44
      14.215     0.999951        49944     20480.00
      14.215     0.999957        49944     23405.71
      14.335     0.999963        49945     27306.67
      14.335     0.999969        49945     32768.00
      14.335     0.999973        49945     36408.89
      14.335     0.999976        49945     40960.00
      14.335     0.999979        49945     46811.43
      14.975     0.999982        49946     54613.33
      14.975     1.000000        49946          inf
#[Mean    =        1.260, StdDeviation   =        0.817]
#[Max     =       14.968, Total count    =        49946]
#[Buckets =           27, SubBuckets     =         2048]
----------------------------------------------------------
  49951 requests in 10.00s, 8.34MB read
Requests/sec:   4995.09
Transfer/sec:    853.65KB
