Running 10s test @ http://localhost
  2 threads and 10 connections
  Thread Stats   Avg      Stdev     Max   +/- Stdev
    Latency     1.35ms  840.94us  13.91ms   87.74%
    Req/Sec       -nan      -nan   0.00      0.00%
  Latency Distribution (HdrHistogram - Recorded Latency)
 50.000%    1.22ms
 75.000%    1.71ms
 90.000%    2.12ms
 99.000%    3.45ms
 99.900%   11.50ms
 99.990%   13.06ms
 99.999%   13.92ms
100.000%   13.92ms

  Detailed Percentile spectrum:
       Value   Percentile   TotalCount 1/(1-Percentile)

       0.161     0.000000            1         1.00
       0.635     0.100000         5003         1.11
       0.795     0.200000        10010         1.25
       0.931     0.300000        15030         1.43
       1.066     0.400000        19981         1.67
       1.219     0.500000        24977         2.00
       1.303     0.550000        27493         2.22
       1.396     0.600000        29985         2.50
       1.493     0.650000        32474         2.86
       1.600     0.700000        34968         3.33
       1.711     0.750000        37468         4.00
       1.769     0.775000        38718         4.44
       1.830     0.800000        39961         5.00
       1.892     0.825000        41224         5.71
       1.958     0.850000        42468         6.67
       2.030     0.875000        43716         8.00
       2.075     0.887500        44338         8.89
       2.119     0.900000        44962        10.00
       2.165     0.912500        45588        11.43
       2.215     0.925000        46211        13.33
       2.275     0.937500        46839        16.00
       2.307     0.943750        47147        17.78
       2.343     0.950000        47458        20.00
       2.387     0.956250        47763        22.86
       2.441     0.962500        48085        26.67
       2.509     0.968750        48392        32.00
       2.557     0.971875        48549        35.56
       2.605     0.975000        48701        40.00
       2.673     0.978125        48855        45.71
       2.777     0.981250        49011        53.33
       2.917     0.984375        49165        64.00
       3.031     0.985938        49243        71.11
       3.169     0.987500        49321        80.00
       3.335     0.989062        49399        91.43
       3.561     0.990625        49477       106.67
       3.955     0.992188        49555       128.00
       4.159     0.992969        49594       142.22
       4.635     0.993750        49633       160.00
       5.311     0.994531        49672       182.86
       6.451     0.995313        49711       213.33
       7.471     0.996094        49750       256.00
       8.071     0.996484        49770       284.44
       8.559     0.996875        49790       320.00
       9.055     0.997266        49810       365.71
       9.591     0.997656        49828       426.67
      10.207     0.998047        49848       512.00
      10.511     0.998242        49858       568.89
      10.751     0.998437        49867       640.00
      11.063     0.998633        49877       731.43
      11.239     0.998828        49887       853.33
      11.655     0.999023        49897      1024.00
      11.759     0.999121        49902      1137.78
      11.871     0.999219        49906      1280.00
      12.079     0.999316        49911      1462.86
      12.199     0.999414        49917      1706.67
      12.295     0.999512        49921      2048.00
      12.359     0.999561        49924      2275.56
      12.415     0.999609        49926      2560.00
      12.615     0.999658        49928      2925.71
      12.703     0.999707        49931      3413.33
      12.783     0.999756        49933      4096.00
      12.823     0.999780        49936      4551.11
      12.823     0.999805        49936      5120.00
      12.935     0.999829        49937      5851.43
      12.983     0.999854        49938      6826.67
      13.031     0.999878        49939      8192.00
      13.063     0.999890        49940      9102.22
      13.135     0.999902        49941     10240.00
      13.135     0.999915        49941     11702.86
      13.655     0.999927        49942     13653.33
      13.655     0.999939        49942     16384.00
      13.735     0.999945        49943     18204.44
      13.735     0.999951        49943     20480.00
      13.735     0.999957        49943     23405.71
      13.759     0.999963        49944     27306.67
      13.759     0.999969        49944     32768.00
      13.759     0.999973        49944     36408.89
      13.759     0.999976        49944     40960.00
      13.759     0.999979        49944     46811.43
      13.919     0.999982        49945     54613.33
      13.919     1.000000        49945          inf
#[Mean    =        1.355, StdDeviation   =        0.841]
#[Max     =       13.912, Total count    =        49945]
#[Buckets =           27, SubBuckets     =         2048]
----------------------------------------------------------
  49947 requests in 10.00s, 8.34MB read
Requests/sec:   4994.49
Transfer/sec:    853.55KB
