Running 10s test @ http://localhost
  2 threads and 10 connections
  Thread Stats   Avg      Stdev     Max   +/- Stdev
    Latency     1.23ms    0.93ms  16.10ms   93.92%
    Req/Sec       -nan      -nan   0.00      0.00%
  Latency Distribution (HdrHistogram - Recorded Latency)
 50.000%    1.11ms
 75.000%    1.53ms
 90.000%    1.92ms
 99.000%    3.61ms
 99.900%   12.58ms
 99.990%   14.93ms
 99.999%   16.11ms
100.000%   16.11ms

  Detailed Percentile spectrum:
       Value   Percentile   TotalCount 1/(1-Percentile)

       0.120     0.000000            1         1.00
       0.513     0.100000         5004         1.11
       0.668     0.200000        10024         1.25
       0.811     0.300000        15006         1.43
       0.956     0.400000        19996         1.67
       1.111     0.500000        24986         2.00
       1.186     0.550000        27496         2.22
       1.263     0.600000        29973         2.50
       1.347     0.650000        32491         2.86
       1.435     0.700000        34985         3.33
       1.531     0.750000        37471         4.00
       1.585     0.775000        38712         4.44
       1.639     0.800000        39975         5.00
       1.701     0.825000        41221         5.71
       1.768     0.850000        42464         6.67
       1.844     0.875000        43721         8.00
       1.882     0.887500        44334         8.89
       1.924     0.900000        44956        10.00
       1.972     0.912500        45595        11.43
       2.026     0.925000        46206        13.33
       2.087     0.937500        46838        16.00
       2.123     0.943750        47155        17.78
       2.163     0.950000        47453        20.00
       2.207     0.956250        47765        22.86
       2.257     0.962500        48087        26.67
       2.317     0.968750        48392        32.00
       2.355     0.971875        48556        35.56
       2.393     0.975000        48702        40.00
       2.447     0.978125        48860        45.71
       2.507     0.981250        49014        53.33
       2.589     0.984375        49171        64.00
       2.667     0.985938        49249        71.11
       2.799     0.987500        49326        80.00
       3.211     0.989062        49404        91.43
       3.937     0.990625        49482       106.67
       5.191     0.992188        49560       128.00
       5.775     0.992969        49600       142.22
       6.651     0.993750        49638       160.00
       7.491     0.994531        49677       182.86
       8.391     0.995313        49716       213.33
       8.967     0.996094        49755       256.00
       9.423     0.996484        49775       284.44
      10.023     0.996875        49794       320.00
      10.423     0.997266        49814       365.71
      10.823     0.997656        49833       426.67
      11.247     0.998047        49853       512.00
      11.591     0.998242        49864       568.89
      11.743     0.998437        49872       640.00
      11.951     0.998633        49882       731.43
      12.279     0.998828        49892       853.33
      12.599     0.999023        49902      1024.00
      12.799     0.999121        49907      1137.78
      12.951     0.999219        49911      1280.00
      13.031     0.999316        49916      1462.86
      13.207     0.999414        49921      1706.67
      13.463     0.999512        49926      2048.00
      13.487     0.999561        49929      2275.56
      13.615     0.999609        49931      2560.00
      13.655     0.999658        49933      2925.71
      14.343     0.999707        49936      3413.33
      14.407     0.999756        49938      4096.00
      14.567     0.999780        49940      4551.11
      14.615     0.999805        49941      5120.00
      14.639     0.999829        49943      5851.43
      14.639     0.999854        49943      6826.67
      14.719     0.999878        49944      8192.00
      14.927     0.999890        49945      9102.22
      14.935     0.999902        49946     10240.00
      14.935     0.999915        49946     11702.86
      14.951     0.999927        49947     13653.33
      14.951     0.999939        49947     16384.00
      16.039     0.999945        49948     18204.44
      16.039     0.999951        49948     20480.00
      16.039     0.999957        49948     23405.71
      16.087     0.999963        49949     27306.67
      16.087     0.999969        49949     32768.00
      16.087     0.999973        49949     36408.89
      16.087     0.999976        49949     40960.00
      16.087     0.999979        49949     46811.43
      16.111     0.999982        49950     54613.33
      16.111     1.000000        49950          inf
#[Mean    =        1.229, StdDeviation   =        0.929]
#[Max     =       16.104, Total count    =        49950]
#[Buckets =           27, SubBuckets     =         2048]
----------------------------------------------------------
  49952 requests in 10.00s, 8.34MB read
Requests/sec:   4994.77
Transfer/sec:    853.60KB
