Running 10s test @ http://localhost
  2 threads and 10 connections
  Thread Stats   Avg      Stdev     Max   +/- Stdev
    Latency     1.30ms  641.94us  11.62ms   71.75%
    Req/Sec       -nan      -nan   0.00      0.00%
  Latency Distribution (HdrHistogram - Recorded Latency)
 50.000%    1.22ms
 75.000%    1.67ms
 90.000%    2.07ms
 99.000%    2.77ms
 99.900%    7.27ms
 99.990%   10.76ms
 99.999%   11.62ms
100.000%   11.62ms

  Detailed Percentile spectrum:
       Value   Percentile   TotalCount 1/(1-Percentile)

       0.104     0.000000            1         1.00
       0.587     0.100000         4999         1.11
       0.758     0.200000        10013         1.25
       0.918     0.300000        14990         1.43
       1.070     0.400000        19999         1.67
       1.220     0.500000        24980         2.00
       1.303     0.550000        27471         2.22
       1.389     0.600000        29984         2.50
       1.479     0.650000        32473         2.86
       1.568     0.700000        34964         3.33
       1.675     0.750000        37476         4.00
       1.731     0.775000        38718         4.44
       1.789     0.800000        39959         5.00
       1.852     0.825000        41217         5.71
       1.919     0.850000        42460         6.67
       1.994     0.875000        43724         8.00
       2.031     0.887500        44331         8.89
       2.071     0.900000        44975        10.00
       2.115     0.912500        45591        11.43
       2.171     0.925000        46213        13.33
       2.227     0.937500        46839        16.00
       2.257     0.943750        47144        17.78
       2.289     0.950000        47456        20.00
       2.327     0.956250        47768        22.86
       2.371     0.962500        48079        26.67
       2.423     0.968750        48397        32.00
       2.455     0.971875        48543        35.56
       2.489     0.975000        48704        40.00
       2.523     0.978125        48853        45.71
       2.567     0.981250        49011        53.33
       2.619     0.984375        49173        64.00
       2.645     0.985938        49246        71.11
       2.691     0.987500        49321        80.00
       2.735     0.989062        49399        91.43
       2.791     0.990625        49478       106.67
       2.871     0.992188        49557       128.00
       2.923     0.992969        49594       142.22
       2.997     0.993750        49633       160.00
       3.119     0.994531        49674       182.86
       3.221     0.995313        49711       213.33
       3.375     0.996094        49750       256.00
       3.491     0.996484        49770       284.44
       3.697     0.996875        49789       320.00
       4.119     0.997266        49809       365.71
       4.467     0.997656        49828       426.67
       4.967     0.998047        49848       512.00
       5.487     0.998242        49858       568.89
       5.771     0.998437        49867       640.00
       6.179     0.998633        49877       731.43
       6.555     0.998828        49887       853.33
       7.363     0.999023        49897      1024.00
       7.763     0.999121        49902      1137.78
       7.855     0.999219        49906      1280.00
       8.647     0.999316        49911      1462.86
       8.919     0.999414        49916      1706.67
       9.319     0.999512        49921      2048.00
       9.567     0.999561        49924      2275.56
       9.727     0.999609        49926      2560.00
      10.007     0.999658        49928      2925.71
      10.063     0.999707        49931      3413.33
      10.311     0.999756        49933      4096.00
      10.447     0.999780        49935      4551.11
      10.519     0.999805        49936      5120.00
      10.535     0.999829        49937      5851.43
      10.759     0.999854        49940      6826.67
      10.759     0.999878        49940      8192.00
      10.759     0.999890        49940      9102.22
      10.887     0.999902        49941     10240.00
      10.887     0.999915        49941     11702.86
      11.007     0.999927        49942     13653.33
      11.007     0.999939        49942     16384.00
      11.359     0.999945        49943     18204.44
      11.359     0.999951        49943     20480.00
      11.359     0.999957        49943     23405.71
      11.439     0.999963        49944     27306.67
      11.439     0.999969        49944     32768.00
      11.439     0.999973        49944     36408.89
      11.439     0.999976        49944     40960.00
      11.439     0.999979        49944     46811.43
      11.623     0.999982        49945     54613.33
      11.623     1.000000        49945          inf
#[Mean    =        1.298, StdDeviation   =        0.642]
#[Max     =       11.616, Total count    =        49945]
#[Buckets =           27, SubBuckets     =         2048]
----------------------------------------------------------
  49951 requests in 10.00s, 8.34MB read
Requests/sec:   4995.33
Transfer/sec:    853.69KB
