Running 10s test @ http://localhost
  2 threads and 10 connections
  Thread Stats   Avg      Stdev     Max   +/- Stdev
    Latency     1.40ms    0.91ms  15.71ms   92.79%
    Req/Sec       -nan      -nan   0.00      0.00%
  Latency Distribution (HdrHistogram - Recorded Latency)
 50.000%    1.29ms
 75.000%    1.74ms
 90.000%    2.08ms
 99.000%    3.78ms
 99.900%   12.53ms
 99.990%   14.57ms
 99.999%   15.72ms
100.000%   15.72ms

  Detailed Percentile spectrum:
       Value   Percentile   TotalCount 1/(1-Percentile)

       0.142     0.000000            1         1.00
       0.672     0.100000         5005         1.11
       0.827     0.200000        10016         1.25
       0.973     0.300000        15015         1.43
       1.126     0.400000        19993         1.67
       1.289     0.500000        24973         2.00
       1.376     0.550000        27479         2.22
       1.469     0.600000        29985         2.50
       1.562     0.650000        32489         2.86
       1.652     0.700000        34998         3.33
       1.743     0.750000        37474         4.00
       1.790     0.775000        38711         4.44
       1.840     0.800000        39957         5.00
       1.892     0.825000        41213         5.71
       1.947     0.850000        42458         6.67
       2.006     0.875000        43712         8.00
       2.038     0.887500        44336         8.89
       2.075     0.900000        44969        10.00
       2.115     0.912500        45590        11.43
       2.159     0.925000        46211        13.33
       2.205     0.937500        46849        16.00
       2.231     0.943750        47144        17.78
       2.263     0.950000        47459        20.00
       2.305     0.956250        47762        22.86
       2.353     0.962500        48076        26.67
       2.417     0.968750        48384        32.00
       2.459     0.971875        48538        35.56
       2.517     0.975000        48695        40.00
       2.587     0.978125        48851        45.71
       2.685     0.981250        49008        53.33
       2.873     0.984375        49163        64.00
       2.987     0.985938        49240        71.11
       3.185     0.987500        49318        80.00
       3.463     0.989062        49396        91.43
       4.143     0.990625        49474       106.67
       4.955     0.992188        49552       128.00
       5.731     0.992969        49592       142.22
       6.323     0.993750        49630       160.00
       6.967     0.994531        49669       182.86
       7.803     0.995313        49708       213.33
       8.615     0.996094        49747       256.00
       9.079     0.996484        49767       284.44
       9.711     0.996875        49786       320.00
      10.263     0.997266        49806       365.71
      10.847     0.997656        49825       426.67
      11.271     0.998047        49845       512.00
      11.655     0.998242        49855       568.89
      11.959     0.998437        49864       640.00
      12.167     0.998633        49875       731.43
      12.375     0.998828        49884       853.33
      12.647     0.999023        49894      1024.00
      12.887     0.999121        49899      1137.78
      13.023     0.999219        49903      1280.00
      13.167     0.999316        49909      1462.86
      13.263     0.999414        49913      1706.67
      13.823     0.999512        49918      2048.00
      13.871     0.999561        49921      2275.56
      13.935     0.999609        49924      2560.00
      13.967     0.999658        49925      2925.71
      14.231     0.999707        49928      3413.33
      14.343     0.999756        49930      4096.00
      14.375     0.999780        49932      4551.11
      14.415     0.999805        49933      5120.00
      14.431     0.999829        49935      5851.43
      14.431     0.999854        49935      6826.67
      14.519     0.999878        49936      8192.00
      14.567     0.999890        49937      9102.22
      14.599     0.999902        49938     10240.00
      14.599     0.999915        49938     11702.86
      14.647     0.999927        49939     13653.33
      14.647     0.999939        49939     16384.00
      15.047     0.999945        49940     18204.44
      15.047     0.999951        49940     20480.00
      15.047     0.999957        49940     23405.71
      15.055     0.999963        49941     27306.67
      15.055     0.999969        49941     32768.00
      15.055     0.999973        49941     36408.89
      15.055     0.999976        49941     40960.00
      15.055     0.999979        49941     46811.43
      15.719     0.999982        49942     54613.33
      15.719     1.000000        49942          inf
#[Mean    =        1.397, StdDeviation   =        0.910]
#[Max     =       15.712, Total count    =        49942]
#[Buckets =           27, SubBuckets     =         2048]
----------------------------------------------------------
  49944 requests in 10.00s, 8.34MB read
Requests/sec:   4994.41
Transfer/sec:    853.54KB
