Running 10s test @ http://localhost
  2 threads and 10 connections
  Thread Stats   Avg      Stdev     Max   +/- Stdev
    Latency     1.31ms    0.91ms  16.11ms   92.05%
    Req/Sec       -nan      -nan   0.00      0.00%
  Latency Distribution (HdrHistogram - Recorded Latency)
 50.000%    1.18ms
 75.000%    1.62ms
 90.000%    2.02ms
 99.000%    3.70ms
 99.900%   13.19ms
 99.990%   15.53ms
 99.999%   16.12ms
100.000%   16.12ms

  Detailed Percentile spectrum:
       Value   Percentile   TotalCount 1/(1-Percentile)

       0.123     0.000000            1         1.00
       0.602     0.100000         5004         1.11
       0.754     0.200000         9995         1.25
       0.891     0.300000        14990         1.43
       1.033     0.400000        20006         1.67
       1.183     0.500000        24995         2.00
       1.260     0.550000        27476         2.22
       1.341     0.600000        29986         2.50
       1.425     0.650000        32480         2.86
       1.518     0.700000        34980         3.33
       1.617     0.750000        37463         4.00
       1.672     0.775000        38714         4.44
       1.731     0.800000        39962         5.00
       1.796     0.825000        41229         5.71
       1.864     0.850000        42458         6.67
       1.938     0.875000        43719         8.00
       1.979     0.887500        44329         8.89
       2.024     0.900000        44963        10.00
       2.075     0.912500        45582        11.43
       2.133     0.925000        46202        13.33
       2.203     0.937500        46844        16.00
       2.241     0.943750        47147        17.78
       2.285     0.950000        47453        20.00
       2.339     0.956250        47771        22.86
       2.399     0.962500        48082        26.67
       2.473     0.968750        48389        32.00
       2.521     0.971875        48545        35.56
       2.575     0.975000        48702        40.00
       2.653     0.978125        48856        45.71
       2.749     0.981250        49014        53.33
       2.901     0.984375        49168        64.00
       3.023     0.985938        49246        71.11
       3.181     0.987500        49324        80.00
       3.449     0.989062        49402        91.43
       3.895     0.990625        49480       106.67
       4.699     0.992188        49558       128.00
       5.227     0.992969        49597       142.22
       5.755     0.993750        49636       160.00
       6.399     0.994531        49677       182.86
       7.075     0.995313        49714       213.33
       7.883     0.996094        49753       256.00
       8.375     0.996484        49773       284.44
       9.103     0.996875        49793       320.00
       9.655     0.997266        49812       365.71
      10.231     0.997656        49831       426.67
      10.975     0.998047        49851       512.00
      11.351     0.998242        49861       568.89
      11.711     0.998437        49871       640.00
      12.327     0.998633        49880       731.43
      12.871     0.998828        49890       853.33
      13.335     0.999023        49900      1024.00
      13.511     0.999121        49905      1137.78
      13.615     0.999219        49909      1280.00
      13.967     0.999316        49914      1462.86
      14.183     0.999414        49919      1706.67
      14.399     0.999512        49924      2048.00
      14.519     0.999561        49927      2275.56
      14.599     0.999609        49929      2560.00
      14.679     0.999658        49931      2925.71
      14.703     0.999707        49934      3413.33
      14.855     0.999756        49936      4096.00
      14.879     0.999780        49938      4551.11
      14.999     0.999805        49939      5120.00
      15.127     0.999829        49940      5851.43
      15.335     0.999854        49941      6826.67
      15.471     0.999878        49942      8192.00
      15.535     0.999890        49943      9102.22
      15.719     0.999902        49944     10240.00
      15.719     0.999915        49944     11702.86
      15.743     0.999927        49945     13653.33
      15.743     0.999939        49945     16384.00
      15.919     0.999945        49946     18204.44
      15.919     0.999951        49946     20480.00
      15.919     0.999957        49946     23405.71
      15.943     0.999963        49947     27306.67
      15.943     0.999969        49947     32768.00
      15.943     0.999973        49947     36408.89
      15.943     0.999976        49947     40960.00
      15.943     0.999979        49947     46811.43
      16.119     0.999982        49948     54613.33
      16.119     1.000000        49948          inf
#[Mean    =        1.311, StdDeviation   =        0.906]
#[Max     =       16.112, Total count    =        49948]
#[Buckets =           27, SubBuckets     =         2048]
----------------------------------------------------------
  49954 requests in 10.00s, 8.34MB read
Requests/sec:   4995.09
Transfer/sec:    853.65KB
