Running 10s test @ http://localhost
  2 threads and 10 connections
  Thread Stats   Avg      Stdev     Max   +/- Stdev
    Latency     1.31ms    0.89ms  16.06ms   90.42%
    Req/Sec       -nan      -nan   0.00      0.00%
  Latency Distribution (HdrHistogram - Recorded Latency)
 50.000%    1.20ms
 75.000%    1.63ms
 90.000%    2.06ms
 99.000%    3.55ms
 99.900%   11.75ms
 99.990%   15.20ms
 99.999%   16.07ms
100.000%   16.07ms

  Detailed Percentile spectrum:
       Value   Percentile   TotalCount 1/(1-Percentile)

       0.158     0.000000            1         1.00
       0.564     0.100000         5016         1.11
       0.726     0.200000        10011         1.25
       0.886     0.300000        15000         1.43
       1.044     0.400000        19990         1.67
       1.196     0.500000        25003         2.00
       1.270     0.550000        27480         2.22
       1.349     0.600000        29990         2.50
       1.433     0.650000        32491         2.86
       1.526     0.700000        34995         3.33
       1.626     0.750000        37462         4.00
       1.682     0.775000        38724         4.44
       1.742     0.800000        39977         5.00
       1.806     0.825000        41210         5.71
       1.879     0.850000        42465         6.67
       1.962     0.875000        43707         8.00
       2.006     0.887500        44338         8.89
       2.057     0.900000        44978        10.00
       2.111     0.912500        45585        11.43
       2.171     0.925000        46214        13.33
       2.239     0.937500        46843        16.00
       2.275     0.943750        47147        17.78
       2.317     0.950000        47457        20.00
       2.363     0.956250        47768        22.86
       2.415     0.962500        48082        26.67
       2.473     0.968750        48391        32.00
       2.511     0.971875        48547        35.56
       2.557     0.975000        48700        40.00
       2.613     0.978125        48856        45.71
       2.693     0.981250        49012        53.33
       2.855     0.984375        49168        64.00
       2.977     0.985938        49246        71.11
       3.141     0.987500        49325        80.00
       3.359     0.989062        49403        91.43
       3.787     0.990625        49480       106.67
       4.599     0.992188        49558       128.00
       5.087     0.992969        49597       142.22
       5.903     0.993750        49636       160.00
       6.719     0.994531        49675       182.86
       7.471     0.995313        49715       213.33
       8.383     0.996094        49754       256.00
       8.679     0.996484        49774       284.44
       9.215     0.996875        49792       320.00
       9.767     0.997266        49812       365.71
      10.119     0.997656        49832       426.67
      10.607     0.998047        49852       512.00
      10.831     0.998242        49861       568.89
      11.023     0.998437        49870       640.00
      11.319     0.998633        49880       731.43
      11.535     0.998828        49890       853.33
      11.783     0.999023        49900      1024.00
      12.087     0.999121        49905      1137.78
      12.167     0.999219        49909      1280.00
      12.367     0.999316        49914      1462.86
      12.447     0.999414        49919      1706.67
      13.039     0.999512        49924      2048.00
      13.351     0.999561        49928      2275.56
      13.511     0.999609        49929      2560.00
      13.751     0.999658        49931      2925.71
      14.047     0.999707        49934      3413.33
      14.295     0.999756        49936      4096.00
      14.431     0.999780        49938      4551.11
      14.695     0.999805        49939      5120.00
      14.847     0.999829        49940      5851.43
      15.007     0.999854        49941      6826.67
      15.103     0.999878        49942      8192.00
      15.199     0.999890        49943      9102.22
      15.247     0.999902        49944     10240.00
      15.247     0.999915        49944     11702.86
      15.255     0.999927        49945     13653.33
      15.255     0.999939        49945     16384.00
      15.903     0.999945        49946     18204.44
      15.903     0.999951        49946     20480.00
      15.903     0.999957        49946     23405.71
      15.999     0.999963        49947     27306.67
      15.999     0.999969        49947     32768.00
      15.999     0.999973        49947     36408.89
      15.999     0.999976        49947     40960.00
      15.999     0.999979        49947     46811.43
      16.071     0.999982        49948     54613.33
      16.071     1.000000        49948          inf
#[Mean    =        1.309, StdDeviation   =        0.894]
#[Max     =       16.064, Total count    =        49948]
#[Buckets =           27, SubBuckets     =         2048]
----------------------------------------------------------
  49950 requests in 10.00s, 8.34MB read
Requests/sec:   4994.86
Transfer/sec:    853.61KB
