Running 10s test @ http://localhost
  2 threads and 10 connections
  Thread Stats   Avg      Stdev     Max   +/- Stdev
    Latency     1.33ms  758.16us  14.96ms   81.67%
    Req/Sec       -nan      -nan   0.00      0.00%
  Latency Distribution (HdrHistogram - Recorded Latency)
 50.000%    1.25ms
 75.000%    1.71ms
 90.000%    2.07ms
 99.000%    2.83ms
 99.900%   10.32ms
 99.990%   13.44ms
 99.999%   14.97ms
100.000%   14.97ms

  Detailed Percentile spectrum:
       Value   Percentile   TotalCount 1/(1-Percentile)

       0.120     0.000000            2         1.00
       0.590     0.100000         5010         1.11
       0.780     0.200000        10001         1.25
       0.943     0.300000        14999         1.43
       1.097     0.400000        19987         1.67
       1.253     0.500000        24982         2.00
       1.334     0.550000        27499         2.22
       1.420     0.600000        30005         2.50
       1.508     0.650000        32473         2.86
       1.603     0.700000        34978         3.33
       1.707     0.750000        37468         4.00
       1.758     0.775000        38726         4.44
       1.815     0.800000        39971         5.00
       1.869     0.825000        41235         5.71
       1.928     0.850000        42455         6.67
       1.991     0.875000        43705         8.00
       2.026     0.887500        44337         8.89
       2.065     0.900000        44977        10.00
       2.109     0.912500        45594        11.43
       2.153     0.925000        46213        13.33
       2.203     0.937500        46844        16.00
       2.231     0.943750        47150        17.78
       2.263     0.950000        47460        20.00
       2.295     0.956250        47768        22.86
       2.337     0.962500        48084        26.67
       2.385     0.968750        48397        32.00
       2.413     0.971875        48547        35.56
       2.445     0.975000        48705        40.00
       2.485     0.978125        48854        45.71
       2.537     0.981250        49014        53.33
       2.595     0.984375        49166        64.00
       2.633     0.985938        49244        71.11
       2.685     0.987500        49322        80.00
       2.769     0.989062        49400        91.43
       2.891     0.990625        49481       106.67
       3.133     0.992188        49555       128.00
       3.325     0.992969        49595       142.22
       3.605     0.993750        49633       160.00
       4.075     0.994531        49672       182.86
       4.639     0.995313        49711       213.33
       5.599     0.996094        49750       256.00
       6.127     0.996484        49770       284.44
       6.995     0.996875        49789       320.00
       7.411     0.997266        49809       365.71
       8.023     0.997656        49828       426.67
       8.791     0.998047        49848       512.00
       8.983     0.998242        49858       568.89
       9.343     0.998437        49867       640.00
       9.695     0.998633        49877       731.43
       9.999     0.998828        49887       853.33
      10.415     0.999023        49897      1024.00
      10.527     0.999121        49902      1137.78
      10.967     0.999219        49906      1280.00
      11.279     0.999316        49911      1462.86
      11.431     0.999414        49916      1706.67
      11.751     0.999512        49921      2048.00
      12.311     0.999561        49924      2275.56
      12.631     0.999609        49926      2560.00
      12.735     0.999658        49928      2925.71
      12.831     0.999707        49931      3413.33
      12.983     0.999756        49933      4096.00
      13.167     0.999780        49935      4551.11
      13.231     0.999805        49936      5120.00
      13.239     0.999829        49937      5851.43
      13.247     0.999854        49938      6826.67
      13.391     0.999878        49939      8192.00
      13.439     0.999890        49940      9102.22
      13.607     0.999902        49941     10240.00
      13.607     0.999915        49941     11702.86
      13.631     0.999927        49942     13653.33
      13.631     0.999939        49942     16384.00
      14.327     0.999945        49943     18204.44
      14.327     0.999951        49943     20480.00
      14.327     0.999957        49943     23405.71
      14.535     0.999963        49944     27306.67
      14.535     0.999969        49944     32768.00
      14.535     0.999973        49944     36408.89
      14.535     0.999976        49944     40960.00
      14.535     0.999979        49944     46811.43
      14.967     0.999982        49945     54613.33
      14.967     1.000000        49945          inf
#[Mean    =        1.331, StdDeviation   =        0.758]
#[Max     =       14.960, Total count    =        49945]
#[Buckets =           27, SubBuckets     =         2048]
----------------------------------------------------------
  49947 requests in 10.00s, 8.34MB read
Requests/sec:   4994.90
Transfer/sec:    853.62KB
