Running 10s test @ http://localhost
  2 threads and 10 connections
  Thread Stats   Avg      Stdev     Max   +/- Stdev
    Latency     1.31ms    1.00ms  18.00ms   92.75%
    Req/Sec       -nan      -nan   0.00      0.00%
  Latency Distribution (HdrHistogram - Recorded Latency)
 50.000%    1.18ms
 75.000%    1.59ms
 90.000%    2.10ms
 99.000%    4.76ms
 99.900%   12.72ms
 99.990%   17.04ms
 99.999%   18.01ms
100.000%   18.01ms

  Detailed Percentile spectrum:
       Value   Percentile   TotalCount 1/(1-Percentile)

       0.134     0.000000            2         1.00
       0.531     0.100000         5010         1.11
       0.691     0.200000        10012         1.25
       0.849     0.300000        14985         1.43
       1.018     0.400000        19999         1.67
       1.185     0.500000        24998         2.00
       1.261     0.550000        27481         2.22
       1.337     0.600000        29997         2.50
       1.412     0.650000        32495         2.86
       1.492     0.700000        34967         3.33
       1.587     0.750000        37471         4.00
       1.641     0.775000        38723         4.44
       1.706     0.800000        39966         5.00
       1.782     0.825000        41204         5.71
       1.870     0.850000        42466         6.67
       1.970     0.875000        43702         8.00
       2.033     0.887500        44326         8.89
       2.099     0.900000        44965        10.00
       2.165     0.912500        45586        11.43
       2.235     0.925000        46217        13.33
       2.321     0.937500        46823        16.00
       2.363     0.943750        47137        17.78
       2.417     0.950000        47450        20.00
       2.471     0.956250        47759        22.86
       2.541     0.962500        48075        26.67
       2.619     0.968750        48389        32.00
       2.673     0.971875        48542        35.56
       2.741     0.975000        48700        40.00
       2.827     0.978125        48852        45.71
       2.959     0.981250        49007        53.33
       3.243     0.984375        49163        64.00
       3.471     0.985938        49241        71.11
       3.787     0.987500        49319        80.00
       4.451     0.989062        49397        91.43
       5.091     0.990625        49475       106.67
       6.231     0.992188        49553       128.00
       6.635     0.992969        49592       142.22
       7.439     0.993750        49631       160.00
       7.939     0.994531        49670       182.86
       8.607     0.995313        49709       213.33
       9.311     0.996094        49748       256.00
       9.615     0.996484        49768       284.44
      10.023     0.996875        49787       320.00
      10.527     0.997266        49807       365.71
      10.911     0.997656        49827       426.67
      11.391     0.998047        49846       512.00
      11.759     0.998242        49856       568.89
      11.911     0.998437        49865       640.00
      12.207     0.998633        49875       731.43
      12.447     0.998828        49885       853.33
      12.799     0.999023        49895      1024.00
      13.071     0.999121        49900      1137.78
      13.183     0.999219        49904      1280.00
      13.719     0.999316        49909      1462.86
      13.799     0.999414        49914      1706.67
      14.039     0.999512        49919      2048.00
      14.135     0.999561        49922      2275.56
      14.255     0.999609        49924      2560.00
      14.623     0.999658        49926      2925.71
      15.087     0.999707        49929      3413.33
      15.591     0.999756        49931      4096.00
      15.967     0.999780        49933      4551.11
      16.015     0.999805        49934      5120.00
      16.135     0.999829        49935      5851.43
      16.671     0.999854        49936      6826.67
      16.703     0.999878        49937      8192.00
      17.039     0.999890        49938      9102.22
      17.087     0.999902        49939     10240.00
      17.087     0.999915        49939     11702.86
      17.599     0.999927        49940     13653.33
      17.599     0.999939        49940     16384.00
      17.647     0.999945        49941     18204.44
      17.647     0.999951        49941     20480.00
      17.647     0.999957        49941     23405.71
      17.951     0.999963        49942     27306.67
      17.951     0.999969        49942     32768.00
      17.951     0.999973        49942     36408.89
      17.951     0.999976        49942     40960.00
      17.951     0.999979        49942     46811.43
      18.015     0.999982        49943     54613.33
      18.015     1.000000        49943          inf
#[Mean    =        1.311, StdDeviation   =        1.005]
#[Max     =       18.000, Total count    =        49943]
#[Buckets =           27, SubBuckets     =         2048]
----------------------------------------------------------
  49946 requests in 10.00s, 8.34MB read
Requests/sec:   4994.80
Transfer/sec:    853.60KB
