Running 10s test @ http://localhost
  2 threads and 10 connections
  Thread Stats   Avg      Stdev     Max   +/- Stdev
    Latency     1.85ms    1.90ms  22.75ms   93.48%
    Req/Sec       -nan      -nan   0.00      0.00%
  Latency Distribution (HdrHistogram - Recorded Latency)
 50.000%    1.42ms
 75.000%    1.97ms
 90.000%    2.82ms
 99.000%   11.78ms
 99.900%   18.48ms
 99.990%   22.06ms
 99.999%   22.77ms
100.000%   22.77ms

  Detailed Percentile spectrum:
       Value   Percentile   TotalCount 1/(1-Percentile)

       0.174     0.000000            1         1.00
       0.711     0.100000         4995         1.11
       0.903     0.200000         9995         1.25
       1.075     0.300000        14986         1.43
       1.244     0.400000        19991         1.67
       1.416     0.500000        24979         2.00
       1.509     0.550000        27488         2.22
       1.608     0.600000        29980         2.50
       1.715     0.650000        32481         2.86
       1.834     0.700000        34974         3.33
       1.966     0.750000        37474         4.00
       2.042     0.775000        38714         4.44
       2.133     0.800000        39974         5.00
       2.239     0.825000        41221         5.71
       2.363     0.850000        42462         6.67
       2.525     0.875000        43706         8.00
       2.647     0.887500        44335         8.89
       2.815     0.900000        44953        10.00
       3.039     0.912500        45576        11.43
       3.357     0.925000        46200        13.33
       3.859     0.937500        46826        16.00
       4.231     0.943750        47139        17.78
       4.603     0.950000        47449        20.00
       5.083     0.956250        47760        22.86
       5.707     0.962500        48075        26.67
       6.591     0.968750        48385        32.00
       7.195     0.971875        48542        35.56
       7.747     0.975000        48698        40.00
       8.503     0.978125        48854        45.71
       9.303     0.981250        49009        53.33
      10.143     0.984375        49165        64.00
      10.631     0.985938        49243        71.11
      10.983     0.987500        49321        80.00
      11.439     0.989062        49399        91.43
      12.007     0.990625        49478       106.67
      12.391     0.992188        49555       128.00
      12.591     0.992969        49594       142.22
      12.839     0.993750        49634       160.00
      13.295     0.994531        49674       182.86
      13.631     0.995313        49712       213.33
      14.047     0.996094        49750       256.00
      14.407     0.996484        49770       284.44
      14.687     0.996875        49789       320.00
      14.935     0.997266        49809       365.71
      15.247     0.997656        49830       426.67
      15.735     0.998047        49848       512.00
      15.911     0.998242        49858       568.89
      16.055     0.998437        49867       640.00
      16.319     0.998633        49877       731.43
      16.831     0.998828        49887       853.33
      18.639     0.999023        49898      1024.00
      19.423     0.999121        49902      1137.78
      19.615     0.999219        49906      1280.00
      20.111     0.999316        49911      1462.86
      20.511     0.999414        49916      1706.67
      20.847     0.999512        49921      2048.00
      20.911     0.999561        49925      2275.56
      21.103     0.999609        49926      2560.00
      21.567     0.999658        49928      2925.71
      21.775     0.999707        49931      3413.33
      21.791     0.999756        49934      4096.00
      21.823     0.999780        49935      4551.11
      21.839     0.999805        49936      5120.00
      21.983     0.999829        49937      5851.43
      22.015     0.999854        49938      6826.67
      22.047     0.999878        49939      8192.00
      22.063     0.999890        49940      9102.22
      22.095     0.999902        49941     10240.00
      22.095     0.999915        49941     11702.86
      22.495     0.999927        49942     13653.33
      22.495     0.999939        49942     16384.00
      22.719     0.999945        49943     18204.44
      22.719     0.999951        49943     20480.00
      22.719     0.999957        49943     23405.71
      22.735     0.999963        49944     27306.67
      22.735     0.999969        49944     32768.00
      22.735     0.999973        49944     36408.89
      22.735     0.999976        49944     40960.00
      22.735     0.999979        49944     46811.43
      22.767     0.999982        49945     54613.33
      22.767     1.000000        49945          inf
#[Mean    =        1.854, StdDeviation   =        1.897]
#[Max     =       22.752, Total count    =        49945]
#[Buckets =           27, SubBuckets     =         2048]
----------------------------------------------------------
  49953 requests in 10.00s, 8.34MB read
Requests/sec:   4994.64
Transfer/sec:    853.58KB
