Running 10s test @ http://localhost
  2 threads and 10 connections
  Thread Stats   Avg      Stdev     Max   +/- Stdev
    Latency     1.83ms    1.43ms  19.02ms   88.61%
    Req/Sec       -nan      -nan   0.00      0.00%
  Latency Distribution (HdrHistogram - Recorded Latency)
 50.000%    1.50ms
 75.000%    2.16ms
 90.000%    3.21ms
 99.000%    7.42ms
 99.900%   14.41ms
 99.990%   18.64ms
 99.999%   19.04ms
100.000%   19.04ms

  Detailed Percentile spectrum:
       Value   Percentile   TotalCount 1/(1-Percentile)

       0.143     0.000000            1         1.00
       0.684     0.100000         5005         1.11
       0.909     0.200000         9998         1.25
       1.104     0.300000        14994         1.43
       1.298     0.400000        19989         1.67
       1.504     0.500000        24970         2.00
       1.624     0.550000        27467         2.22
       1.749     0.600000        29986         2.50
       1.872     0.650000        32460         2.86
       2.005     0.700000        34959         3.33
       2.157     0.750000        37450         4.00
       2.251     0.775000        38709         4.44
       2.353     0.800000        39959         5.00
       2.483     0.825000        41208         5.71
       2.655     0.850000        42445         6.67
       2.887     0.875000        43697         8.00
       3.035     0.887500        44314         8.89
       3.215     0.900000        44938        10.00
       3.409     0.912500        45567        11.43
       3.641     0.925000        46191        13.33
       3.951     0.937500        46816        16.00
       4.123     0.943750        47128        17.78
       4.311     0.950000        47441        20.00
       4.519     0.956250        47749        22.86
       4.779     0.962500        48060        26.67
       5.075     0.968750        48373        32.00
       5.259     0.971875        48527        35.56
       5.455     0.975000        48683        40.00
       5.679     0.978125        48839        45.71
       5.947     0.981250        48995        53.33
       6.323     0.984375        49151        64.00
       6.559     0.985938        49230        71.11
       6.771     0.987500        49307        80.00
       7.207     0.989062        49385        91.43
       7.603     0.990625        49463       106.67
       8.359     0.992188        49541       128.00
       8.863     0.992969        49581       142.22
       9.183     0.993750        49619       160.00
       9.767     0.994531        49658       182.86
      10.295     0.995313        49697       213.33
      10.991     0.996094        49737       256.00
      11.439     0.996484        49756       284.44
      11.759     0.996875        49775       320.00
      12.183     0.997266        49795       365.71
      12.551     0.997656        49814       426.67
      13.183     0.998047        49835       512.00
      13.383     0.998242        49844       568.89
      13.591     0.998437        49854       640.00
      13.943     0.998633        49863       731.43
      14.247     0.998828        49873       853.33
      14.447     0.999023        49883      1024.00
      14.567     0.999121        49888      1137.78
      14.639     0.999219        49892      1280.00
      14.727     0.999316        49897      1462.86
      15.199     0.999414        49902      1706.67
      15.567     0.999512        49907      2048.00
      15.815     0.999561        49910      2275.56
      15.927     0.999609        49912      2560.00
      16.183     0.999658        49914      2925.71
      16.815     0.999707        49917      3413.33
      17.007     0.999756        49919      4096.00
      17.375     0.999780        49921      4551.11
      17.535     0.999805        49922      5120.00
      17.727     0.999829        49923      5851.43
      18.271     0.999854        49924      6826.67
      18.463     0.999878        49925      8192.00
      18.639     0.999890        49926      9102.22
      18.831     0.999902        49927     10240.00
      18.831     0.999915        49927     11702.86
      18.847     0.999927        49929     13653.33
      18.847     0.999939        49929     16384.00
      18.847     0.999945        49929     18204.44
      18.847     0.999951        49929     20480.00
      18.847     0.999957        49929     23405.71
      19.023     0.999963        49930     27306.67
      19.023     0.999969        49930     32768.00
      19.023     0.999973        49930     36408.89
      19.023     0.999976        49930     40960.00
      19.023     0.999979        49930     46811.43
      19.039     0.999982        49931     54613.33
      19.039     1.000000        49931          inf
#[Mean    =        1.833, StdDeviation   =        1.433]
#[Max     =       19.024, Total count    =        49931]
#[Buckets =           27, SubBuckets     =         2048]
----------------------------------------------------------
  49939 requests in 10.00s, 8.33MB read
Requests/sec:   4993.72
Transfer/sec:    853.42KB
