Running 10s test @ http://localhost
  2 threads and 10 connections
  Thread Stats   Avg      Stdev     Max   +/- Stdev
    Latency     1.61ms    1.06ms  13.38ms   80.83%
    Req/Sec       -nan      -nan   0.00      0.00%
  Latency Distribution (HdrHistogram - Recorded Latency)
 50.000%    1.38ms
 75.000%    1.97ms
 90.000%    2.84ms
 99.000%    5.43ms
 99.900%    8.59ms
 99.990%   12.39ms
 99.999%   13.38ms
100.000%   13.38ms

  Detailed Percentile spectrum:
       Value   Percentile   TotalCount 1/(1-Percentile)

       0.164     0.000000            1         1.00
       0.611     0.100000         5010         1.11
       0.822     0.200000        10008         1.25
       1.006     0.300000        15005         1.43
       1.195     0.400000        19998         1.67
       1.381     0.500000        24976         2.00
       1.483     0.550000        27494         2.22
       1.590     0.600000        29968         2.50
       1.711     0.650000        32471         2.86
       1.834     0.700000        34965         3.33
       1.973     0.750000        37462         4.00
       2.055     0.775000        38721         4.44
       2.149     0.800000        39977         5.00
       2.259     0.825000        41202         5.71
       2.399     0.850000        42452         6.67
       2.579     0.875000        43710         8.00
       2.697     0.887500        44333         8.89
       2.841     0.900000        44949        10.00
       3.009     0.912500        45575        11.43
       3.209     0.925000        46200        13.33
       3.439     0.937500        46821        16.00
       3.585     0.943750        47133        17.78
       3.737     0.950000        47444        20.00
       3.901     0.956250        47755        22.86
       4.091     0.962500        48068        26.67
       4.295     0.968750        48379        32.00
       4.419     0.971875        48537        35.56
       4.547     0.975000        48692        40.00
       4.671     0.978125        48853        45.71
       4.815     0.981250        49004        53.33
       4.975     0.984375        49162        64.00
       5.067     0.985938        49237        71.11
       5.207     0.987500        49319        80.00
       5.343     0.989062        49394        91.43
       5.475     0.990625        49471       106.67
       5.659     0.992188        49549       128.00
       5.775     0.992969        49588       142.22
       5.875     0.993750        49630       160.00
       6.027     0.994531        49668       182.86
       6.167     0.995313        49705       213.33
       6.403     0.996094        49744       256.00
       6.547     0.996484        49764       284.44
       6.735     0.996875        49783       320.00
       6.963     0.997266        49803       365.71
       7.211     0.997656        49822       426.67
       7.471     0.998047        49842       512.00
       7.635     0.998242        49852       568.89
       7.831     0.998437        49863       640.00
       8.067     0.998633        49871       731.43
       8.407     0.998828        49882       853.33
       8.615     0.999023        49891      1024.00
       8.831     0.999121        49896      1137.78
       8.975     0.999219        49900      1280.00
       9.287     0.999316        49905      1462.86
       9.543     0.999414        49910      1706.67
       9.767     0.999512        49915      2048.00
       9.911     0.999561        49918      2275.56
      10.023     0.999609        49920      2560.00
      10.231     0.999658        49922      2925.71
      10.455     0.999707        49925      3413.33
      10.919     0.999756        49927      4096.00
      11.479     0.999780        49929      4551.11
      11.719     0.999805        49930      5120.00
      11.967     0.999829        49931      5851.43
      12.159     0.999854        49932      6826.67
      12.303     0.999878        49933      8192.00
      12.391     0.999890        49934      9102.22
      12.695     0.999902        49935     10240.00
      12.695     0.999915        49935     11702.86
      12.743     0.999927        49936     13653.33
      12.743     0.999939        49936     16384.00
      12.919     0.999945        49937     18204.44
      12.919     0.999951        49937     20480.00
      12.919     0.999957        49937     23405.71
      13.207     0.999963        49938     27306.67
      13.207     0.999969        49938     32768.00
      13.207     0.999973        49938     36408.89
      13.207     0.999976        49938     40960.00
      13.207     0.999979        49938     46811.43
      13.383     0.999982        49939     54613.33
      13.383     1.000000        49939          inf
#[Mean    =        1.615, StdDeviation   =        1.057]
#[Max     =       13.376, Total count    =        49939]
#[Buckets =           27, SubBuckets     =         2048]
----------------------------------------------------------
  49946 requests in 10.00s, 8.34MB read
Requests/sec:   4994.53
Transfer/sec:    853.56KB
