Running 10s test @ http://localhost
  2 threads and 10 connections
  Thread Stats   Avg      Stdev     Max   +/- Stdev
    Latency     1.76ms    1.29ms  16.58ms   86.73%
    Req/Sec       -nan      -nan   0.00      0.00%
  Latency Distribution (HdrHistogram - Recorded Latency)
 50.000%    1.44ms
 75.000%    2.07ms
 90.000%    3.18ms
 99.000%    6.88ms
 99.900%   11.61ms
 99.990%   15.14ms
 99.999%   16.59ms
100.000%   16.59ms

  Detailed Percentile spectrum:
       Value   Percentile   TotalCount 1/(1-Percentile)

       0.128     0.000000            1         1.00
       0.672     0.100000         5006         1.11
       0.866     0.200000         9991         1.25
       1.058     0.300000        14999         1.43
       1.247     0.400000        19986         1.67
       1.440     0.500000        24986         2.00
       1.548     0.550000        27472         2.22
       1.661     0.600000        29991         2.50
       1.777     0.650000        32487         2.86
       1.904     0.700000        34973         3.33
       2.065     0.750000        37472         4.00
       2.159     0.775000        38722         4.44
       2.277     0.800000        39966         5.00
       2.421     0.825000        41214         5.71
       2.601     0.850000        42465         6.67
       2.845     0.875000        43707         8.00
       3.007     0.887500        44337         8.89
       3.181     0.900000        44960        10.00
       3.387     0.912500        45583        11.43
       3.615     0.925000        46202        13.33
       3.901     0.937500        46828        16.00
       4.051     0.943750        47141        17.78
       4.231     0.950000        47451        20.00
       4.439     0.956250        47768        22.86
       4.675     0.962500        48079        26.67
       4.907     0.968750        48388        32.00
       5.067     0.971875        48544        35.56
       5.227     0.975000        48700        40.00
       5.443     0.978125        48856        45.71
       5.679     0.981250        49013        53.33
       6.015     0.984375        49170        64.00
       6.183     0.985938        49247        71.11
       6.423     0.987500        49324        80.00
       6.663     0.989062        49404        91.43
       7.031     0.990625        49481       106.67
       7.383     0.992188        49558       128.00
       7.611     0.992969        49597       142.22
       7.923     0.993750        49636       160.00
       8.207     0.994531        49677       182.86
       8.519     0.995313        49714       213.33
       8.847     0.996094        49753       256.00
       8.991     0.996484        49773       284.44
       9.231     0.996875        49793       320.00
       9.487     0.997266        49812       365.71
       9.839     0.997656        49831       426.67
      10.191     0.998047        49851       512.00
      10.471     0.998242        49861       568.89
      10.655     0.998437        49870       640.00
      10.967     0.998633        49880       731.43
      11.239     0.998828        49890       853.33
      11.631     0.999023        49900      1024.00
      11.727     0.999121        49905      1137.78
      11.879     0.999219        49909      1280.00
      12.223     0.999316        49914      1462.86
      12.655     0.999414        49919      1706.67
      12.983     0.999512        49924      2048.00
      13.103     0.999561        49927      2275.56
      13.367     0.999609        49929      2560.00
      13.431     0.999658        49931      2925.71
      13.887     0.999707        49934      3413.33
      13.943     0.999756        49936      4096.00
      14.231     0.999780        49938      4551.11
      14.359     0.999805        49939      5120.00
      14.527     0.999829        49940      5851.43
      14.919     0.999854        49942      6826.67
      14.919     0.999878        49942      8192.00
      15.135     0.999890        49943      9102.22
      15.695     0.999902        49944     10240.00
      15.695     0.999915        49944     11702.86
      15.815     0.999927        49945     13653.33
      15.815     0.999939        49945     16384.00
      16.119     0.999945        49946     18204.44
      16.119     0.999951        49946     20480.00
      16.119     0.999957        49946     23405.71
      16.303     0.999963        49947     27306.67
      16.303     0.999969        49947     32768.00
      16.303     0.999973        49947     36408.89
      16.303     0.999976        49947     40960.00
      16.303     0.999979        49947     46811.43
      16.591     0.999982        49948     54613.33
      16.591     1.000000        49948          inf
#[Mean    =        1.758, StdDeviation   =        1.293]
#[Max     =       16.576, Total count    =        49948]
#[Buckets =           27, SubBuckets     =         2048]
----------------------------------------------------------
  49952 requests in 10.00s, 8.34MB read
Requests/sec:   4994.87
Transfer/sec:    853.62KB
