Running 10s test @ http://localhost
  2 threads and 10 connections
  Thread Stats   Avg      Stdev     Max   +/- Stdev
    Latency     1.74ms    1.22ms  14.90ms   82.54%
    Req/Sec       -nan      -nan   0.00      0.00%
  Latency Distribution (HdrHistogram - Recorded Latency)
 50.000%    1.44ms
 75.000%    2.10ms
 90.000%    3.20ms
 99.000%    6.26ms
 99.900%    8.90ms
 99.990%   13.27ms
 99.999%   14.91ms
100.000%   14.91ms

  Detailed Percentile spectrum:
       Value   Percentile   TotalCount 1/(1-Percentile)

       0.108     0.000000            1         1.00
       0.628     0.100000         5009         1.11
       0.849     0.200000         9998         1.25
       1.039     0.300000        14985         1.43
       1.229     0.400000        20005         1.67
       1.441     0.500000        24991         2.00
       1.550     0.550000        27480         2.22
       1.664     0.600000        29984         2.50
       1.791     0.650000        32480         2.86
       1.926     0.700000        34969         3.33
       2.097     0.750000        37476         4.00
       2.195     0.775000        38724         4.44
       2.311     0.800000        39965         5.00
       2.457     0.825000        41209         5.71
       2.639     0.850000        42456         6.67
       2.885     0.875000        43706         8.00
       3.027     0.887500        44329         8.89
       3.199     0.900000        44955        10.00
       3.407     0.912500        45580        11.43
       3.647     0.925000        46204        13.33
       3.927     0.937500        46824        16.00
       4.083     0.943750        47136        17.78
       4.263     0.950000        47449        20.00
       4.463     0.956250        47761        22.86
       4.671     0.962500        48076        26.67
       4.927     0.968750        48389        32.00
       5.055     0.971875        48542        35.56
       5.203     0.975000        48698        40.00
       5.371     0.978125        48856        45.71
       5.563     0.981250        49009        53.33
       5.779     0.984375        49166        64.00
       5.895     0.985938        49247        71.11
       6.011     0.987500        49323        80.00
       6.163     0.989062        49399        91.43
       6.331     0.990625        49479       106.67
       6.539     0.992188        49555       128.00
       6.655     0.992969        49594       142.22
       6.791     0.993750        49634       160.00
       6.983     0.994531        49674       182.86
       7.139     0.995313        49713       213.33
       7.319     0.996094        49750       256.00
       7.395     0.996484        49770       284.44
       7.547     0.996875        49790       320.00
       7.663     0.997266        49811       365.71
       7.819     0.997656        49828       426.67
       8.047     0.998047        49848       512.00
       8.175     0.998242        49858       568.89
       8.335     0.998437        49867       640.00
       8.527     0.998633        49877       731.43
       8.679     0.998828        49887       853.33
       8.943     0.999023        49898      1024.00
       9.199     0.999121        49903      1137.78
       9.239     0.999219        49906      1280.00
       9.351     0.999316        49911      1462.86
       9.687     0.999414        49916      1706.67
      10.071     0.999512        49921      2048.00
      10.351     0.999561        49924      2275.56
      10.407     0.999609        49926      2560.00
      10.783     0.999658        49928      2925.71
      11.663     0.999707        49932      3413.33
      11.671     0.999756        49933      4096.00
      12.743     0.999780        49935      4551.11
      12.815     0.999805        49936      5120.00
      12.847     0.999829        49937      5851.43
      13.039     0.999854        49938      6826.67
      13.191     0.999878        49939      8192.00
      13.271     0.999890        49940      9102.22
      13.799     0.999902        49941     10240.00
      13.799     0.999915        49941     11702.86
      14.119     0.999927        49942     13653.33
      14.119     0.999939        49942     16384.00
      14.167     0.999945        49943     18204.44
      14.167     0.999951        49943     20480.00
      14.167     0.999957        49943     23405.71
      14.407     0.999963        49944     27306.67
      14.407     0.999969        49944     32768.00
      14.407     0.999973        49944     36408.89
      14.407     0.999976        49944     40960.00
      14.407     0.999979        49944     46811.43
      14.911     0.999982        49945     54613.33
      14.911     1.000000        49945          inf
#[Mean    =        1.737, StdDeviation   =        1.217]
#[Max     =       14.904, Total count    =        49945]
#[Buckets =           27, SubBuckets     =         2048]
----------------------------------------------------------
  49947 requests in 10.00s, 8.34MB read
Requests/sec:   4994.16
Transfer/sec:    853.49KB
