Running 10s test @ http://localhost
  2 threads and 10 connections
  Thread Stats   Avg      Stdev     Max   +/- Stdev
    Latency     1.88ms    2.64ms  51.33ms   95.95%
    Req/Sec       -nan      -nan   0.00      0.00%
  Latency Distribution (HdrHistogram - Recorded Latency)
 50.000%    1.46ms
 75.000%    2.03ms
 90.000%    3.04ms
 99.000%    7.82ms
 99.900%   44.29ms
 99.990%   50.78ms
 99.999%   51.36ms
100.000%   51.36ms

  Detailed Percentile spectrum:
       Value   Percentile   TotalCount 1/(1-Percentile)

       0.113     0.000000            1         1.00
       0.707     0.100000         5010         1.11
       0.897     0.200000         9990         1.25
       1.065     0.300000        14992         1.43
       1.261     0.400000        19985         1.67
       1.456     0.500000        24972         2.00
       1.555     0.550000        27479         2.22
       1.660     0.600000        29991         2.50
       1.770     0.650000        32468         2.86
       1.897     0.700000        34973         3.33
       2.034     0.750000        37472         4.00
       2.117     0.775000        38723         4.44
       2.219     0.800000        39959         5.00
       2.353     0.825000        41214         5.71
       2.515     0.850000        42454         6.67
       2.727     0.875000        43701         8.00
       2.873     0.887500        44329         8.89
       3.039     0.900000        44955        10.00
       3.239     0.912500        45574        11.43
       3.497     0.925000        46198        13.33
       3.817     0.937500        46824        16.00
       3.987     0.943750        47137        17.78
       4.195     0.950000        47450        20.00
       4.411     0.956250        47761        22.86
       4.651     0.962500        48080        26.67
       4.967     0.968750        48383        32.00
       5.127     0.971875        48539        35.56
       5.351     0.975000        48698        40.00
       5.591     0.978125        48851        45.71
       5.911     0.981250        49007        53.33
       6.311     0.984375        49163        64.00
       6.587     0.985938        49242        71.11
       6.943     0.987500        49320        80.00
       7.447     0.989062        49397        91.43
       8.043     0.990625        49475       106.67
       9.031     0.992188        49553       128.00
       9.671     0.992969        49593       142.22
      10.799     0.993750        49631       160.00
      12.615     0.994531        49670       182.86
      17.855     0.995313        49709       213.33
      23.327     0.996094        49748       256.00
      26.159     0.996484        49768       284.44
      28.751     0.996875        49787       320.00
      32.031     0.997266        49807       365.71
      34.399     0.997656        49826       426.67
      37.663     0.998047        49847       512.00
      39.071     0.998242        49857       568.89
      40.479     0.998437        49865       640.00
      41.887     0.998633        49875       731.43
      43.071     0.998828        49885       853.33
      44.511     0.999023        49895      1024.00
      45.183     0.999121        49902      1137.78
      45.439     0.999219        49904      1280.00
      46.495     0.999316        49909      1462.86
      46.975     0.999414        49914      1706.67
      47.359     0.999512        49919      2048.00
      47.903     0.999561        49923      2275.56
      48.095     0.999609        49924      2560.00
      48.543     0.999658        49926      2925.71
      48.767     0.999707        49929      3413.33
      49.247     0.999756        49931      4096.00
      49.631     0.999780        49933      4551.11
      49.759     0.999805        49934      5120.00
      50.239     0.999829        49935      5851.43
      50.687     0.999854        49936      6826.67
      50.783     0.999878        49938      8192.00
      50.783     0.999890        49938      9102.22
      50.815     0.999902        49939     10240.00
      50.815     0.999915        49939     11702.86
      51.103     0.999927        49940     13653.33
      51.103     0.999939        49940     16384.00
      51.167     0.999945        49941     18204.44
      51.167     0.999951        49941     20480.00
      51.167     0.999957        49941     23405.71
      51.231     0.999963        49942     27306.67
      51.231     0.999969        49942     32768.00
      51.231     0.999973        49942     36408.89
      51.231     0.999976        49942     40960.00
      51.231     0.999979        49942     46811.43
      51.359     0.999982        49943     54613.33
      51.359     1.000000        49943          inf
#[Mean    =        1.882, StdDeviation   =        2.645]
#[Max     =       51.328, Total count    =        49943]
#[Buckets =           27, SubBuckets     =         2048]
----------------------------------------------------------
  49951 requests in 10.00s, 8.34MB read
Requests/sec:   4994.67
Transfer/sec:    853.58KB
