Running 10s test @ http://localhost
  2 threads and 10 connections
  Thread Stats   Avg      Stdev     Max   +/- Stdev
    Latency     1.31ms    1.16ms  25.15ms   97.68%
    Req/Sec       -nan      -nan   0.00      0.00%
  Latency Distribution (HdrHistogram - Recorded Latency)
 50.000%    1.16ms
 75.000%    1.54ms
 90.000%    1.87ms
 99.000%    4.92ms
 99.900%   16.14ms
 99.990%   23.85ms
 99.999%   25.17ms
100.000%   25.17ms

  Detailed Percentile spectrum:
       Value   Percentile   TotalCount 1/(1-Percentile)

       0.171     0.000000            2         1.00
       0.652     0.100000         4997         1.11
       0.788     0.200000        10001         1.25
       0.903     0.300000        14993         1.43
       1.028     0.400000        19990         1.67
       1.163     0.500000        24976         2.00
       1.237     0.550000        27492         2.22
       1.311     0.600000        29981         2.50
       1.381     0.650000        32471         2.86
       1.457     0.700000        34987         3.33
       1.542     0.750000        37480         4.00
       1.588     0.775000        38734         4.44
       1.637     0.800000        39964         5.00
       1.686     0.825000        41222         5.71
       1.742     0.850000        42466         6.67
       1.802     0.875000        43727         8.00
       1.838     0.887500        44346         8.89
       1.873     0.900000        44956        10.00
       1.916     0.912500        45592        11.43
       1.963     0.925000        46205        13.33
       2.020     0.937500        46833        16.00
       2.055     0.943750        47145        17.78
       2.093     0.950000        47453        20.00
       2.141     0.956250        47774        22.86
       2.201     0.962500        48077        26.67
       2.281     0.968750        48390        32.00
       2.343     0.971875        48552        35.56
       2.423     0.975000        48702        40.00
       2.531     0.978125        48863        45.71
       2.645     0.981250        49017        53.33
       2.879     0.984375        49170        64.00
       3.165     0.985938        49248        71.11
       3.607     0.987500        49326        80.00
       4.359     0.989062        49405        91.43
       5.427     0.990625        49482       106.67
       7.119     0.992188        49560       128.00
       7.855     0.992969        49599       142.22
       8.647     0.993750        49638       160.00
       9.543     0.994531        49677       182.86
      10.559     0.995313        49716       213.33
      11.559     0.996094        49755       256.00
      12.103     0.996484        49775       284.44
      12.655     0.996875        49795       320.00
      12.943     0.997266        49814       365.71
      13.503     0.997656        49833       426.67
      14.007     0.998047        49853       512.00
      14.359     0.998242        49863       568.89
      14.967     0.998437        49872       640.00
      15.311     0.998633        49882       731.43
      15.575     0.998828        49892       853.33
      16.295     0.999023        49902      1024.00
      16.799     0.999121        49907      1137.78
      17.807     0.999219        49911      1280.00
      18.463     0.999316        49916      1462.86
      19.503     0.999414        49921      1706.67
      20.095     0.999512        49926      2048.00
      21.007     0.999561        49929      2275.56
      21.359     0.999609        49931      2560.00
      21.519     0.999658        49933      2925.71
      22.735     0.999707        49936      3413.33
      22.799     0.999756        49938      4096.00
      22.895     0.999780        49940      4551.11
      22.943     0.999805        49941      5120.00
      23.759     0.999829        49942      5851.43
      23.791     0.999854        49943      6826.67
      23.807     0.999878        49944      8192.00
      23.855     0.999890        49945      9102.22
      24.143     0.999902        49946     10240.00
      24.143     0.999915        49946     11702.86
      24.207     0.999927        49947     13653.33
      24.207     0.999939        49947     16384.00
      24.303     0.999945        49948     18204.44
      24.303     0.999951        49948     20480.00
      24.303     0.999957        49948     23405.71
      25.151     0.999963        49949     27306.67
      25.151     0.999969        49949     32768.00
      25.151     0.999973        49949     36408.89
      25.151     0.999976        49949     40960.00
      25.151     0.999979        49949     46811.43
      25.167     0.999982        49950     54613.33
      25.167     1.000000        49950          inf
#[Mean    =        1.315, StdDeviation   =        1.163]
#[Max     =       25.152, Total count    =        49950]
#[Buckets =           27, SubBuckets     =         2048]
----------------------------------------------------------
  49955 requests in 10.00s, 8.34MB read
Requests/sec:   4995.08
Transfer/sec:    853.65KB
