Running 10s test @ http://localhost
  2 threads and 10 connections
  Thread Stats   Avg      Stdev     Max   +/- Stdev
    Latency     1.81ms    1.32ms  20.26ms   86.35%
    Req/Sec       -nan      -nan   0.00      0.00%
  Latency Distribution (HdrHistogram - Recorded Latency)
 50.000%    1.51ms
 75.000%    2.13ms
 90.000%    3.25ms
 99.000%    6.58ms
 99.900%   14.03ms
 99.990%   18.86ms
 99.999%   20.27ms
100.000%   20.27ms

  Detailed Percentile spectrum:
       Value   Percentile   TotalCount 1/(1-Percentile)

       0.144     0.000000            1         1.00
       0.702     0.100000         5017         1.11
       0.916     0.200000         9996         1.25
       1.105     0.300000        15012         1.43
       1.303     0.400000        19994         1.67
       1.511     0.500000        24983         2.00
       1.619     0.550000        27478         2.22
       1.731     0.600000        29981         2.50
       1.849     0.650000        32469         2.86
       1.975     0.700000        34977         3.33
       2.129     0.750000        37461         4.00
       2.229     0.775000        38714         4.44
       2.347     0.800000        39956         5.00
       2.489     0.825000        41214         5.71
       2.681     0.850000        42461         6.67
       2.927     0.875000        43717         8.00
       3.079     0.887500        44327         8.89
       3.251     0.900000        44955        10.00
       3.443     0.912500        45577        11.43
       3.671     0.925000        46203        13.33
       3.931     0.937500        46824        16.00
       4.077     0.943750        47137        17.78
       4.239     0.950000        47450        20.00
       4.415     0.956250        47763        22.86
       4.631     0.962500        48076        26.67
       4.871     0.968750        48385        32.00
       5.003     0.971875        48543        35.56
       5.159     0.975000        48699        40.00
       5.335     0.978125        48853        45.71
       5.567     0.981250        49009        53.33
       5.831     0.984375        49165        64.00
       5.999     0.985938        49246        71.11
       6.203     0.987500        49321        80.00
       6.419     0.989062        49399        91.43
       6.695     0.990625        49478       106.67
       7.147     0.992188        49556       128.00
       7.343     0.992969        49594       142.22
       7.643     0.993750        49634       160.00
       8.035     0.994531        49672       182.86
       8.479     0.995313        49711       213.33
       8.999     0.996094        49750       256.00
       9.295     0.996484        49770       284.44
       9.639     0.996875        49789       320.00
      10.055     0.997266        49809       365.71
      10.479     0.997656        49828       426.67
      11.255     0.998047        49848       512.00
      11.599     0.998242        49858       568.89
      12.191     0.998437        49867       640.00
      12.527     0.998633        49877       731.43
      13.223     0.998828        49887       853.33
      14.215     0.999023        49897      1024.00
      14.479     0.999121        49902      1137.78
      14.607     0.999219        49906      1280.00
      15.135     0.999316        49911      1462.86
      15.719     0.999414        49916      1706.67
      16.111     0.999512        49921      2048.00
      16.175     0.999561        49924      2275.56
      16.447     0.999609        49926      2560.00
      16.591     0.999658        49928      2925.71
      16.831     0.999707        49931      3413.33
      17.295     0.999756        49934      4096.00
      17.407     0.999780        49935      4551.11
      17.615     0.999805        49936      5120.00
      17.951     0.999829        49937      5851.43
      18.159     0.999854        49938      6826.67
      18.831     0.999878        49939      8192.00
      18.863     0.999890        49940      9102.22
      19.023     0.999902        49941     10240.00
      19.023     0.999915        49941     11702.86
      19.199     0.999927        49942     13653.33
      19.199     0.999939        49942     16384.00
      19.215     0.999945        49943     18204.44
      19.215     0.999951        49943     20480.00
      19.215     0.999957        49943     23405.71
      19.583     0.999963        49944     27306.67
      19.583     0.999969        49944     32768.00
      19.583     0.999973        49944     36408.89
      19.583     0.999976        49944     40960.00
      19.583     0.999979        49944     46811.43
      20.271     0.999982        49945     54613.33
      20.271     1.000000        49945          inf
#[Mean    =        1.811, StdDeviation   =        1.323]
#[Max     =       20.256, Total count    =        49945]
#[Buckets =           27, SubBuckets     =         2048]
----------------------------------------------------------
  49950 requests in 10.00s, 8.34MB read
Requests/sec:   4994.64
Transfer/sec:    853.58KB
