Running 10s test @ http://localhost
  2 threads and 10 connections
  Thread Stats   Avg      Stdev     Max   +/- Stdev
    Latency     1.77ms    1.28ms  24.35ms   86.52%
    Req/Sec       -nan      -nan   0.00      0.00%
  Latency Distribution (HdrHistogram - Recorded Latency)
 50.000%    1.47ms
 75.000%    2.12ms
 90.000%    3.15ms
 99.000%    6.55ms
 99.900%   11.53ms
 99.990%   22.86ms
 99.999%   24.37ms
100.000%   24.37ms

  Detailed Percentile spectrum:
       Value   Percentile   TotalCount 1/(1-Percentile)

       0.203     0.000000            1         1.00
       0.683     0.100000         5000         1.11
       0.896     0.200000        10012         1.25
       1.086     0.300000        14986         1.43
       1.273     0.400000        19987         1.67
       1.471     0.500000        24996         2.00
       1.583     0.550000        27478         2.22
       1.697     0.600000        29970         2.50
       1.825     0.650000        32476         2.86
       1.958     0.700000        34963         3.33
       2.115     0.750000        37482         4.00
       2.199     0.775000        38712         4.44
       2.307     0.800000        39971         5.00
       2.441     0.825000        41211         5.71
       2.597     0.850000        42458         6.67
       2.833     0.875000        43704         8.00
       2.981     0.887500        44330         8.89
       3.149     0.900000        44958        10.00
       3.353     0.912500        45581        11.43
       3.567     0.925000        46204        13.33
       3.843     0.937500        46832        16.00
       4.011     0.943750        47141        17.78
       4.191     0.950000        47455        20.00
       4.391     0.956250        47762        22.86
       4.631     0.962500        48077        26.67
       4.859     0.968750        48386        32.00
       5.011     0.971875        48543        35.56
       5.179     0.975000        48699        40.00
       5.371     0.978125        48855        45.71
       5.619     0.981250        49012        53.33
       5.847     0.984375        49167        64.00
       6.007     0.985938        49244        71.11
       6.179     0.987500        49323        80.00
       6.399     0.989062        49400        91.43
       6.675     0.990625        49478       106.67
       6.959     0.992188        49556       128.00
       7.163     0.992969        49595       142.22
       7.367     0.993750        49634       160.00
       7.519     0.994531        49673       182.86
       7.819     0.995313        49712       213.33
       8.223     0.996094        49752       256.00
       8.391     0.996484        49773       284.44
       8.631     0.996875        49790       320.00
       8.927     0.997266        49810       365.71
       9.183     0.997656        49829       426.67
       9.559     0.998047        49849       512.00
       9.719     0.998242        49859       568.89
      10.095     0.998437        49868       640.00
      10.599     0.998633        49878       731.43
      11.167     0.998828        49888       853.33
      11.735     0.999023        49898      1024.00
      12.463     0.999121        49903      1137.78
      12.703     0.999219        49907      1280.00
      13.343     0.999316        49912      1462.86
      13.943     0.999414        49917      1706.67
      14.871     0.999512        49922      2048.00
      15.239     0.999561        49925      2275.56
      15.335     0.999609        49927      2560.00
      15.727     0.999658        49929      2925.71
      16.303     0.999707        49932      3413.33
      16.559     0.999756        49934      4096.00
      17.039     0.999780        49936      4551.11
      18.639     0.999805        49937      5120.00
      20.351     0.999829        49938      5851.43
      21.503     0.999854        49939      6826.67
      22.607     0.999878        49940      8192.00
      22.863     0.999890        49941      9102.22
      23.007     0.999902        49942     10240.00
      23.007     0.999915        49942     11702.86
      23.471     0.999927        49943     13653.33
      23.471     0.999939        49943     16384.00
      23.551     0.999945        49944     18204.44
      23.551     0.999951        49944     20480.00
      23.551     0.999957        49944     23405.71
      23.919     0.999963        49945     27306.67
      23.919     0.999969        49945     32768.00
      23.919     0.999973        49945     36408.89
      23.919     0.999976        49945     40960.00
      23.919     0.999979        49945     46811.43
      24.367     0.999982        49946     54613.33
      24.367     1.000000        49946          inf
#[Mean    =        1.774, StdDeviation   =        1.280]
#[Max     =       24.352, Total count    =        49946]
#[Buckets =           27, SubBuckets     =         2048]
----------------------------------------------------------
  49954 requests in 10.00s, 8.34MB read
Requests/sec:   4994.89
Transfer/sec:    853.62KB
