Running 10s test @ http://localhost
  2 threads and 10 connections
  Thread Stats   Avg      Stdev     Max   +/- Stdev
    Latency     1.84ms    1.48ms  22.62ms   89.74%
    Req/Sec       -nan      -nan   0.00      0.00%
  Latency Distribution (HdrHistogram - Recorded Latency)
 50.000%    1.51ms
 75.000%    2.13ms
 90.000%    3.22ms
 99.000%    7.76ms
 99.900%   16.06ms
 99.990%   21.20ms
 99.999%   22.64ms
100.000%   22.64ms

  Detailed Percentile spectrum:
       Value   Percentile   TotalCount 1/(1-Percentile)

       0.081     0.000000            1         1.00
       0.686     0.100000         5007         1.11
       0.918     0.200000        10002         1.25
       1.110     0.300000        14985         1.43
       1.306     0.400000        19977         1.67
       1.510     0.500000        24996         2.00
       1.619     0.550000        27477         2.22
       1.733     0.600000        29979         2.50
       1.855     0.650000        32473         2.86
       1.987     0.700000        34975         3.33
       2.135     0.750000        37456         4.00
       2.229     0.775000        38730         4.44
       2.341     0.800000        39959         5.00
       2.479     0.825000        41216         5.71
       2.665     0.850000        42459         6.67
       2.891     0.875000        43714         8.00
       3.049     0.887500        44328         8.89
       3.217     0.900000        44955        10.00
       3.425     0.912500        45572        11.43
       3.681     0.925000        46196        13.33
       3.997     0.937500        46825        16.00
       4.195     0.943750        47136        17.78
       4.387     0.950000        47445        20.00
       4.619     0.956250        47760        22.86
       4.863     0.962500        48075        26.67
       5.175     0.968750        48384        32.00
       5.335     0.971875        48538        35.56
       5.551     0.975000        48695        40.00
       5.783     0.978125        48849        45.71
       6.099     0.981250        49006        53.33
       6.495     0.984375        49161        64.00
       6.735     0.985938        49239        71.11
       7.107     0.987500        49318        80.00
       7.499     0.989062        49396        91.43
       7.895     0.990625        49473       106.67
       8.415     0.992188        49551       128.00
       8.751     0.992969        49590       142.22
       9.119     0.993750        49629       160.00
       9.527     0.994531        49669       182.86
      10.039     0.995313        49707       213.33
      10.727     0.996094        49746       256.00
      11.223     0.996484        49766       284.44
      11.495     0.996875        49785       320.00
      12.263     0.997266        49805       365.71
      12.991     0.997656        49824       426.67
      13.775     0.998047        49844       512.00
      14.167     0.998242        49854       568.89
      14.703     0.998437        49863       640.00
      15.135     0.998633        49873       731.43
      15.687     0.998828        49883       853.33
      16.183     0.999023        49893      1024.00
      16.343     0.999121        49898      1137.78
      16.735     0.999219        49902      1280.00
      17.039     0.999316        49907      1462.86
      17.471     0.999414        49912      1706.67
      18.383     0.999512        49917      2048.00
      18.623     0.999561        49920      2275.56
      18.991     0.999609        49922      2560.00
      19.199     0.999658        49924      2925.71
      19.775     0.999707        49927      3413.33
      20.159     0.999756        49929      4096.00
      20.223     0.999780        49931      4551.11
      20.351     0.999805        49932      5120.00
      20.591     0.999829        49933      5851.43
      20.847     0.999854        49934      6826.67
      20.927     0.999878        49935      8192.00
      21.199     0.999890        49936      9102.22
      21.215     0.999902        49937     10240.00
      21.215     0.999915        49937     11702.86
      21.375     0.999927        49938     13653.33
      21.375     0.999939        49938     16384.00
      21.839     0.999945        49939     18204.44
      21.839     0.999951        49939     20480.00
      21.839     0.999957        49939     23405.71
      21.999     0.999963        49940     27306.67
      21.999     0.999969        49940     32768.00
      21.999     0.999973        49940     36408.89
      21.999     0.999976        49940     40960.00
      21.999     0.999979        49940     46811.43
      22.639     0.999982        49941     54613.33
      22.639     1.000000        49941          inf
#[Mean    =        1.843, StdDeviation   =        1.482]
#[Max     =       22.624, Total count    =        49941]
#[Buckets =           27, SubBuckets     =         2048]
----------------------------------------------------------
  49945 requests in 10.00s, 8.34MB read
Requests/sec:   4994.49
Transfer/sec:    853.55KB
