Running 10s test @ http://localhost
  2 threads and 10 connections
  Thread Stats   Avg      Stdev     Max   +/- Stdev
    Latency     1.85ms    1.22ms  14.50ms   84.52%
    Req/Sec       -nan      -nan   0.00      0.00%
  Latency Distribution (HdrHistogram - Recorded Latency)
 50.000%    1.56ms
 75.000%    2.17ms
 90.000%    3.22ms
 99.000%    6.52ms
 99.900%   11.45ms
 99.990%   13.49ms
 99.999%   14.51ms
100.000%   14.51ms

  Detailed Percentile spectrum:
       Value   Percentile   TotalCount 1/(1-Percentile)

       0.202     0.000000            1         1.00
       0.790     0.100000         4995         1.11
       1.000     0.200000        10001         1.25
       1.183     0.300000        14995         1.43
       1.370     0.400000        19994         1.67
       1.560     0.500000        24986         2.00
       1.664     0.550000        27488         2.22
       1.772     0.600000        29970         2.50
       1.889     0.650000        32473         2.86
       2.021     0.700000        34965         3.33
       2.171     0.750000        37486         4.00
       2.263     0.775000        38712         4.44
       2.377     0.800000        39969         5.00
       2.505     0.825000        41211         5.71
       2.681     0.850000        42456         6.67
       2.913     0.875000        43704         8.00
       3.061     0.887500        44332         8.89
       3.221     0.900000        44958        10.00
       3.401     0.912500        45579        11.43
       3.617     0.925000        46211        13.33
       3.863     0.937500        46825        16.00
       4.005     0.943750        47139        17.78
       4.171     0.950000        47452        20.00
       4.367     0.956250        47766        22.86
       4.575     0.962500        48081        26.67
       4.823     0.968750        48390        32.00
       4.995     0.971875        48545        35.56
       5.127     0.975000        48699        40.00
       5.299     0.978125        48855        45.71
       5.511     0.981250        49011        53.33
       5.779     0.984375        49167        64.00
       5.931     0.985938        49244        71.11
       6.123     0.987500        49322        80.00
       6.347     0.989062        49402        91.43
       6.591     0.990625        49478       106.67
       6.903     0.992188        49556       128.00
       7.103     0.992969        49598       142.22
       7.347     0.993750        49634       160.00
       7.607     0.994531        49673       182.86
       7.959     0.995313        49712       213.33
       8.367     0.996094        49751       256.00
       8.583     0.996484        49771       284.44
       8.919     0.996875        49790       320.00
       9.143     0.997266        49810       365.71
       9.503     0.997656        49829       426.67
      10.007     0.998047        49850       512.00
      10.375     0.998242        49859       568.89
      10.727     0.998437        49869       640.00
      10.887     0.998633        49878       731.43
      11.135     0.998828        49888       853.33
      11.495     0.999023        49898      1024.00
      11.599     0.999121        49903      1137.78
      11.759     0.999219        49907      1280.00
      11.927     0.999316        49912      1462.86
      12.159     0.999414        49917      1706.67
      12.303     0.999512        49922      2048.00
      12.511     0.999561        49925      2275.56
      12.607     0.999609        49927      2560.00
      12.711     0.999658        49929      2925.71
      12.887     0.999707        49933      3413.33
      12.935     0.999756        49934      4096.00
      13.111     0.999780        49936      4551.11
      13.143     0.999805        49937      5120.00
      13.183     0.999829        49938      5851.43
      13.319     0.999854        49939      6826.67
      13.447     0.999878        49940      8192.00
      13.487     0.999890        49941      9102.22
      13.727     0.999902        49942     10240.00
      13.727     0.999915        49942     11702.86
      14.103     0.999927        49943     13653.33
      14.103     0.999939        49943     16384.00
      14.119     0.999945        49944     18204.44
      14.119     0.999951        49944     20480.00
      14.119     0.999957        49944     23405.71
      14.287     0.999963        49945     27306.67
      14.287     0.999969        49945     32768.00
      14.287     0.999973        49945     36408.89
      14.287     0.999976        49945     40960.00
      14.287     0.999979        49945     46811.43
      14.511     0.999982        49946     54613.33
      14.511     1.000000        49946          inf
#[Mean    =        1.848, StdDeviation   =        1.221]
#[Max     =       14.504, Total count    =        49946]
#[Buckets =           27, SubBuckets     =         2048]
----------------------------------------------------------
  49950 requests in 10.00s, 8.34MB read
Requests/sec:   4994.59
Transfer/sec:    853.57KB
