Running 10s test @ http://localhost
  2 threads and 10 connections
  Thread Stats   Avg      Stdev     Max   +/- Stdev
    Latency     1.85ms    1.43ms  21.07ms   87.57%
    Req/Sec       -nan      -nan   0.00      0.00%
  Latency Distribution (HdrHistogram - Recorded Latency)
 50.000%    1.49ms
 75.000%    2.17ms
 90.000%    3.44ms
 99.000%    7.13ms
 99.900%   14.57ms
 99.990%   19.44ms
 99.999%   21.09ms
100.000%   21.09ms

  Detailed Percentile spectrum:
       Value   Percentile   TotalCount 1/(1-Percentile)

       0.119     0.000000            1         1.00
       0.693     0.100000         4996         1.11
       0.887     0.200000         9994         1.25
       1.076     0.300000        15001         1.43
       1.280     0.400000        19998         1.67
       1.488     0.500000        24992         2.00
       1.594     0.550000        27476         2.22
       1.710     0.600000        29978         2.50
       1.835     0.650000        32472         2.86
       1.986     0.700000        34969         3.33
       2.173     0.750000        37485         4.00
       2.287     0.775000        38725         4.44
       2.423     0.800000        39970         5.00
       2.601     0.825000        41213         5.71
       2.827     0.850000        42467         6.67
       3.107     0.875000        43712         8.00
       3.265     0.887500        44332         8.89
       3.445     0.900000        44959        10.00
       3.651     0.912500        45583        11.43
       3.895     0.925000        46207        13.33
       4.135     0.937500        46833        16.00
       4.295     0.943750        47144        17.78
       4.463     0.950000        47457        20.00
       4.639     0.956250        47771        22.86
       4.835     0.962500        48077        26.67
       5.095     0.968750        48393        32.00
       5.235     0.971875        48547        35.56
       5.399     0.975000        48705        40.00
       5.603     0.978125        48860        45.71
       5.855     0.981250        49016        53.33
       6.175     0.984375        49171        64.00
       6.367     0.985938        49248        71.11
       6.631     0.987500        49327        80.00
       6.939     0.989062        49404        91.43
       7.331     0.990625        49484       106.67
       7.715     0.992188        49560       128.00
       7.947     0.992969        49600       142.22
       8.199     0.993750        49638       160.00
       8.591     0.994531        49677       182.86
       9.463     0.995313        49716       213.33
      10.319     0.996094        49756       256.00
      10.711     0.996484        49776       284.44
      11.071     0.996875        49795       320.00
      11.575     0.997266        49815       365.71
      11.935     0.997656        49833       426.67
      12.599     0.998047        49853       512.00
      12.839     0.998242        49863       568.89
      13.439     0.998437        49872       640.00
      13.831     0.998633        49882       731.43
      14.295     0.998828        49892       853.33
      14.711     0.999023        49902      1024.00
      15.007     0.999121        49907      1137.78
      15.159     0.999219        49911      1280.00
      15.535     0.999316        49916      1462.86
      16.079     0.999414        49921      1706.67
      16.215     0.999512        49926      2048.00
      16.751     0.999561        49929      2275.56
      16.991     0.999609        49931      2560.00
      17.183     0.999658        49933      2925.71
      17.599     0.999707        49936      3413.33
      17.807     0.999756        49938      4096.00
      17.983     0.999780        49940      4551.11
      18.639     0.999805        49941      5120.00
      18.767     0.999829        49942      5851.43
      18.847     0.999854        49943      6826.67
      18.927     0.999878        49944      8192.00
      19.439     0.999890        49945      9102.22
      19.471     0.999902        49946     10240.00
      19.471     0.999915        49946     11702.86
      19.503     0.999927        49948     13653.33
      19.503     0.999939        49948     16384.00
      19.503     0.999945        49948     18204.44
      19.503     0.999951        49948     20480.00
      19.503     0.999957        49948     23405.71
      20.575     0.999963        49949     27306.67
      20.575     0.999969        49949     32768.00
      20.575     0.999973        49949     36408.89
      20.575     0.999976        49949     40960.00
      20.575     0.999979        49949     46811.43
      21.087     0.999982        49950     54613.33
      21.087     1.000000        49950          inf
#[Mean    =        1.846, StdDeviation   =        1.434]
#[Max     =       21.072, Total count    =        49950]
#[Buckets =           27, SubBuckets     =         2048]
----------------------------------------------------------
  49959 requests in 10.00s, 8.34MB read
Requests/sec:   4994.37
Transfer/sec:    853.53KB
