Running 10s test @ http://localhost
  2 threads and 10 connections
  Thread Stats   Avg      Stdev     Max   +/- Stdev
    Latency     1.76ms    1.30ms  17.57ms   86.91%
    Req/Sec       -nan      -nan   0.00      0.00%
  Latency Distribution (HdrHistogram - Recorded Latency)
 50.000%    1.48ms
 75.000%    2.10ms
 90.000%    3.09ms
 99.000%    6.56ms
 99.900%   13.50ms
 99.990%   16.18ms
 99.999%   17.58ms
100.000%   17.58ms

  Detailed Percentile spectrum:
       Value   Percentile   TotalCount 1/(1-Percentile)

       0.078     0.000000            1         1.00
       0.657     0.100000         5001         1.11
       0.877     0.200000         9990         1.25
       1.079     0.300000        15003         1.43
       1.267     0.400000        19989         1.67
       1.479     0.500000        24974         2.00
       1.589     0.550000        27481         2.22
       1.696     0.600000        29973         2.50
       1.815     0.650000        32466         2.86
       1.943     0.700000        34967         3.33
       2.099     0.750000        37479         4.00
       2.185     0.775000        38699         4.44
       2.291     0.800000        39965         5.00
       2.417     0.825000        41213         5.71
       2.573     0.850000        42453         6.67
       2.783     0.875000        43706         8.00
       2.915     0.887500        44317         8.89
       3.087     0.900000        44943        10.00
       3.283     0.912500        45564        11.43
       3.511     0.925000        46194        13.33
       3.779     0.937500        46814        16.00
       3.939     0.943750        47126        17.78
       4.123     0.950000        47438        20.00
       4.327     0.956250        47749        22.86
       4.547     0.962500        48068        26.67
       4.811     0.968750        48375        32.00
       4.971     0.971875        48530        35.56
       5.155     0.975000        48686        40.00
       5.331     0.978125        48841        45.71
       5.523     0.981250        48997        53.33
       5.799     0.984375        49155        64.00
       5.983     0.985938        49231        71.11
       6.183     0.987500        49313        80.00
       6.399     0.989062        49387        91.43
       6.683     0.990625        49465       106.67
       7.167     0.992188        49543       128.00
       7.419     0.992969        49582       142.22
       7.715     0.993750        49621       160.00
       8.103     0.994531        49660       182.86
       8.583     0.995313        49700       213.33
       9.271     0.996094        49738       256.00
       9.647     0.996484        49758       284.44
      10.039     0.996875        49777       320.00
      10.487     0.997266        49798       365.71
      10.967     0.997656        49817       426.67
      11.623     0.998047        49836       512.00
      12.127     0.998242        49846       568.89
      12.407     0.998437        49855       640.00
      12.759     0.998633        49866       731.43
      13.167     0.998828        49875       853.33
      13.575     0.999023        49885      1024.00
      13.903     0.999121        49891      1137.78
      13.991     0.999219        49894      1280.00
      14.191     0.999316        49899      1462.86
      14.399     0.999414        49904      1706.67
      14.647     0.999512        49909      2048.00
      14.823     0.999561        49912      2275.56
      14.831     0.999609        49914      2560.00
      15.047     0.999658        49916      2925.71
      15.447     0.999707        49919      3413.33
      15.607     0.999756        49921      4096.00
      15.735     0.999780        49923      4551.11
      15.767     0.999805        49924      5120.00
      15.887     0.999829        49925      5851.43
      16.031     0.999854        49926      6826.67
      16.119     0.999878        49927      8192.00
      16.183     0.999890        49928      9102.22
      16.207     0.999902        49929     10240.00
      16.207     0.999915        49929     11702.86
      16.255     0.999927        49930     13653.33
      16.255     0.999939        49930     16384.00
      16.431     0.999945        49931     18204.44
      16.431     0.999951        49931     20480.00
      16.431     0.999957        49931     23405.71
      16.879     0.999963        49932     27306.67
      16.879     0.999969        49932     32768.00
      16.879     0.999973        49932     36408.89
      16.879     0.999976        49932     40960.00
      16.879     0.999979        49932     46811.43
      17.583     0.999982        49933     54613.33
      17.583     1.000000        49933          inf
#[Mean    =        1.762, StdDeviation   =        1.303]
#[Max     =       17.568, Total count    =        49933]
#[Buckets =           27, SubBuckets     =         2048]
----------------------------------------------------------
  49936 requests in 10.00s, 8.33MB read
Requests/sec:   4993.47
Transfer/sec:    853.38KB
