Running 10s test @ http://localhost
  2 threads and 10 connections
  Thread Stats   Avg      Stdev     Max   +/- Stdev
    Latency     1.72ms    1.20ms  15.54ms   84.16%
    Req/Sec       -nan      -nan   0.00      0.00%
  Latency Distribution (HdrHistogram - Recorded Latency)
 50.000%    1.45ms
 75.000%    2.09ms
 90.000%    3.05ms
 99.000%    6.09ms
 99.900%   11.83ms
 99.990%   14.82ms
 99.999%   15.55ms
100.000%   15.55ms

  Detailed Percentile spectrum:
       Value   Percentile   TotalCount 1/(1-Percentile)

       0.170     0.000000            1         1.00
       0.649     0.100000         5002         1.11
       0.865     0.200000         9999         1.25
       1.061     0.300000        14992         1.43
       1.250     0.400000        20008         1.67
       1.452     0.500000        24981         2.00
       1.568     0.550000        27482         2.22
       1.690     0.600000        29974         2.50
       1.814     0.650000        32475         2.86
       1.937     0.700000        34971         3.33
       2.085     0.750000        37486         4.00
       2.171     0.775000        38720         4.44
       2.267     0.800000        39965         5.00
       2.389     0.825000        41211         5.71
       2.553     0.850000        42452         6.67
       2.765     0.875000        43704         8.00
       2.903     0.887500        44330         8.89
       3.047     0.900000        44950        10.00
       3.227     0.912500        45573        11.43
       3.427     0.925000        46196        13.33
       3.677     0.937500        46822        16.00
       3.805     0.943750        47132        17.78
       3.969     0.950000        47450        20.00
       4.147     0.956250        47758        22.86
       4.355     0.962500        48073        26.67
       4.591     0.968750        48382        32.00
       4.719     0.971875        48541        35.56
       4.875     0.975000        48693        40.00
       5.063     0.978125        48851        45.71
       5.267     0.981250        49005        53.33
       5.479     0.984375        49163        64.00
       5.603     0.985938        49240        71.11
       5.759     0.987500        49318        80.00
       5.955     0.989062        49396        91.43
       6.195     0.990625        49473       106.67
       6.543     0.992188        49551       128.00
       6.695     0.992969        49590       142.22
       6.903     0.993750        49631       160.00
       7.195     0.994531        49668       182.86
       7.511     0.995313        49708       213.33
       7.747     0.996094        49747       256.00
       7.959     0.996484        49767       284.44
       8.335     0.996875        49785       320.00
       8.751     0.997266        49806       365.71
       9.207     0.997656        49824       426.67
       9.591     0.998047        49844       512.00
      10.031     0.998242        49854       568.89
      10.487     0.998437        49863       640.00
      11.015     0.998633        49873       731.43
      11.511     0.998828        49884       853.33
      11.887     0.999023        49893      1024.00
      12.447     0.999121        49898      1137.78
      12.639     0.999219        49902      1280.00
      12.991     0.999316        49907      1462.86
      13.263     0.999414        49912      1706.67
      13.671     0.999512        49917      2048.00
      13.887     0.999561        49920      2275.56
      14.039     0.999609        49922      2560.00
      14.207     0.999658        49924      2925.71
      14.463     0.999707        49927      3413.33
      14.567     0.999756        49929      4096.00
      14.591     0.999780        49931      4551.11
      14.655     0.999805        49932      5120.00
      14.671     0.999829        49933      5851.43
      14.703     0.999854        49934      6826.67
      14.783     0.999878        49935      8192.00
      14.823     0.999890        49936      9102.22
      14.887     0.999902        49937     10240.00
      14.887     0.999915        49937     11702.86
      15.279     0.999927        49938     13653.33
      15.279     0.999939        49938     16384.00
      15.399     0.999945        49939     18204.44
      15.399     0.999951        49939     20480.00
      15.399     0.999957        49939     23405.71
      15.535     0.999963        49940     27306.67
      15.535     0.999969        49940     32768.00
      15.535     0.999973        49940     36408.89
      15.535     0.999976        49940     40960.00
      15.535     0.999979        49940     46811.43
      15.551     0.999982        49941     54613.33
      15.551     1.000000        49941          inf
#[Mean    =        1.725, StdDeviation   =        1.204]
#[Max     =       15.544, Total count    =        49941]
#[Buckets =           27, SubBuckets     =         2048]
----------------------------------------------------------
  49948 requests in 10.00s, 8.34MB read
Requests/sec:   4994.77
Transfer/sec:    853.60KB
