Running 10s test @ http://localhost
  2 threads and 10 connections
  Thread Stats   Avg      Stdev     Max   +/- Stdev
    Latency    41.25ms  169.77ms   1.01s    94.74%
    Req/Sec       -nan      -nan   0.00      0.00%
  Latency Distribution (HdrHistogram - Recorded Latency)
 50.000%    1.64ms
 75.000%    2.58ms
 90.000%    5.30ms
 99.000%  905.22ms
 99.900%  992.77ms
 99.990%    1.00s 
 99.999%    1.01s 
100.000%    1.01s 

  Detailed Percentile spectrum:
       Value   Percentile   TotalCount 1/(1-Percentile)

       0.157     0.000000            1         1.00
       0.722     0.100000         4877         1.11
       0.947     0.200000         9748         1.25
       1.165     0.300000        14632         1.43
       1.391     0.400000        19502         1.67
       1.641     0.500000        24363         2.00
       1.784     0.550000        26799         2.22
       1.926     0.600000        29246         2.50
       2.087     0.650000        31680         2.86
       2.293     0.700000        34109         3.33
       2.575     0.750000        36544         4.00
       2.781     0.775000        37766         4.44
       3.051     0.800000        38981         5.00
       3.397     0.825000        40202         5.71
       3.865     0.850000        41413         6.67
       4.475     0.875000        42639         8.00
       4.831     0.887500        43240         8.89
       5.295     0.900000        43849        10.00
       5.851     0.912500        44459        11.43
       6.899     0.925000        45068        13.33
       9.127     0.937500        45678        16.00
      12.159     0.943750        45981        17.78
     518.143     0.950000        46291        20.00
     576.511     0.956250        46592        22.86
     637.439     0.962500        46894        26.67
     698.879     0.968750        47200        32.00
     728.575     0.971875        47352        35.56
     759.295     0.975000        47505        40.00
     790.015     0.978125        47659        45.71
     819.711     0.981250        47808        53.33
     851.967     0.984375        47964        64.00
     866.303     0.985938        48036        71.11
     882.687     0.987500        48116        80.00
     897.023     0.989062        48193        91.43
     911.871     0.990625        48269       106.67
     926.719     0.992188        48341       128.00
     934.399     0.992969        48379       142.22
     942.591     0.993750        48421       160.00
     951.295     0.994531        48455       182.86
     957.439     0.995313        48495       213.33
     965.631     0.996094        48531       256.00
     970.239     0.996484        48550       284.44
     973.823     0.996875        48571       320.00
     975.871     0.997266        48588       365.71
     980.479     0.997656        48608       426.67
     985.087     0.998047        48626       512.00
     987.135     0.998242        48639       568.89
     988.671     0.998437        48652       640.00
     990.207     0.998633        48659       731.43
     990.719     0.998828        48664       853.33
     993.791     0.999023        48676      1024.00
     995.327     0.999121        48681      1137.78
     996.351     0.999219        48684      1280.00
     997.375     0.999316        48688      1462.86
     998.911     0.999414        48693      1706.67
    1000.959     0.999512        48702      2048.00
    1000.959     0.999561        48702      2275.56
    1000.959     0.999609        48702      2560.00
    1001.471     0.999658        48707      2925.71
    1001.471     0.999707        48707      3413.33
    1002.495     0.999756        48712      4096.00
    1002.495     0.999780        48712      4551.11
    1002.495     0.999805        48712      5120.00
    1003.007     0.999829        48714      5851.43
    1003.007     0.999854        48714      6826.67
    1004.031     0.999878        48717      8192.00
    1004.031     0.999890        48717      9102.22
    1004.031     0.999902        48717     10240.00
    1004.031     0.999915        48717     11702.86
    1004.543     0.999927        48719     13653.33
    1004.543     0.999939        48719     16384.00
    1004.543     0.999945        48719     18204.44
    1004.543     0.999951        48719     20480.00
    1004.543     0.999957        48719     23405.71
    1005.055     0.999963        48720     27306.67
    1005.055     0.999969        48720     32768.00
    1005.055     0.999973        48720     36408.89
    1005.055     0.999976        48720     40960.00
    1005.055     0.999979        48720     46811.43
    1006.591     0.999982        48721     54613.33
    1006.591     1.000000        48721          inf
#[Mean    =       41.252, StdDeviation   =      169.774]
#[Max     =     1006.080, Total count    =        48721]
#[Buckets =           27, SubBuckets     =         2048]
----------------------------------------------------------
  48730 requests in 10.00s, 8.13MB read
Requests/sec:   4872.72
Transfer/sec:    832.74KB
