Running 10s test @ http://localhost
  2 threads and 10 connections
  Thread Stats   Avg      Stdev     Max   +/- Stdev
    Latency     1.92ms    1.58ms  19.22ms   89.43%
    Req/Sec       -nan      -nan   0.00      0.00%
  Latency Distribution (HdrHistogram - Recorded Latency)
 50.000%    1.54ms
 75.000%    2.20ms
 90.000%    3.52ms
 99.000%    8.40ms
 99.900%   16.06ms
 99.990%   17.89ms
 99.999%   19.23ms
100.000%   19.23ms

  Detailed Percentile spectrum:
       Value   Percentile   TotalCount 1/(1-Percentile)

       0.142     0.000000            1         1.00
       0.713     0.100000         5020         1.11
       0.930     0.200000        10005         1.25
       1.117     0.300000        14982         1.43
       1.325     0.400000        19999         1.67
       1.540     0.500000        24975         2.00
       1.653     0.550000        27473         2.22
       1.772     0.600000        29968         2.50
       1.900     0.650000        32484         2.86
       2.033     0.700000        34958         3.33
       2.203     0.750000        37485         4.00
       2.315     0.775000        38725         4.44
       2.447     0.800000        39974         5.00
       2.629     0.825000        41215         5.71
       2.871     0.850000        42455         6.67
       3.161     0.875000        43700         8.00
       3.343     0.887500        44328         8.89
       3.521     0.900000        44951        10.00
       3.747     0.912500        45573        11.43
       3.997     0.925000        46198        13.33
       4.287     0.937500        46820        16.00
       4.451     0.943750        47131        17.78
       4.619     0.950000        47445        20.00
       4.843     0.956250        47758        22.86
       5.083     0.962500        48071        26.67
       5.383     0.968750        48380        32.00
       5.591     0.971875        48536        35.56
       5.823     0.975000        48692        40.00
       6.083     0.978125        48849        45.71
       6.443     0.981250        49004        53.33
       6.931     0.984375        49160        64.00
       7.335     0.985938        49239        71.11
       7.691     0.987500        49316        80.00
       8.127     0.989062        49394        91.43
       8.623     0.990625        49473       106.67
       9.359     0.992188        49550       128.00
       9.783     0.992969        49589       142.22
      10.423     0.993750        49628       160.00
      11.079     0.994531        49667       182.86
      11.727     0.995313        49706       213.33
      12.295     0.996094        49745       256.00
      12.663     0.996484        49765       284.44
      13.023     0.996875        49784       320.00
      13.567     0.997266        49805       365.71
      13.983     0.997656        49823       426.67
      14.639     0.998047        49843       512.00
      14.927     0.998242        49853       568.89
      15.135     0.998437        49863       640.00
      15.623     0.998633        49872       731.43
      15.879     0.998828        49882       853.33
      16.127     0.999023        49894      1024.00
      16.231     0.999121        49897      1137.78
      16.463     0.999219        49901      1280.00
      16.543     0.999316        49906      1462.86
      16.655     0.999414        49911      1706.67
      17.055     0.999512        49916      2048.00
      17.199     0.999561        49919      2275.56
      17.279     0.999609        49921      2560.00
      17.311     0.999658        49924      2925.71
      17.519     0.999707        49927      3413.33
      17.567     0.999756        49928      4096.00
      17.615     0.999780        49931      4551.11
      17.615     0.999805        49931      5120.00
      17.631     0.999829        49932      5851.43
      17.695     0.999854        49933      6826.67
      17.887     0.999878        49935      8192.00
      17.887     0.999890        49935      9102.22
      17.935     0.999902        49936     10240.00
      17.935     0.999915        49936     11702.86
      17.999     0.999927        49937     13653.33
      17.999     0.999939        49937     16384.00
      18.159     0.999945        49938     18204.44
      18.159     0.999951        49938     20480.00
      18.159     0.999957        49938     23405.71
      18.351     0.999963        49939     27306.67
      18.351     0.999969        49939     32768.00
      18.351     0.999973        49939     36408.89
      18.351     0.999976        49939     40960.00
      18.351     0.999979        49939     46811.43
      19.231     0.999982        49940     54613.33
      19.231     1.000000        49940          inf
#[Mean    =        1.923, StdDeviation   =        1.584]
#[Max     =       19.216, Total count    =        49940]
#[Buckets =           27, SubBuckets     =         2048]
----------------------------------------------------------
  49949 requests in 10.00s, 8.34MB read
Requests/sec:   4993.85
Transfer/sec:    853.44KB
