Running 10s test @ http://localhost
  2 threads and 10 connections
  Thread Stats   Avg      Stdev     Max   +/- Stdev
    Latency     1.83ms    1.30ms  17.38ms   83.50%
    Req/Sec       -nan      -nan   0.00      0.00%
  Latency Distribution (HdrHistogram - Recorded Latency)
 50.000%    1.51ms
 75.000%    2.21ms
 90.000%    3.33ms
 99.000%    6.68ms
 99.900%   11.38ms
 99.990%   15.77ms
 99.999%   17.39ms
100.000%   17.39ms

  Detailed Percentile spectrum:
       Value   Percentile   TotalCount 1/(1-Percentile)

       0.088     0.000000            1         1.00
       0.651     0.100000         5006         1.11
       0.888     0.200000        10001         1.25
       1.103     0.300000        14984         1.43
       1.299     0.400000        19987         1.67
       1.511     0.500000        24980         2.00
       1.631     0.550000        27483         2.22
       1.767     0.600000        29975         2.50
       1.902     0.650000        32479         2.86
       2.043     0.700000        34972         3.33
       2.211     0.750000        37467         4.00
       2.307     0.775000        38712         4.44
       2.419     0.800000        39971         5.00
       2.565     0.825000        41210         5.71
       2.751     0.850000        42459         6.67
       2.995     0.875000        43705         8.00
       3.157     0.887500        44334         8.89
       3.327     0.900000        44955        10.00
       3.531     0.912500        45580        11.43
       3.765     0.925000        46203        13.33
       4.065     0.937500        46826        16.00
       4.211     0.943750        47140        17.78
       4.387     0.950000        47457        20.00
       4.583     0.956250        47769        22.86
       4.799     0.962500        48077        26.67
       5.075     0.968750        48387        32.00
       5.227     0.971875        48545        35.56
       5.375     0.975000        48702        40.00
       5.543     0.978125        48859        45.71
       5.751     0.981250        49010        53.33
       6.003     0.984375        49169        64.00
       6.139     0.985938        49244        71.11
       6.311     0.987500        49323        80.00
       6.519     0.989062        49400        91.43
       6.747     0.990625        49478       106.67
       7.007     0.992188        49556       128.00
       7.207     0.992969        49596       142.22
       7.443     0.993750        49634       160.00
       7.615     0.994531        49674       182.86
       7.915     0.995313        49713       213.33
       8.207     0.996094        49752       256.00
       8.335     0.996484        49771       284.44
       8.559     0.996875        49791       320.00
       8.759     0.997266        49810       365.71
       9.047     0.997656        49831       426.67
       9.383     0.998047        49849       512.00
       9.583     0.998242        49859       568.89
      10.047     0.998437        49868       640.00
      10.319     0.998633        49879       731.43
      10.631     0.998828        49888       853.33
      11.415     0.999023        49898      1024.00
      11.839     0.999121        49903      1137.78
      12.199     0.999219        49907      1280.00
      12.351     0.999316        49912      1462.86
      12.871     0.999414        49917      1706.67
      13.119     0.999512        49922      2048.00
      13.247     0.999561        49925      2275.56
      13.279     0.999609        49927      2560.00
      13.495     0.999658        49929      2925.71
      13.879     0.999707        49932      3413.33
      14.039     0.999756        49934      4096.00
      14.375     0.999780        49936      4551.11
      14.391     0.999805        49937      5120.00
      15.095     0.999829        49938      5851.43
      15.167     0.999854        49939      6826.67
      15.351     0.999878        49940      8192.00
      15.775     0.999890        49941      9102.22
      15.999     0.999902        49942     10240.00
      15.999     0.999915        49942     11702.86
      16.479     0.999927        49943     13653.33
      16.479     0.999939        49943     16384.00
      16.559     0.999945        49944     18204.44
      16.559     0.999951        49944     20480.00
      16.559     0.999957        49944     23405.71
      16.719     0.999963        49945     27306.67
      16.719     0.999969        49945     32768.00
      16.719     0.999973        49945     36408.89
      16.719     0.999976        49945     40960.00
      16.719     0.999979        49945     46811.43
      17.391     0.999982        49946     54613.33
      17.391     1.000000        49946          inf
#[Mean    =        1.826, StdDeviation   =        1.301]
#[Max     =       17.376, Total count    =        49946]
#[Buckets =           27, SubBuckets     =         2048]
----------------------------------------------------------
  49951 requests in 10.00s, 8.34MB read
Requests/sec:   4994.72
Transfer/sec:    853.59KB
