Running 10s test @ http://localhost
  2 threads and 10 connections
  Thread Stats   Avg      Stdev     Max   +/- Stdev
    Latency     1.88ms    1.42ms  19.97ms   87.89%
    Req/Sec       -nan      -nan   0.00      0.00%
  Latency Distribution (HdrHistogram - Recorded Latency)
 50.000%    1.54ms
 75.000%    2.22ms
 90.000%    3.36ms
 99.000%    7.28ms
 99.900%   14.34ms
 99.990%   18.90ms
 99.999%   19.98ms
100.000%   19.98ms

  Detailed Percentile spectrum:
       Value   Percentile   TotalCount 1/(1-Percentile)

       0.172     0.000000            1         1.00
       0.713     0.100000         5004         1.11
       0.921     0.200000        10004         1.25
       1.117     0.300000        14998         1.43
       1.325     0.400000        19980         1.67
       1.539     0.500000        24994         2.00
       1.664     0.550000        27480         2.22
       1.794     0.600000        29969         2.50
       1.919     0.650000        32472         2.86
       2.055     0.700000        35002         3.33
       2.225     0.750000        37484         4.00
       2.323     0.775000        38714         4.44
       2.433     0.800000        39975         5.00
       2.571     0.825000        41211         5.71
       2.759     0.850000        42459         6.67
       3.001     0.875000        43713         8.00
       3.169     0.887500        44328         8.89
       3.363     0.900000        44952        10.00
       3.569     0.912500        45578        11.43
       3.839     0.925000        46201        13.33
       4.163     0.937500        46830        16.00
       4.343     0.943750        47137        17.78
       4.527     0.950000        47454        20.00
       4.723     0.956250        47761        22.86
       4.947     0.962500        48076        26.67
       5.231     0.968750        48386        32.00
       5.387     0.971875        48546        35.56
       5.595     0.975000        48698        40.00
       5.835     0.978125        48855        45.71
       6.083     0.981250        49012        53.33
       6.423     0.984375        49166        64.00
       6.615     0.985938        49245        71.11
       6.859     0.987500        49323        80.00
       7.115     0.989062        49400        91.43
       7.411     0.990625        49478       106.67
       7.827     0.992188        49559       128.00
       8.035     0.992969        49595       142.22
       8.311     0.993750        49634       160.00
       8.567     0.994531        49674       182.86
       8.911     0.995313        49712       213.33
       9.495     0.996094        49751       256.00
       9.815     0.996484        49771       284.44
      10.135     0.996875        49790       320.00
      10.647     0.997266        49810       365.71
      11.167     0.997656        49829       426.67
      11.807     0.998047        49849       512.00
      12.359     0.998242        49859       568.89
      12.775     0.998437        49868       640.00
      13.231     0.998633        49878       731.43
      13.999     0.998828        49888       853.33
      14.575     0.999023        49898      1024.00
      14.975     0.999121        49903      1137.78
      15.287     0.999219        49907      1280.00
      15.575     0.999316        49912      1462.86
      15.831     0.999414        49917      1706.67
      16.343     0.999512        49922      2048.00
      16.783     0.999561        49925      2275.56
      16.959     0.999609        49927      2560.00
      17.343     0.999658        49929      2925.71
      17.759     0.999707        49932      3413.33
      17.855     0.999756        49934      4096.00
      18.303     0.999780        49936      4551.11
      18.319     0.999805        49937      5120.00
      18.415     0.999829        49938      5851.43
      18.703     0.999854        49939      6826.67
      18.895     0.999878        49941      8192.00
      18.895     0.999890        49941      9102.22
      19.007     0.999902        49942     10240.00
      19.007     0.999915        49942     11702.86
      19.295     0.999927        49943     13653.33
      19.295     0.999939        49943     16384.00
      19.375     0.999945        49944     18204.44
      19.375     0.999951        49944     20480.00
      19.375     0.999957        49944     23405.71
      19.487     0.999963        49945     27306.67
      19.487     0.999969        49945     32768.00
      19.487     0.999973        49945     36408.89
      19.487     0.999976        49945     40960.00
      19.487     0.999979        49945     46811.43
      19.983     0.999982        49946     54613.33
      19.983     1.000000        49946          inf
#[Mean    =        1.879, StdDeviation   =        1.417]
#[Max     =       19.968, Total count    =        49946]
#[Buckets =           27, SubBuckets     =         2048]
----------------------------------------------------------
  49951 requests in 10.00s, 8.34MB read
Requests/sec:   4995.18
Transfer/sec:    853.67KB
