Running 10s test @ http://localhost
  2 threads and 10 connections
  Thread Stats   Avg      Stdev     Max   +/- Stdev
    Latency     1.71ms    1.19ms  15.12ms   84.46%
    Req/Sec       -nan      -nan   0.00      0.00%
  Latency Distribution (HdrHistogram - Recorded Latency)
 50.000%    1.45ms
 75.000%    2.09ms
 90.000%    2.93ms
 99.000%    6.07ms
 99.900%   12.30ms
 99.990%   14.63ms
 99.999%   15.13ms
100.000%   15.13ms

  Detailed Percentile spectrum:
       Value   Percentile   TotalCount 1/(1-Percentile)

       0.139     0.000000            1         1.00
       0.642     0.100000         5002         1.11
       0.871     0.200000        10015         1.25
       1.079     0.300000        14994         1.43
       1.266     0.400000        19982         1.67
       1.454     0.500000        24995         2.00
       1.559     0.550000        27476         2.22
       1.673     0.600000        29973         2.50
       1.797     0.650000        32468         2.86
       1.935     0.700000        34968         3.33
       2.091     0.750000        37466         4.00
       2.175     0.775000        38726         4.44
       2.269     0.800000        39968         5.00
       2.375     0.825000        41210         5.71
       2.505     0.850000        42457         6.67
       2.679     0.875000        43709         8.00
       2.789     0.887500        44340         8.89
       2.929     0.900000        44959        10.00
       3.101     0.912500        45581        11.43
       3.301     0.925000        46203        13.33
       3.555     0.937500        46829        16.00
       3.695     0.943750        47141        17.78
       3.845     0.950000        47454        20.00
       4.025     0.956250        47768        22.86
       4.251     0.962500        48076        26.67
       4.491     0.968750        48389        32.00
       4.623     0.971875        48546        35.56
       4.779     0.975000        48700        40.00
       4.951     0.978125        48858        45.71
       5.167     0.981250        49014        53.33
       5.419     0.984375        49170        64.00
       5.563     0.985938        49248        71.11
       5.743     0.987500        49324        80.00
       5.915     0.989062        49402        91.43
       6.175     0.990625        49480       106.67
       6.595     0.992188        49558       128.00
       6.839     0.992969        49597       142.22
       7.059     0.993750        49637       160.00
       7.359     0.994531        49676       182.86
       7.667     0.995313        49714       213.33
       8.139     0.996094        49753       256.00
       8.367     0.996484        49773       284.44
       8.647     0.996875        49793       320.00
       8.927     0.997266        49812       365.71
       9.399     0.997656        49831       426.67
      10.023     0.998047        49851       512.00
      10.415     0.998242        49861       568.89
      10.815     0.998437        49870       640.00
      11.159     0.998633        49880       731.43
      11.775     0.998828        49890       853.33
      12.383     0.999023        49900      1024.00
      12.567     0.999121        49905      1137.78
      12.855     0.999219        49909      1280.00
      13.191     0.999316        49914      1462.86
      13.343     0.999414        49919      1706.67
      13.647     0.999512        49925      2048.00
      13.695     0.999561        49927      2275.56
      13.911     0.999609        49929      2560.00
      13.959     0.999658        49931      2925.71
      14.175     0.999707        49934      3413.33
      14.231     0.999756        49936      4096.00
      14.255     0.999780        49938      4551.11
      14.399     0.999805        49939      5120.00
      14.527     0.999829        49941      5851.43
      14.527     0.999854        49941      6826.67
      14.543     0.999878        49942      8192.00
      14.631     0.999890        49943      9102.22
      14.671     0.999902        49944     10240.00
      14.671     0.999915        49944     11702.86
      14.695     0.999927        49945     13653.33
      14.695     0.999939        49945     16384.00
      14.759     0.999945        49946     18204.44
      14.759     0.999951        49946     20480.00
      14.759     0.999957        49946     23405.71
      14.847     0.999963        49947     27306.67
      14.847     0.999969        49947     32768.00
      14.847     0.999973        49947     36408.89
      14.847     0.999976        49947     40960.00
      14.847     0.999979        49947     46811.43
      15.127     0.999982        49948     54613.33
      15.127     1.000000        49948          inf
#[Mean    =        1.712, StdDeviation   =        1.190]
#[Max     =       15.120, Total count    =        49948]
#[Buckets =           27, SubBuckets     =         2048]
----------------------------------------------------------
  49953 requests in 10.00s, 8.34MB read
Requests/sec:   4995.12
Transfer/sec:    853.66KB
