Running 10s test @ http://localhost
  2 threads and 10 connections
  Thread Stats   Avg      Stdev     Max   +/- Stdev
    Latency     1.90ms    1.28ms  14.72ms   83.35%
    Req/Sec       -nan      -nan   0.00      0.00%
  Latency Distribution (HdrHistogram - Recorded Latency)
 50.000%    1.59ms
 75.000%    2.26ms
 90.000%    3.43ms
 99.000%    6.55ms
 99.900%   11.49ms
 99.990%   13.63ms
 99.999%   14.73ms
100.000%   14.73ms

  Detailed Percentile spectrum:
       Value   Percentile   TotalCount 1/(1-Percentile)

       0.143     0.000000            1         1.00
       0.763     0.100000         5006         1.11
       0.978     0.200000        10007         1.25
       1.178     0.300000        14983         1.43
       1.369     0.400000        19996         1.67
       1.591     0.500000        24983         2.00
       1.708     0.550000        27469         2.22
       1.828     0.600000        29979         2.50
       1.945     0.650000        32476         2.86
       2.089     0.700000        34970         3.33
       2.261     0.750000        37462         4.00
       2.363     0.775000        38718         4.44
       2.485     0.800000        39952         5.00
       2.645     0.825000        41220         5.71
       2.837     0.850000        42449         6.67
       3.093     0.875000        43698         8.00
       3.249     0.887500        44326         8.89
       3.429     0.900000        44955        10.00
       3.627     0.912500        45573        11.43
       3.841     0.925000        46197        13.33
       4.093     0.937500        46823        16.00
       4.231     0.943750        47131        17.78
       4.387     0.950000        47447        20.00
       4.571     0.956250        47757        22.86
       4.787     0.962500        48070        26.67
       5.051     0.968750        48384        32.00
       5.183     0.971875        48541        35.56
       5.327     0.975000        48693        40.00
       5.503     0.978125        48849        45.71
       5.687     0.981250        49005        53.33
       5.931     0.984375        49161        64.00
       6.067     0.985938        49240        71.11
       6.247     0.987500        49316        80.00
       6.435     0.989062        49394        91.43
       6.635     0.990625        49473       106.67
       6.879     0.992188        49550       128.00
       7.023     0.992969        49589       142.22
       7.207     0.993750        49628       160.00
       7.427     0.994531        49668       182.86
       7.759     0.995313        49707       213.33
       8.215     0.996094        49745       256.00
       8.447     0.996484        49765       284.44
       8.783     0.996875        49785       320.00
       9.279     0.997266        49805       365.71
       9.623     0.997656        49823       426.67
       9.927     0.998047        49843       512.00
      10.423     0.998242        49853       568.89
      10.855     0.998437        49862       640.00
      10.967     0.998633        49872       731.43
      11.287     0.998828        49882       853.33
      11.551     0.999023        49892      1024.00
      11.743     0.999121        49897      1137.78
      11.871     0.999219        49901      1280.00
      12.023     0.999316        49906      1462.86
      12.247     0.999414        49911      1706.67
      12.367     0.999512        49916      2048.00
      12.567     0.999561        49920      2275.56
      12.655     0.999609        49921      2560.00
      12.767     0.999658        49923      2925.71
      12.871     0.999707        49926      3413.33
      12.935     0.999756        49928      4096.00
      13.063     0.999780        49930      4551.11
      13.199     0.999805        49931      5120.00
      13.327     0.999829        49932      5851.43
      13.487     0.999854        49934      6826.67
      13.487     0.999878        49934      8192.00
      13.631     0.999890        49935      9102.22
      14.015     0.999902        49936     10240.00
      14.015     0.999915        49936     11702.86
      14.119     0.999927        49937     13653.33
      14.119     0.999939        49937     16384.00
      14.495     0.999945        49938     18204.44
      14.495     0.999951        49938     20480.00
      14.495     0.999957        49938     23405.71
      14.639     0.999963        49939     27306.67
      14.639     0.999969        49939     32768.00
      14.639     0.999973        49939     36408.89
      14.639     0.999976        49939     40960.00
      14.639     0.999979        49939     46811.43
      14.727     0.999982        49940     54613.33
      14.727     1.000000        49940          inf
#[Mean    =        1.896, StdDeviation   =        1.276]
#[Max     =       14.720, Total count    =        49940]
#[Buckets =           27, SubBuckets     =         2048]
----------------------------------------------------------
  49945 requests in 10.00s, 8.34MB read
Requests/sec:   4994.87
Transfer/sec:    853.61KB
