Running 10s test @ http://localhost
  2 threads and 10 connections
  Thread Stats   Avg      Stdev     Max   +/- Stdev
    Latency     1.55ms    2.57ms  48.45ms   98.10%
    Req/Sec       -nan      -nan   0.00      0.00%
  Latency Distribution (HdrHistogram - Recorded Latency)
 50.000%    1.21ms
 75.000%    1.66ms
 90.000%    2.12ms
 99.000%   10.06ms
 99.900%   41.85ms
 99.990%   47.04ms
 99.999%   48.48ms
100.000%   48.48ms

  Detailed Percentile spectrum:
       Value   Percentile   TotalCount 1/(1-Percentile)

       0.118     0.000000            1         1.00
       0.651     0.100000         5012         1.11
       0.807     0.200000        10007         1.25
       0.944     0.300000        14996         1.43
       1.070     0.400000        20006         1.67
       1.207     0.500000        24998         2.00
       1.279     0.550000        27471         2.22
       1.359     0.600000        29980         2.50
       1.447     0.650000        32478         2.86
       1.548     0.700000        34970         3.33
       1.665     0.750000        37481         4.00
       1.728     0.775000        38713         4.44
       1.797     0.800000        39964         5.00
       1.865     0.825000        41211         5.71
       1.938     0.850000        42459         6.67
       2.019     0.875000        43709         8.00
       2.067     0.887500        44329         8.89
       2.119     0.900000        44971        10.00
       2.173     0.912500        45589        11.43
       2.241     0.925000        46202        13.33
       2.325     0.937500        46835        16.00
       2.369     0.943750        47145        17.78
       2.423     0.950000        47459        20.00
       2.485     0.956250        47771        22.86
       2.559     0.962500        48075        26.67
       2.677     0.968750        48390        32.00
       2.783     0.971875        48543        35.56
       2.941     0.975000        48698        40.00
       3.251     0.978125        48854        45.71
       4.247     0.981250        49010        53.33
       5.983     0.984375        49166        64.00
       7.107     0.985938        49244        71.11
       8.199     0.987500        49322        80.00
       9.295     0.989062        49400        91.43
      10.567     0.990625        49479       106.67
      11.983     0.992188        49556       128.00
      12.791     0.992969        49595       142.22
      13.631     0.993750        49634       160.00
      15.295     0.994531        49673       182.86
      19.391     0.995313        49712       213.33
      24.447     0.996094        49751       256.00
      26.703     0.996484        49771       284.44
      29.263     0.996875        49790       320.00
      32.015     0.997266        49810       365.71
      34.143     0.997656        49829       426.67
      36.575     0.998047        49849       512.00
      37.759     0.998242        49859       568.89
      38.975     0.998437        49868       640.00
      40.095     0.998633        49878       731.43
      41.215     0.998828        49888       853.33
      41.919     0.999023        49898      1024.00
      42.879     0.999121        49903      1137.78
      43.327     0.999219        49907      1280.00
      43.679     0.999316        49912      1462.86
      44.383     0.999414        49917      1706.67
      45.151     0.999512        49922      2048.00
      45.311     0.999561        49925      2275.56
      45.599     0.999609        49927      2560.00
      45.791     0.999658        49929      2925.71
      45.855     0.999707        49932      3413.33
      46.207     0.999756        49934      4096.00
      46.623     0.999780        49936      4551.11
      46.751     0.999805        49938      5120.00
      46.751     0.999829        49938      5851.43
      46.815     0.999854        49939      6826.67
      46.943     0.999878        49940      8192.00
      47.039     0.999890        49941      9102.22
      47.615     0.999902        49942     10240.00
      47.615     0.999915        49942     11702.86
      47.775     0.999927        49943     13653.33
      47.775     0.999939        49943     16384.00
      47.839     0.999945        49944     18204.44
      47.839     0.999951        49944     20480.00
      47.839     0.999957        49944     23405.71
      48.319     0.999963        49945     27306.67
      48.319     0.999969        49945     32768.00
      48.319     0.999973        49945     36408.89
      48.319     0.999976        49945     40960.00
      48.319     0.999979        49945     46811.43
      48.479     0.999982        49946     54613.33
      48.479     1.000000        49946          inf
#[Mean    =        1.550, StdDeviation   =        2.570]
#[Max     =       48.448, Total count    =        49946]
#[Buckets =           27, SubBuckets     =         2048]
----------------------------------------------------------
  49952 requests in 10.00s, 8.34MB read
Requests/sec:   4995.30
Transfer/sec:    853.69KB
