Running 10s test @ http://localhost
  2 threads and 10 connections
  Thread Stats   Avg      Stdev     Max   +/- Stdev
    Latency     2.00ms    1.50ms  17.33ms   85.85%
    Req/Sec       -nan      -nan   0.00      0.00%
  Latency Distribution (HdrHistogram - Recorded Latency)
 50.000%    1.62ms
 75.000%    2.38ms
 90.000%    3.73ms
 99.000%    7.49ms
 99.900%   13.99ms
 99.990%   16.17ms
 99.999%   17.34ms
100.000%   17.34ms

  Detailed Percentile spectrum:
       Value   Percentile   TotalCount 1/(1-Percentile)

       0.102     0.000000            1         1.00
       0.748     0.100000         5003         1.11
       0.974     0.200000         9997         1.25
       1.178     0.300000        15001         1.43
       1.390     0.400000        19992         1.67
       1.621     0.500000        24989         2.00
       1.746     0.550000        27480         2.22
       1.880     0.600000        29970         2.50
       2.022     0.650000        32471         2.86
       2.175     0.700000        34976         3.33
       2.375     0.750000        37463         4.00
       2.501     0.775000        38719         4.44
       2.655     0.800000        39976         5.00
       2.845     0.825000        41231         5.71
       3.083     0.850000        42466         6.67
       3.377     0.875000        43709         8.00
       3.543     0.887500        44334         8.89
       3.727     0.900000        44956        10.00
       3.945     0.912500        45584        11.43
       4.207     0.925000        46210        13.33
       4.487     0.937500        46833        16.00
       4.647     0.943750        47142        17.78
       4.835     0.950000        47457        20.00
       5.043     0.956250        47769        22.86
       5.271     0.962500        48082        26.67
       5.531     0.968750        48389        32.00
       5.695     0.971875        48546        35.56
       5.867     0.975000        48703        40.00
       6.095     0.978125        48859        45.71
       6.327     0.981250        49015        53.33
       6.679     0.984375        49169        64.00
       6.875     0.985938        49247        71.11
       7.091     0.987500        49325        80.00
       7.351     0.989062        49407        91.43
       7.611     0.990625        49481       106.67
       8.091     0.992188        49559       128.00
       8.359     0.992969        49598       142.22
       8.639     0.993750        49637       160.00
       8.999     0.994531        49676       182.86
       9.535     0.995313        49715       213.33
      10.191     0.996094        49754       256.00
      10.647     0.996484        49774       284.44
      11.527     0.996875        49793       320.00
      12.103     0.997266        49813       365.71
      12.575     0.997656        49832       426.67
      12.959     0.998047        49852       512.00
      13.295     0.998242        49862       568.89
      13.495     0.998437        49871       640.00
      13.695     0.998633        49881       731.43
      13.863     0.998828        49891       853.33
      14.215     0.999023        49901      1024.00
      14.319     0.999121        49906      1137.78
      14.479     0.999219        49911      1280.00
      14.575     0.999316        49915      1462.86
      14.919     0.999414        49920      1706.67
      15.151     0.999512        49925      2048.00
      15.255     0.999561        49928      2275.56
      15.311     0.999609        49930      2560.00
      15.383     0.999658        49932      2925.71
      15.599     0.999707        49935      3413.33
      15.703     0.999756        49937      4096.00
      15.799     0.999780        49939      4551.11
      15.887     0.999805        49940      5120.00
      15.983     0.999829        49941      5851.43
      16.031     0.999854        49943      6826.67
      16.031     0.999878        49943      8192.00
      16.167     0.999890        49944      9102.22
      16.479     0.999902        49945     10240.00
      16.479     0.999915        49945     11702.86
      16.511     0.999927        49946     13653.33
      16.511     0.999939        49946     16384.00
      16.703     0.999945        49947     18204.44
      16.703     0.999951        49947     20480.00
      16.703     0.999957        49947     23405.71
      16.847     0.999963        49948     27306.67
      16.847     0.999969        49948     32768.00
      16.847     0.999973        49948     36408.89
      16.847     0.999976        49948     40960.00
      16.847     0.999979        49948     46811.43
      17.343     0.999982        49949     54613.33
      17.343     1.000000        49949          inf
#[Mean    =        2.003, StdDeviation   =        1.497]
#[Max     =       17.328, Total count    =        49949]
#[Buckets =           27, SubBuckets     =         2048]
----------------------------------------------------------
  49952 requests in 10.00s, 8.34MB read
Requests/sec:   4994.14
Transfer/sec:    853.49KB
