Running 10s test @ http://localhost
  2 threads and 10 connections
  Thread Stats   Avg      Stdev     Max   +/- Stdev
    Latency     1.73ms    1.23ms  18.08ms   86.30%
    Req/Sec       -nan      -nan   0.00      0.00%
  Latency Distribution (HdrHistogram - Recorded Latency)
 50.000%    1.46ms
 75.000%    2.06ms
 90.000%    3.00ms
 99.000%    6.16ms
 99.900%   12.40ms
 99.990%   16.74ms
 99.999%   18.09ms
100.000%   18.09ms

  Detailed Percentile spectrum:
       Value   Percentile   TotalCount 1/(1-Percentile)

       0.154     0.000000            1         1.00
       0.687     0.100000         5015         1.11
       0.890     0.200000        10014         1.25
       1.066     0.300000        15011         1.43
       1.259     0.400000        19980         1.67
       1.464     0.500000        24982         2.00
       1.568     0.550000        27474         2.22
       1.673     0.600000        29994         2.50
       1.790     0.650000        32488         2.86
       1.913     0.700000        34970         3.33
       2.055     0.750000        37479         4.00
       2.135     0.775000        38726         4.44
       2.231     0.800000        39969         5.00
       2.355     0.825000        41221         5.71
       2.507     0.850000        42460         6.67
       2.717     0.875000        43710         8.00
       2.847     0.887500        44335         8.89
       2.999     0.900000        44958        10.00
       3.179     0.912500        45581        11.43
       3.379     0.925000        46206        13.33
       3.647     0.937500        46828        16.00
       3.793     0.943750        47141        17.78
       3.967     0.950000        47451        20.00
       4.175     0.956250        47764        22.86
       4.387     0.962500        48077        26.67
       4.639     0.968750        48389        32.00
       4.779     0.971875        48553        35.56
       4.947     0.975000        48701        40.00
       5.131     0.978125        48858        45.71
       5.343     0.981250        49015        53.33
       5.579     0.984375        49169        64.00
       5.719     0.985938        49248        71.11
       5.859     0.987500        49325        80.00
       6.027     0.989062        49402        91.43
       6.275     0.990625        49480       106.67
       6.703     0.992188        49558       128.00
       6.971     0.992969        49597       142.22
       7.227     0.993750        49636       160.00
       7.523     0.994531        49675       182.86
       7.999     0.995313        49714       213.33
       8.439     0.996094        49754       256.00
       8.799     0.996484        49773       284.44
       9.103     0.996875        49793       320.00
       9.671     0.997266        49812       365.71
      10.111     0.997656        49831       426.67
      10.623     0.998047        49851       512.00
      11.007     0.998242        49861       568.89
      11.295     0.998437        49871       640.00
      11.559     0.998633        49880       731.43
      12.071     0.998828        49890       853.33
      12.559     0.999023        49900      1024.00
      12.943     0.999121        49905      1137.78
      13.151     0.999219        49909      1280.00
      13.543     0.999316        49915      1462.86
      13.751     0.999414        49919      1706.67
      14.199     0.999512        49924      2048.00
      14.615     0.999561        49927      2275.56
      14.799     0.999609        49929      2560.00
      15.055     0.999658        49931      2925.71
      15.351     0.999707        49935      3413.33
      15.407     0.999756        49936      4096.00
      15.863     0.999780        49938      4551.11
      15.967     0.999805        49939      5120.00
      16.319     0.999829        49940      5851.43
      16.399     0.999854        49941      6826.67
      16.527     0.999878        49942      8192.00
      16.735     0.999890        49943      9102.22
      16.831     0.999902        49944     10240.00
      16.831     0.999915        49944     11702.86
      16.943     0.999927        49945     13653.33
      16.943     0.999939        49945     16384.00
      17.263     0.999945        49946     18204.44
      17.263     0.999951        49946     20480.00
      17.263     0.999957        49946     23405.71
      17.855     0.999963        49947     27306.67
      17.855     0.999969        49947     32768.00
      17.855     0.999973        49947     36408.89
      17.855     0.999976        49947     40960.00
      17.855     0.999979        49947     46811.43
      18.095     0.999982        49948     54613.33
      18.095     1.000000        49948          inf
#[Mean    =        1.729, StdDeviation   =        1.229]
#[Max     =       18.080, Total count    =        49948]
#[Buckets =           27, SubBuckets     =         2048]
----------------------------------------------------------
  49951 requests in 10.00s, 8.34MB read
Requests/sec:   4995.32
Transfer/sec:    853.69KB
