Running 10s test @ http://localhost
  2 threads and 10 connections
  Thread Stats   Avg      Stdev     Max   +/- Stdev
    Latency     2.14ms    3.07ms  48.64ms   95.36%
    Req/Sec       -nan      -nan   0.00      0.00%
  Latency Distribution (HdrHistogram - Recorded Latency)
 50.000%    1.51ms
 75.000%    2.22ms
 90.000%    3.68ms
 99.000%   16.13ms
 99.900%   39.33ms
 99.990%   47.71ms
 99.999%   48.67ms
100.000%   48.67ms

  Detailed Percentile spectrum:
       Value   Percentile   TotalCount 1/(1-Percentile)

       0.147     0.000000            1         1.00
       0.664     0.100000         5000         1.11
       0.897     0.200000         9991         1.25
       1.096     0.300000        14996         1.43
       1.300     0.400000        19987         1.67
       1.512     0.500000        24972         2.00
       1.621     0.550000        27471         2.22
       1.753     0.600000        29973         2.50
       1.893     0.650000        32462         2.86
       2.042     0.700000        34971         3.33
       2.217     0.750000        37473         4.00
       2.335     0.775000        38706         4.44
       2.477     0.800000        39962         5.00
       2.661     0.825000        41207         5.71
       2.929     0.850000        42456         6.67
       3.257     0.875000        43706         8.00
       3.459     0.887500        44327         8.89
       3.685     0.900000        44949        10.00
       3.939     0.912500        45571        11.43
       4.255     0.925000        46197        13.33
       4.607     0.937500        46824        16.00
       4.815     0.943750        47133        17.78
       5.051     0.950000        47448        20.00
       5.367     0.956250        47757        22.86
       5.723     0.962500        48071        26.67
       6.179     0.968750        48380        32.00
       6.583     0.971875        48535        35.56
       7.063     0.975000        48692        40.00
       7.695     0.978125        48847        45.71
       8.679     0.981250        49006        53.33
      10.239     0.984375        49159        64.00
      11.319     0.985938        49238        71.11
      12.671     0.987500        49315        80.00
      14.759     0.989062        49393        91.43
      17.055     0.990625        49471       106.67
      18.799     0.992188        49549       128.00
      19.871     0.992969        49588       142.22
      21.343     0.993750        49627       160.00
      23.823     0.994531        49666       182.86
      26.559     0.995313        49705       213.33
      29.103     0.996094        49744       256.00
      30.063     0.996484        49764       284.44
      31.183     0.996875        49783       320.00
      32.767     0.997266        49804       365.71
      34.015     0.997656        49822       426.67
      35.807     0.998047        49842       512.00
      36.511     0.998242        49852       568.89
      37.023     0.998437        49861       640.00
      37.759     0.998633        49871       731.43
      38.591     0.998828        49881       853.33
      39.487     0.999023        49891      1024.00
      40.255     0.999121        49896      1137.78
      40.799     0.999219        49900      1280.00
      41.791     0.999316        49905      1462.86
      42.527     0.999414        49910      1706.67
      43.423     0.999512        49915      2048.00
      44.607     0.999561        49918      2275.56
      44.799     0.999609        49920      2560.00
      45.087     0.999658        49922      2925.71
      46.047     0.999707        49925      3413.33
      46.495     0.999756        49927      4096.00
      46.655     0.999780        49929      4551.11
      47.007     0.999805        49930      5120.00
      47.135     0.999829        49931      5851.43
      47.519     0.999854        49932      6826.67
      47.583     0.999878        49933      8192.00
      47.711     0.999890        49934      9102.22
      47.935     0.999902        49935     10240.00
      47.935     0.999915        49935     11702.86
      48.063     0.999927        49936     13653.33
      48.063     0.999939        49936     16384.00
      48.607     0.999945        49937     18204.44
      48.607     0.999951        49937     20480.00
      48.607     0.999957        49937     23405.71
      48.639     0.999963        49938     27306.67
      48.639     0.999969        49938     32768.00
      48.639     0.999973        49938     36408.89
      48.639     0.999976        49938     40960.00
      48.639     0.999979        49938     46811.43
      48.671     0.999982        49939     54613.33
      48.671     1.000000        49939          inf
#[Mean    =        2.143, StdDeviation   =        3.068]
#[Max     =       48.640, Total count    =        49939]
#[Buckets =           27, SubBuckets     =         2048]
----------------------------------------------------------
  49944 requests in 10.00s, 8.34MB read
Requests/sec:   4994.33
Transfer/sec:    853.52KB
