Running 10s test @ http://localhost
  2 threads and 10 connections
  Thread Stats   Avg      Stdev     Max   +/- Stdev
    Latency     1.71ms    1.29ms  16.43ms   89.57%
    Req/Sec       -nan      -nan   0.00      0.00%
  Latency Distribution (HdrHistogram - Recorded Latency)
 50.000%    1.43ms
 75.000%    2.01ms
 90.000%    2.85ms
 99.000%    6.75ms
 99.900%   13.53ms
 99.990%   15.72ms
 99.999%   16.45ms
100.000%   16.45ms

  Detailed Percentile spectrum:
       Value   Percentile   TotalCount 1/(1-Percentile)

       0.152     0.000000            1         1.00
       0.678     0.100000         4999         1.11
       0.873     0.200000        10003         1.25
       1.060     0.300000        14996         1.43
       1.239     0.400000        19990         1.67
       1.426     0.500000        24973         2.00
       1.529     0.550000        27481         2.22
       1.641     0.600000        29969         2.50
       1.762     0.650000        32466         2.86
       1.883     0.700000        34959         3.33
       2.012     0.750000        37473         4.00
       2.085     0.775000        38736         4.44
       2.163     0.800000        39958         5.00
       2.259     0.825000        41207         5.71
       2.387     0.850000        42456         6.67
       2.565     0.875000        43708         8.00
       2.689     0.887500        44328         8.89
       2.851     0.900000        44950        10.00
       3.059     0.912500        45569        11.43
       3.293     0.925000        46194        13.33
       3.585     0.937500        46817        16.00
       3.739     0.943750        47130        17.78
       3.917     0.950000        47442        20.00
       4.135     0.956250        47755        22.86
       4.391     0.962500        48072        26.67
       4.687     0.968750        48381        32.00
       4.855     0.971875        48538        35.56
       5.015     0.975000        48692        40.00
       5.179     0.978125        48846        45.71
       5.399     0.981250        49002        53.33
       5.707     0.984375        49160        64.00
       5.927     0.985938        49236        71.11
       6.175     0.987500        49314        80.00
       6.519     0.989062        49392        91.43
       6.931     0.990625        49471       106.67
       7.475     0.992188        49549       128.00
       7.823     0.992969        49587       142.22
       8.255     0.993750        49626       160.00
       8.727     0.994531        49665       182.86
       9.335     0.995313        49704       213.33
      10.199     0.996094        49743       256.00
      10.495     0.996484        49763       284.44
      10.999     0.996875        49782       320.00
      11.575     0.997266        49802       365.71
      12.015     0.997656        49821       426.67
      12.559     0.998047        49841       512.00
      12.775     0.998242        49851       568.89
      12.951     0.998437        49860       640.00
      13.143     0.998633        49870       731.43
      13.383     0.998828        49880       853.33
      13.615     0.999023        49890      1024.00
      13.719     0.999121        49895      1137.78
      13.919     0.999219        49899      1280.00
      14.151     0.999316        49904      1462.86
      14.215     0.999414        49909      1706.67
      14.503     0.999512        49914      2048.00
      14.727     0.999561        49917      2275.56
      14.735     0.999609        49919      2560.00
      14.895     0.999658        49921      2925.71
      15.135     0.999707        49924      3413.33
      15.375     0.999756        49926      4096.00
      15.527     0.999780        49928      4551.11
      15.615     0.999805        49929      5120.00
      15.623     0.999829        49931      5851.43
      15.623     0.999854        49931      6826.67
      15.703     0.999878        49932      8192.00
      15.719     0.999890        49933      9102.22
      15.935     0.999902        49934     10240.00
      15.935     0.999915        49934     11702.86
      16.055     0.999927        49935     13653.33
      16.055     0.999939        49935     16384.00
      16.151     0.999945        49936     18204.44
      16.151     0.999951        49936     20480.00
      16.151     0.999957        49936     23405.71
      16.399     0.999963        49937     27306.67
      16.399     0.999969        49937     32768.00
      16.399     0.999973        49937     36408.89
      16.399     0.999976        49937     40960.00
      16.399     0.999979        49937     46811.43
      16.447     0.999982        49938     54613.33
      16.447     1.000000        49938          inf
#[Mean    =        1.709, StdDeviation   =        1.294]
#[Max     =       16.432, Total count    =        49938]
#[Buckets =           27, SubBuckets     =         2048]
----------------------------------------------------------
  49942 requests in 10.00s, 8.33MB read
Requests/sec:   4994.24
Transfer/sec:    853.51KB
