Running 10s test @ http://localhost
  2 threads and 10 connections
  Thread Stats   Avg      Stdev     Max   +/- Stdev
    Latency     1.85ms    1.34ms  16.38ms   85.36%
    Req/Sec       -nan      -nan   0.00      0.00%
  Latency Distribution (HdrHistogram - Recorded Latency)
 50.000%    1.53ms
 75.000%    2.19ms
 90.000%    3.32ms
 99.000%    6.99ms
 99.900%   12.42ms
 99.990%   15.75ms
 99.999%   16.40ms
100.000%   16.40ms

  Detailed Percentile spectrum:
       Value   Percentile   TotalCount 1/(1-Percentile)

       0.122     0.000000            1         1.00
       0.699     0.100000         5012         1.11
       0.929     0.200000        10002         1.25
       1.138     0.300000        15002         1.43
       1.331     0.400000        19978         1.67
       1.528     0.500000        24970         2.00
       1.633     0.550000        27471         2.22
       1.750     0.600000        29976         2.50
       1.882     0.650000        32469         2.86
       2.028     0.700000        34965         3.33
       2.193     0.750000        37465         4.00
       2.289     0.775000        38731         4.44
       2.403     0.800000        39969         5.00
       2.545     0.825000        41222         5.71
       2.733     0.850000        42452         6.67
       2.985     0.875000        43706         8.00
       3.149     0.887500        44323         8.89
       3.321     0.900000        44946        10.00
       3.519     0.912500        45571        11.43
       3.755     0.925000        46195        13.33
       4.041     0.937500        46819        16.00
       4.199     0.943750        47132        17.78
       4.379     0.950000        47447        20.00
       4.579     0.956250        47759        22.86
       4.807     0.962500        48069        26.67
       5.067     0.968750        48385        32.00
       5.219     0.971875        48540        35.56
       5.403     0.975000        48695        40.00
       5.579     0.978125        48848        45.71
       5.783     0.981250        49010        53.33
       6.083     0.984375        49160        64.00
       6.275     0.985938        49238        71.11
       6.503     0.987500        49316        80.00
       6.843     0.989062        49394        91.43
       7.115     0.990625        49472       106.67
       7.483     0.992188        49550       128.00
       7.723     0.992969        49589       142.22
       8.075     0.993750        49628       160.00
       8.391     0.994531        49667       182.86
       8.703     0.995313        49706       213.33
       9.103     0.996094        49745       256.00
       9.431     0.996484        49765       284.44
       9.783     0.996875        49785       320.00
      10.127     0.997266        49805       365.71
      10.335     0.997656        49823       426.67
      10.935     0.998047        49843       512.00
      11.215     0.998242        49854       568.89
      11.439     0.998437        49862       640.00
      11.751     0.998633        49872       731.43
      12.063     0.998828        49882       853.33
      12.599     0.999023        49892      1024.00
      12.943     0.999121        49897      1137.78
      13.023     0.999219        49901      1280.00
      13.391     0.999316        49906      1462.86
      13.807     0.999414        49911      1706.67
      13.935     0.999512        49916      2048.00
      14.023     0.999561        49919      2275.56
      14.391     0.999609        49921      2560.00
      14.727     0.999658        49923      2925.71
      15.047     0.999707        49926      3413.33
      15.199     0.999756        49928      4096.00
      15.303     0.999780        49930      4551.11
      15.311     0.999805        49931      5120.00
      15.327     0.999829        49932      5851.43
      15.335     0.999854        49933      6826.67
      15.543     0.999878        49934      8192.00
      15.751     0.999890        49935      9102.22
      16.119     0.999902        49936     10240.00
      16.119     0.999915        49936     11702.86
      16.159     0.999927        49937     13653.33
      16.159     0.999939        49937     16384.00
      16.247     0.999945        49938     18204.44
      16.247     0.999951        49938     20480.00
      16.247     0.999957        49938     23405.71
      16.399     0.999963        49940     27306.67
      16.399     1.000000        49940          inf
#[Mean    =        1.848, StdDeviation   =        1.338]
#[Max     =       16.384, Total count    =        49940]
#[Buckets =           27, SubBuckets     =         2048]
----------------------------------------------------------
  49948 requests in 10.00s, 8.34MB read
Requests/sec:   4994.79
Transfer/sec:    853.60KB
