Running 10s test @ http://localhost
  2 threads and 10 connections
  Thread Stats   Avg      Stdev     Max   +/- Stdev
    Latency     1.63ms    1.09ms  18.29ms   85.36%
    Req/Sec       -nan      -nan   0.00      0.00%
  Latency Distribution (HdrHistogram - Recorded Latency)
 50.000%    1.40ms
 75.000%    1.95ms
 90.000%    2.78ms
 99.000%    5.54ms
 99.900%   11.38ms
 99.990%   17.02ms
 99.999%   18.30ms
100.000%   18.30ms

  Detailed Percentile spectrum:
       Value   Percentile   TotalCount 1/(1-Percentile)

       0.127     0.000000            1         1.00
       0.680     0.100000         5022         1.11
       0.859     0.200000        10013         1.25
       1.027     0.300000        15012         1.43
       1.208     0.400000        19981         1.67
       1.403     0.500000        24986         2.00
       1.500     0.550000        27480         2.22
       1.601     0.600000        29992         2.50
       1.708     0.650000        32475         2.86
       1.816     0.700000        34961         3.33
       1.947     0.750000        37458         4.00
       2.016     0.775000        38709         4.44
       2.103     0.800000        39960         5.00
       2.209     0.825000        41209         5.71
       2.349     0.850000        42468         6.67
       2.537     0.875000        43705         8.00
       2.651     0.887500        44330         8.89
       2.783     0.900000        44952        10.00
       2.941     0.912500        45575        11.43
       3.119     0.925000        46200        13.33
       3.329     0.937500        46824        16.00
       3.455     0.943750        47135        17.78
       3.603     0.950000        47448        20.00
       3.793     0.956250        47762        22.86
       4.003     0.962500        48074        26.67
       4.223     0.968750        48386        32.00
       4.375     0.971875        48543        35.56
       4.495     0.975000        48696        40.00
       4.647     0.978125        48856        45.71
       4.843     0.981250        49009        53.33
       5.047     0.984375        49164        64.00
       5.175     0.985938        49243        71.11
       5.303     0.987500        49322        80.00
       5.443     0.989062        49400        91.43
       5.619     0.990625        49477       106.67
       5.815     0.992188        49555       128.00
       5.963     0.992969        49595       142.22
       6.079     0.993750        49635       160.00
       6.271     0.994531        49671       182.86
       6.507     0.995313        49711       213.33
       6.747     0.996094        49749       256.00
       6.955     0.996484        49769       284.44
       7.147     0.996875        49788       320.00
       7.407     0.997266        49808       365.71
       7.891     0.997656        49827       426.67
       8.287     0.998047        49847       512.00
       8.615     0.998242        49857       568.89
       8.927     0.998437        49866       640.00
       9.495     0.998633        49876       731.43
      10.223     0.998828        49886       853.33
      11.583     0.999023        49896      1024.00
      12.263     0.999121        49901      1137.78
      12.591     0.999219        49905      1280.00
      13.103     0.999316        49910      1462.86
      13.751     0.999414        49915      1706.67
      14.567     0.999512        49920      2048.00
      15.039     0.999561        49923      2275.56
      15.343     0.999609        49925      2560.00
      15.487     0.999658        49927      2925.71
      15.991     0.999707        49930      3413.33
      16.447     0.999756        49932      4096.00
      16.607     0.999780        49934      4551.11
      16.623     0.999805        49935      5120.00
      16.655     0.999829        49936      5851.43
      16.895     0.999854        49937      6826.67
      17.023     0.999878        49939      8192.00
      17.023     0.999890        49939      9102.22
      17.279     0.999902        49940     10240.00
      17.279     0.999915        49940     11702.86
      17.455     0.999927        49941     13653.33
      17.455     0.999939        49941     16384.00
      17.711     0.999945        49942     18204.44
      17.711     0.999951        49942     20480.00
      17.711     0.999957        49942     23405.71
      17.871     0.999963        49943     27306.67
      17.871     0.999969        49943     32768.00
      17.871     0.999973        49943     36408.89
      17.871     0.999976        49943     40960.00
      17.871     0.999979        49943     46811.43
      18.303     0.999982        49944     54613.33
      18.303     1.000000        49944          inf
#[Mean    =        1.628, StdDeviation   =        1.092]
#[Max     =       18.288, Total count    =        49944]
#[Buckets =           27, SubBuckets     =         2048]
----------------------------------------------------------
  49950 requests in 10.00s, 8.34MB read
Requests/sec:   4994.77
Transfer/sec:    853.60KB
