Running 10s test @ http://localhost
  2 threads and 10 connections
  Thread Stats   Avg      Stdev     Max   +/- Stdev
    Latency     1.87ms    1.38ms  15.38ms   86.09%
    Req/Sec       -nan      -nan   0.00      0.00%
  Latency Distribution (HdrHistogram - Recorded Latency)
 50.000%    1.53ms
 75.000%    2.21ms
 90.000%    3.47ms
 99.000%    7.11ms
 99.900%   12.49ms
 99.990%   14.66ms
 99.999%   15.38ms
100.000%   15.38ms

  Detailed Percentile spectrum:
       Value   Percentile   TotalCount 1/(1-Percentile)

       0.165     0.000000            1         1.00
       0.717     0.100000         4996         1.11
       0.922     0.200000        10002         1.25
       1.118     0.300000        14994         1.43
       1.322     0.400000        19995         1.67
       1.534     0.500000        24988         2.00
       1.648     0.550000        27472         2.22
       1.765     0.600000        29971         2.50
       1.890     0.650000        32473         2.86
       2.032     0.700000        34977         3.33
       2.213     0.750000        37487         4.00
       2.321     0.775000        38728         4.44
       2.449     0.800000        39961         5.00
       2.611     0.825000        41212         5.71
       2.835     0.850000        42464         6.67
       3.119     0.875000        43706         8.00
       3.287     0.887500        44329         8.89
       3.467     0.900000        44955        10.00
       3.659     0.912500        45587        11.43
       3.881     0.925000        46204        13.33
       4.147     0.937500        46825        16.00
       4.295     0.943750        47143        17.78
       4.455     0.950000        47451        20.00
       4.615     0.956250        47762        22.86
       4.811     0.962500        48077        26.67
       5.043     0.968750        48387        32.00
       5.191     0.971875        48546        35.56
       5.363     0.975000        48700        40.00
       5.563     0.978125        48855        45.71
       5.795     0.981250        49011        53.33
       6.115     0.984375        49167        64.00
       6.315     0.985938        49245        71.11
       6.563     0.987500        49322        80.00
       6.839     0.989062        49400        91.43
       7.287     0.990625        49478       106.67
       7.911     0.992188        49557       128.00
       8.247     0.992969        49596       142.22
       8.663     0.993750        49634       160.00
       9.095     0.994531        49673       182.86
       9.671     0.995313        49713       213.33
      10.231     0.996094        49751       256.00
      10.439     0.996484        49771       284.44
      10.703     0.996875        49791       320.00
      11.039     0.997266        49810       365.71
      11.383     0.997656        49829       426.67
      11.583     0.998047        49849       512.00
      11.815     0.998242        49860       568.89
      11.887     0.998437        49868       640.00
      12.063     0.998633        49878       731.43
      12.287     0.998828        49889       853.33
      12.511     0.999023        49898      1024.00
      12.639     0.999121        49903      1137.78
      12.831     0.999219        49907      1280.00
      12.935     0.999316        49912      1462.86
      13.167     0.999414        49917      1706.67
      13.471     0.999512        49923      2048.00
      13.567     0.999561        49925      2275.56
      13.639     0.999609        49929      2560.00
      13.639     0.999658        49929      2925.71
      13.895     0.999707        49932      3413.33
      13.967     0.999756        49934      4096.00
      14.359     0.999780        49936      4551.11
      14.455     0.999805        49937      5120.00
      14.471     0.999829        49938      5851.43
      14.527     0.999854        49939      6826.67
      14.535     0.999878        49940      8192.00
      14.663     0.999890        49941      9102.22
      14.703     0.999902        49942     10240.00
      14.703     0.999915        49942     11702.86
      14.991     0.999927        49943     13653.33
      14.991     0.999939        49943     16384.00
      15.007     0.999945        49944     18204.44
      15.007     0.999951        49944     20480.00
      15.007     0.999957        49944     23405.71
      15.159     0.999963        49945     27306.67
      15.159     0.999969        49945     32768.00
      15.159     0.999973        49945     36408.89
      15.159     0.999976        49945     40960.00
      15.159     0.999979        49945     46811.43
      15.383     0.999982        49946     54613.33
      15.383     1.000000        49946          inf
#[Mean    =        1.873, StdDeviation   =        1.378]
#[Max     =       15.376, Total count    =        49946]
#[Buckets =           27, SubBuckets     =         2048]
----------------------------------------------------------
  49953 requests in 10.00s, 8.34MB read
Requests/sec:   4994.87
Transfer/sec:    853.62KB
