Running 10s test @ http://localhost
  2 threads and 10 connections
  Thread Stats   Avg      Stdev     Max   +/- Stdev
    Latency    98.92ms  235.30ms   1.00s    87.07%
    Req/Sec       -nan      -nan   0.00      0.00%
  Latency Distribution (HdrHistogram - Recorded Latency)
 50.000%    1.78ms
 75.000%    3.87ms
 90.000%  485.12ms
 99.000%  952.83ms
 99.900%  997.38ms
 99.990%    1.00s 
 99.999%    1.00s 
100.000%    1.00s 

  Detailed Percentile spectrum:
       Value   Percentile   TotalCount 1/(1-Percentile)

       0.163     0.000000            1         1.00
       0.734     0.100000         4997         1.11
       1.001     0.200000         9995         1.25
       1.231     0.300000        14984         1.43
       1.475     0.400000        19986         1.67
       1.776     0.500000        24981         2.00
       1.939     0.550000        27466         2.22
       2.129     0.600000        29996         2.50
       2.373     0.650000        32468         2.86
       2.861     0.700000        34958         3.33
       3.867     0.750000        37454         4.00
       4.831     0.775000        38706         4.44
       7.867     0.800000        39951         5.00
      99.455     0.825000        41199         5.71
     228.223     0.850000        42451         6.67
     357.631     0.875000        43697         8.00
     423.935     0.887500        44321         8.89
     485.119     0.900000        44946        10.00
     553.471     0.912500        45574        11.43
     614.399     0.925000        46193        13.33
     680.959     0.937500        46819        16.00
     712.191     0.943750        47130        17.78
     744.447     0.950000        47443        20.00
     777.215     0.956250        47756        22.86
     810.495     0.962500        48067        26.67
     841.727     0.968750        48381        32.00
     856.575     0.971875        48536        35.56
     872.959     0.975000        48690        40.00
     890.367     0.978125        48846        45.71
     907.263     0.981250        49008        53.33
     924.159     0.984375        49159        64.00
     930.815     0.985938        49239        71.11
     937.983     0.987500        49314        80.00
     947.199     0.989062        49393        91.43
     956.927     0.990625        49471       106.67
     965.631     0.992188        49550       128.00
     969.215     0.992969        49587       142.22
     974.335     0.993750        49632       160.00
     978.431     0.994531        49671       182.86
     982.015     0.995313        49704       213.33
     985.599     0.996094        49746       256.00
     987.135     0.996484        49765       284.44
     988.159     0.996875        49782       320.00
     990.719     0.997266        49807       365.71
     991.743     0.997656        49826       426.67
     992.767     0.998047        49842       512.00
     993.791     0.998242        49855       568.89
     994.815     0.998437        49866       640.00
     995.327     0.998633        49870       731.43
     996.351     0.998828        49880       853.33
     997.375     0.999023        49890      1024.00
     997.887     0.999121        49895      1137.78
     998.399     0.999219        49899      1280.00
     998.911     0.999316        49905      1462.86
     999.423     0.999414        49911      1706.67
     999.935     0.999512        49916      2048.00
    1000.447     0.999561        49921      2275.56
    1000.447     0.999609        49921      2560.00
    1000.447     0.999658        49921      2925.71
    1000.959     0.999707        49927      3413.33
    1000.959     0.999756        49927      4096.00
    1001.471     0.999780        49931      4551.11
    1001.471     0.999805        49931      5120.00
    1001.471     0.999829        49931      5851.43
    1001.471     0.999854        49931      6826.67
    1001.983     0.999878        49935      8192.00
    1001.983     0.999890        49935      9102.22
    1001.983     0.999902        49935     10240.00
    1001.983     0.999915        49935     11702.86
    1001.983     0.999927        49935     13653.33
    1001.983     0.999939        49935     16384.00
    1002.495     0.999945        49936     18204.44
    1002.495     0.999951        49936     20480.00
    1002.495     0.999957        49936     23405.71
    1003.007     0.999963        49938     27306.67
    1003.007     1.000000        49938          inf
#[Mean    =       98.918, StdDeviation   =      235.303]
#[Max     =     1002.496, Total count    =        49938]
#[Buckets =           27, SubBuckets     =         2048]
----------------------------------------------------------
  49945 requests in 10.00s, 8.34MB read
Requests/sec:   4993.83
Transfer/sec:    853.44KB
