Running 10s test @ http://localhost
  2 threads and 10 connections
  Thread Stats   Avg      Stdev     Max   +/- Stdev
    Latency     1.69ms    1.16ms  18.67ms   88.15%
    Req/Sec       -nan      -nan   0.00      0.00%
  Latency Distribution (HdrHistogram - Recorded Latency)
 50.000%    1.45ms
 75.000%    2.01ms
 90.000%    2.73ms
 99.000%    5.85ms
 99.900%   13.11ms
 99.990%   17.55ms
 99.999%   18.69ms
100.000%   18.69ms

  Detailed Percentile spectrum:
       Value   Percentile   TotalCount 1/(1-Percentile)

       0.123     0.000000            1         1.00
       0.734     0.100000         5011         1.11
       0.918     0.200000        10016         1.25
       1.082     0.300000        14995         1.43
       1.268     0.400000        20011         1.67
       1.453     0.500000        24976         2.00
       1.552     0.550000        27474         2.22
       1.656     0.600000        29992         2.50
       1.766     0.650000        32467         2.86
       1.888     0.700000        34982         3.33
       2.011     0.750000        37474         4.00
       2.081     0.775000        38708         4.44
       2.159     0.800000        39979         5.00
       2.261     0.825000        41213         5.71
       2.371     0.850000        42454         6.67
       2.521     0.875000        43710         8.00
       2.613     0.887500        44328         8.89
       2.729     0.900000        44952        10.00
       2.869     0.912500        45577        11.43
       3.051     0.925000        46202        13.33
       3.275     0.937500        46825        16.00
       3.439     0.943750        47136        17.78
       3.615     0.950000        47447        20.00
       3.799     0.956250        47759        22.86
       4.043     0.962500        48072        26.67
       4.287     0.968750        48389        32.00
       4.431     0.971875        48543        35.56
       4.591     0.975000        48698        40.00
       4.771     0.978125        48855        45.71
       4.987     0.981250        49009        53.33
       5.199     0.984375        49164        64.00
       5.343     0.985938        49242        71.11
       5.535     0.987500        49320        80.00
       5.735     0.989062        49399        91.43
       5.987     0.990625        49477       106.67
       6.283     0.992188        49554       128.00
       6.563     0.992969        49593       142.22
       6.911     0.993750        49632       160.00
       7.287     0.994531        49671       182.86
       7.827     0.995313        49710       213.33
       8.679     0.996094        49749       256.00
       9.159     0.996484        49769       284.44
       9.727     0.996875        49789       320.00
      10.167     0.997266        49809       365.71
      10.655     0.997656        49827       426.67
      11.479     0.998047        49847       512.00
      11.679     0.998242        49857       568.89
      11.847     0.998437        49866       640.00
      12.279     0.998633        49876       731.43
      12.743     0.998828        49886       853.33
      13.127     0.999023        49896      1024.00
      13.183     0.999121        49901      1137.78
      13.479     0.999219        49905      1280.00
      13.695     0.999316        49910      1462.86
      14.095     0.999414        49915      1706.67
      14.447     0.999512        49920      2048.00
      14.575     0.999561        49923      2275.56
      14.767     0.999609        49925      2560.00
      14.871     0.999658        49927      2925.71
      15.207     0.999707        49930      3413.33
      15.895     0.999756        49932      4096.00
      16.295     0.999780        49934      4551.11
      16.511     0.999805        49935      5120.00
      16.735     0.999829        49936      5851.43
      17.103     0.999854        49937      6826.67
      17.295     0.999878        49938      8192.00
      17.551     0.999890        49939      9102.22
      17.599     0.999902        49940     10240.00
      17.599     0.999915        49940     11702.86
      17.791     0.999927        49941     13653.33
      17.791     0.999939        49941     16384.00
      18.015     0.999945        49942     18204.44
      18.015     0.999951        49942     20480.00
      18.015     0.999957        49942     23405.71
      18.223     0.999963        49943     27306.67
      18.223     0.999969        49943     32768.00
      18.223     0.999973        49943     36408.89
      18.223     0.999976        49943     40960.00
      18.223     0.999979        49943     46811.43
      18.687     0.999982        49944     54613.33
      18.687     1.000000        49944          inf
#[Mean    =        1.687, StdDeviation   =        1.162]
#[Max     =       18.672, Total count    =        49944]
#[Buckets =           27, SubBuckets     =         2048]
----------------------------------------------------------
  49953 requests in 10.00s, 8.34MB read
Requests/sec:   4993.26
Transfer/sec:    853.34KB
