Running 10s test @ http://localhost
  2 threads and 10 connections
  Thread Stats   Avg      Stdev     Max   +/- Stdev
    Latency     1.87ms    1.40ms  17.63ms   87.43%
    Req/Sec       -nan      -nan   0.00      0.00%
  Latency Distribution (HdrHistogram - Recorded Latency)
 50.000%    1.52ms
 75.000%    2.17ms
 90.000%    3.39ms
 99.000%    7.30ms
 99.900%   13.41ms
 99.990%   16.17ms
 99.999%   17.65ms
100.000%   17.65ms

  Detailed Percentile spectrum:
       Value   Percentile   TotalCount 1/(1-Percentile)

       0.158     0.000000            1         1.00
       0.717     0.100000         5014         1.11
       0.923     0.200000        10009         1.25
       1.115     0.300000        14996         1.43
       1.312     0.400000        19981         1.67
       1.518     0.500000        24992         2.00
       1.631     0.550000        27471         2.22
       1.747     0.600000        29978         2.50
       1.872     0.650000        32471         2.86
       2.011     0.700000        34978         3.33
       2.175     0.750000        37477         4.00
       2.277     0.775000        38712         4.44
       2.401     0.800000        39959         5.00
       2.553     0.825000        41211         5.71
       2.761     0.850000        42453         6.67
       3.029     0.875000        43705         8.00
       3.195     0.887500        44332         8.89
       3.393     0.900000        44954        10.00
       3.631     0.912500        45577        11.43
       3.903     0.925000        46202        13.33
       4.195     0.937500        46823        16.00
       4.379     0.943750        47139        17.78
       4.571     0.950000        47448        20.00
       4.775     0.956250        47766        22.86
       5.011     0.962500        48072        26.67
       5.287     0.968750        48386        32.00
       5.451     0.971875        48545        35.56
       5.631     0.975000        48699        40.00
       5.863     0.978125        48856        45.71
       6.107     0.981250        49011        53.33
       6.443     0.984375        49165        64.00
       6.619     0.985938        49243        71.11
       6.879     0.987500        49321        80.00
       7.119     0.989062        49399        91.43
       7.435     0.990625        49476       106.67
       7.827     0.992188        49554       128.00
       8.023     0.992969        49593       142.22
       8.239     0.993750        49634       160.00
       8.551     0.994531        49672       182.86
       8.911     0.995313        49710       213.33
       9.383     0.996094        49750       256.00
       9.695     0.996484        49769       284.44
      10.039     0.996875        49788       320.00
      10.407     0.997266        49808       365.71
      10.759     0.997656        49827       426.67
      11.391     0.998047        49847       512.00
      11.599     0.998242        49857       568.89
      12.095     0.998437        49866       640.00
      12.359     0.998633        49876       731.43
      12.847     0.998828        49886       853.33
      13.455     0.999023        49896      1024.00
      13.599     0.999121        49901      1137.78
      13.759     0.999219        49905      1280.00
      14.023     0.999316        49910      1462.86
      14.375     0.999414        49915      1706.67
      14.703     0.999512        49920      2048.00
      14.927     0.999561        49923      2275.56
      15.031     0.999609        49925      2560.00
      15.119     0.999658        49927      2925.71
      15.279     0.999707        49930      3413.33
      15.327     0.999756        49932      4096.00
      15.383     0.999780        49934      4551.11
      15.607     0.999805        49935      5120.00
      15.991     0.999829        49936      5851.43
      16.071     0.999854        49937      6826.67
      16.143     0.999878        49938      8192.00
      16.175     0.999890        49939      9102.22
      16.311     0.999902        49940     10240.00
      16.311     0.999915        49940     11702.86
      16.495     0.999927        49941     13653.33
      16.495     0.999939        49941     16384.00
      16.639     0.999945        49942     18204.44
      16.639     0.999951        49942     20480.00
      16.639     0.999957        49942     23405.71
      16.703     0.999963        49943     27306.67
      16.703     0.999969        49943     32768.00
      16.703     0.999973        49943     36408.89
      16.703     0.999976        49943     40960.00
      16.703     0.999979        49943     46811.43
      17.647     0.999982        49944     54613.33
      17.647     1.000000        49944          inf
#[Mean    =        1.866, StdDeviation   =        1.397]
#[Max     =       17.632, Total count    =        49944]
#[Buckets =           27, SubBuckets     =         2048]
----------------------------------------------------------
  49947 requests in 10.00s, 8.34MB read
Requests/sec:   4994.81
Transfer/sec:    853.61KB
