Running 10s test @ http://localhost
  2 threads and 10 connections
  Thread Stats   Avg      Stdev     Max   +/- Stdev
    Latency     1.55ms    1.00ms  10.83ms   83.87%
    Req/Sec       -nan      -nan   0.00      0.00%
  Latency Distribution (HdrHistogram - Recorded Latency)
 50.000%    1.33ms
 75.000%    1.86ms
 90.000%    2.59ms
 99.000%    5.55ms
 99.900%    8.02ms
 99.990%    9.77ms
 99.999%   10.84ms
100.000%   10.84ms

  Detailed Percentile spectrum:
       Value   Percentile   TotalCount 1/(1-Percentile)

       0.121     0.000000            1         1.00
       0.646     0.100000         5016         1.11
       0.828     0.200000        10005         1.25
       0.989     0.300000        14999         1.43
       1.155     0.400000        19994         1.67
       1.330     0.500000        24976         2.00
       1.421     0.550000        27477         2.22
       1.518     0.600000        29976         2.50
       1.621     0.650000        32489         2.86
       1.733     0.700000        34983         3.33
       1.862     0.750000        37459         4.00
       1.929     0.775000        38707         4.44
       2.007     0.800000        39961         5.00
       2.095     0.825000        41207         5.71
       2.215     0.850000        42460         6.67
       2.367     0.875000        43707         8.00
       2.467     0.887500        44327         8.89
       2.585     0.900000        44956        10.00
       2.735     0.912500        45581        11.43
       2.945     0.925000        46200        13.33
       3.189     0.937500        46828        16.00
       3.365     0.943750        47138        17.78
       3.525     0.950000        47447        20.00
       3.741     0.956250        47761        22.86
       3.975     0.962500        48071        26.67
       4.219     0.968750        48384        32.00
       4.363     0.971875        48540        35.56
       4.483     0.975000        48699        40.00
       4.623     0.978125        48851        45.71
       4.811     0.981250        49007        53.33
       5.035     0.984375        49164        64.00
       5.135     0.985938        49241        71.11
       5.283     0.987500        49321        80.00
       5.423     0.989062        49398        91.43
       5.611     0.990625        49475       106.67
       5.823     0.992188        49556       128.00
       5.919     0.992969        49593       142.22
       6.043     0.993750        49631       160.00
       6.199     0.994531        49670       182.86
       6.383     0.995313        49709       213.33
       6.559     0.996094        49748       256.00
       6.659     0.996484        49768       284.44
       6.803     0.996875        49788       320.00
       6.931     0.997266        49808       365.71
       7.063     0.997656        49826       426.67
       7.291     0.998047        49846       512.00
       7.443     0.998242        49856       568.89
       7.615     0.998437        49865       640.00
       7.763     0.998633        49875       731.43
       7.899     0.998828        49887       853.33
       8.103     0.999023        49895      1024.00
       8.131     0.999121        49900      1137.78
       8.287     0.999219        49904      1280.00
       8.367     0.999316        49909      1462.86
       8.511     0.999414        49914      1706.67
       8.711     0.999512        49919      2048.00
       8.815     0.999561        49922      2275.56
       8.855     0.999609        49924      2560.00
       8.919     0.999658        49926      2925.71
       9.183     0.999707        49929      3413.33
       9.247     0.999756        49931      4096.00
       9.423     0.999780        49933      4551.11
       9.487     0.999805        49934      5120.00
       9.615     0.999829        49935      5851.43
       9.679     0.999854        49936      6826.67
       9.703     0.999878        49937      8192.00
       9.775     0.999890        49938      9102.22
       9.831     0.999902        49939     10240.00
       9.831     0.999915        49939     11702.86
      10.247     0.999927        49940     13653.33
      10.247     0.999939        49940     16384.00
      10.303     0.999945        49941     18204.44
      10.303     0.999951        49941     20480.00
      10.303     0.999957        49941     23405.71
      10.703     0.999963        49942     27306.67
      10.703     0.999969        49942     32768.00
      10.703     0.999973        49942     36408.89
      10.703     0.999976        49942     40960.00
      10.703     0.999979        49942     46811.43
      10.839     0.999982        49943     54613.33
      10.839     1.000000        49943          inf
#[Mean    =        1.550, StdDeviation   =        1.004]
#[Max     =       10.832, Total count    =        49943]
#[Buckets =           27, SubBuckets     =         2048]
----------------------------------------------------------
  49949 requests in 10.00s, 8.34MB read
Requests/sec:   4994.93
Transfer/sec:    853.63KB
