Running 10s test @ http://localhost
  2 threads and 10 connections
  Thread Stats   Avg      Stdev     Max   +/- Stdev
    Latency     1.55ms    1.73ms  27.76ms   96.98%
    Req/Sec       -nan      -nan   0.00      0.00%
  Latency Distribution (HdrHistogram - Recorded Latency)
 50.000%    1.29ms
 75.000%    1.74ms
 90.000%    2.11ms
 99.000%   10.93ms
 99.900%   21.87ms
 99.990%   25.74ms
 99.999%   27.77ms
100.000%   27.77ms

  Detailed Percentile spectrum:
       Value   Percentile   TotalCount 1/(1-Percentile)

       0.133     0.000000            1         1.00
       0.660     0.100000         5007         1.11
       0.813     0.200000         9989         1.25
       0.966     0.300000        15001         1.43
       1.127     0.400000        19981         1.67
       1.291     0.500000        24979         2.00
       1.379     0.550000        27482         2.22
       1.469     0.600000        29988         2.50
       1.559     0.650000        32474         2.86
       1.652     0.700000        34977         3.33
       1.742     0.750000        37485         4.00
       1.788     0.775000        38715         4.44
       1.836     0.800000        39966         5.00
       1.890     0.825000        41218         5.71
       1.951     0.850000        42466         6.67
       2.020     0.875000        43706         8.00
       2.061     0.887500        44327         8.89
       2.111     0.900000        44967        10.00
       2.169     0.912500        45582        11.43
       2.241     0.925000        46202        13.33
       2.337     0.937500        46828        16.00
       2.393     0.943750        47136        17.78
       2.467     0.950000        47450        20.00
       2.581     0.956250        47761        22.86
       2.791     0.962500        48075        26.67
       3.201     0.968750        48385        32.00
       3.495     0.971875        48541        35.56
       3.949     0.975000        48697        40.00
       4.523     0.978125        48853        45.71
       5.351     0.981250        49009        53.33
       6.375     0.984375        49165        64.00
       7.243     0.985938        49244        71.11
       8.359     0.987500        49321        80.00
       9.887     0.989062        49399        91.43
      11.399     0.990625        49477       106.67
      12.631     0.992188        49555       128.00
      13.351     0.992969        49594       142.22
      14.095     0.993750        49633       160.00
      14.975     0.994531        49673       182.86
      15.631     0.995313        49711       213.33
      16.463     0.996094        49750       256.00
      17.103     0.996484        49771       284.44
      17.583     0.996875        49789       320.00
      18.095     0.997266        49809       365.71
      18.751     0.997656        49828       426.67
      19.439     0.998047        49849       512.00
      20.207     0.998242        49858       568.89
      20.447     0.998437        49867       640.00
      20.991     0.998633        49877       731.43
      21.487     0.998828        49887       853.33
      21.919     0.999023        49897      1024.00
      22.127     0.999121        49902      1137.78
      22.479     0.999219        49908      1280.00
      22.815     0.999316        49912      1462.86
      23.279     0.999414        49916      1706.67
      23.455     0.999512        49921      2048.00
      23.951     0.999561        49924      2275.56
      24.079     0.999609        49926      2560.00
      24.127     0.999658        49928      2925.71
      24.367     0.999707        49931      3413.33
      24.527     0.999756        49933      4096.00
      24.719     0.999780        49935      4551.11
      24.847     0.999805        49936      5120.00
      24.975     0.999829        49937      5851.43
      25.503     0.999854        49939      6826.67
      25.503     0.999878        49939      8192.00
      25.743     0.999890        49940      9102.22
      26.223     0.999902        49941     10240.00
      26.223     0.999915        49941     11702.86
      26.399     0.999927        49942     13653.33
      26.399     0.999939        49942     16384.00
      26.527     0.999945        49943     18204.44
      26.527     0.999951        49943     20480.00
      26.527     0.999957        49943     23405.71
      27.295     0.999963        49944     27306.67
      27.295     0.999969        49944     32768.00
      27.295     0.999973        49944     36408.89
      27.295     0.999976        49944     40960.00
      27.295     0.999979        49944     46811.43
      27.775     0.999982        49945     54613.33
      27.775     1.000000        49945          inf
#[Mean    =        1.545, StdDeviation   =        1.731]
#[Max     =       27.760, Total count    =        49945]
#[Buckets =           27, SubBuckets     =         2048]
----------------------------------------------------------
  49947 requests in 10.00s, 8.34MB read
Requests/sec:   4994.84
Transfer/sec:    853.61KB
