Running 10s test @ http://localhost
  2 threads and 10 connections
  Thread Stats   Avg      Stdev     Max   +/- Stdev
    Latency     1.76ms    1.46ms  24.10ms   91.14%
    Req/Sec       -nan      -nan   0.00      0.00%
  Latency Distribution (HdrHistogram - Recorded Latency)
 50.000%    1.43ms
 75.000%    2.05ms
 90.000%    3.03ms
 99.000%    7.42ms
 99.900%   17.18ms
 99.990%   22.70ms
 99.999%   24.11ms
100.000%   24.11ms

  Detailed Percentile spectrum:
       Value   Percentile   TotalCount 1/(1-Percentile)

       0.135     0.000000            1         1.00
       0.687     0.100000         5011         1.11
       0.874     0.200000        10011         1.25
       1.054     0.300000        14996         1.43
       1.242     0.400000        19992         1.67
       1.435     0.500000        24979         2.00
       1.542     0.550000        27470         2.22
       1.659     0.600000        29969         2.50
       1.776     0.650000        32475         2.86
       1.899     0.700000        34972         3.33
       2.045     0.750000        37466         4.00
       2.135     0.775000        38718         4.44
       2.243     0.800000        39971         5.00
       2.365     0.825000        41208         5.71
       2.525     0.850000        42468         6.67
       2.735     0.875000        43704         8.00
       2.877     0.887500        44326         8.89
       3.031     0.900000        44953        10.00
       3.209     0.912500        45575        11.43
       3.435     0.925000        46206        13.33
       3.695     0.937500        46829        16.00
       3.855     0.943750        47138        17.78
       4.023     0.950000        47447        20.00
       4.251     0.956250        47765        22.86
       4.475     0.962500        48072        26.67
       4.755     0.968750        48385        32.00
       4.939     0.971875        48543        35.56
       5.163     0.975000        48700        40.00
       5.395     0.978125        48854        45.71
       5.675     0.981250        49011        53.33
       6.027     0.984375        49164        64.00
       6.251     0.985938        49243        71.11
       6.583     0.987500        49322        80.00
       7.075     0.989062        49398        91.43
       7.663     0.990625        49476       106.67
       8.231     0.992188        49554       128.00
       8.703     0.992969        49593       142.22
       9.151     0.993750        49632       160.00
       9.727     0.994531        49672       182.86
      10.359     0.995313        49710       213.33
      11.215     0.996094        49749       256.00
      11.727     0.996484        49769       284.44
      12.263     0.996875        49788       320.00
      12.903     0.997266        49808       365.71
      13.647     0.997656        49827       426.67
      14.519     0.998047        49847       512.00
      15.079     0.998242        49857       568.89
      15.615     0.998437        49866       640.00
      16.255     0.998633        49876       731.43
      16.767     0.998828        49887       853.33
      17.407     0.999023        49896      1024.00
      17.631     0.999121        49902      1137.78
      17.919     0.999219        49905      1280.00
      18.111     0.999316        49910      1462.86
      18.655     0.999414        49915      1706.67
      19.615     0.999512        49920      2048.00
      19.663     0.999561        49923      2275.56
      20.287     0.999609        49925      2560.00
      20.383     0.999658        49927      2925.71
      21.199     0.999707        49930      3413.33
      21.231     0.999756        49932      4096.00
      21.327     0.999780        49934      4551.11
      21.807     0.999805        49935      5120.00
      21.935     0.999829        49936      5851.43
      21.951     0.999854        49937      6826.67
      22.655     0.999878        49938      8192.00
      22.703     0.999890        49939      9102.22
      22.847     0.999902        49940     10240.00
      22.847     0.999915        49940     11702.86
      22.879     0.999927        49941     13653.33
      22.879     0.999939        49941     16384.00
      22.895     0.999945        49942     18204.44
      22.895     0.999951        49942     20480.00
      22.895     0.999957        49942     23405.71
      23.887     0.999963        49943     27306.67
      23.887     0.999969        49943     32768.00
      23.887     0.999973        49943     36408.89
      23.887     0.999976        49943     40960.00
      23.887     0.999979        49943     46811.43
      24.111     0.999982        49944     54613.33
      24.111     1.000000        49944          inf
#[Mean    =        1.761, StdDeviation   =        1.459]
#[Max     =       24.096, Total count    =        49944]
#[Buckets =           27, SubBuckets     =         2048]
----------------------------------------------------------
  49951 requests in 10.00s, 8.34MB read
Requests/sec:   4994.86
Transfer/sec:    853.61KB
