Running 10s test @ http://localhost
  2 threads and 10 connections
  Thread Stats   Avg      Stdev     Max   +/- Stdev
    Latency     1.71ms    1.32ms  26.34ms   89.77%
    Req/Sec       -nan      -nan   0.00      0.00%
  Latency Distribution (HdrHistogram - Recorded Latency)
 50.000%    1.44ms
 75.000%    2.02ms
 90.000%    2.92ms
 99.000%    6.43ms
 99.900%   15.95ms
 99.990%   23.93ms
 99.999%   26.35ms
100.000%   26.35ms

  Detailed Percentile spectrum:
       Value   Percentile   TotalCount 1/(1-Percentile)

       0.134     0.000000            1         1.00
       0.672     0.100000         4995         1.11
       0.865     0.200000        10010         1.25
       1.041     0.300000        14999         1.43
       1.228     0.400000        19985         1.67
       1.436     0.500000        24978         2.00
       1.540     0.550000        27477         2.22
       1.645     0.600000        29991         2.50
       1.759     0.650000        32471         2.86
       1.879     0.700000        34956         3.33
       2.016     0.750000        37465         4.00
       2.093     0.775000        38724         4.44
       2.187     0.800000        39970         5.00
       2.301     0.825000        41209         5.71
       2.447     0.850000        42457         6.67
       2.643     0.875000        43695         8.00
       2.783     0.887500        44320         8.89
       2.919     0.900000        44944        10.00
       3.099     0.912500        45566        11.43
       3.305     0.925000        46194        13.33
       3.553     0.937500        46816        16.00
       3.711     0.943750        47131        17.78
       3.891     0.950000        47443        20.00
       4.091     0.956250        47751        22.86
       4.315     0.962500        48064        26.67
       4.615     0.968750        48379        32.00
       4.779     0.971875        48534        35.56
       4.971     0.975000        48688        40.00
       5.167     0.978125        48845        45.71
       5.395     0.981250        49001        53.33
       5.655     0.984375        49156        64.00
       5.819     0.985938        49236        71.11
       6.015     0.987500        49311        80.00
       6.275     0.989062        49389        91.43
       6.571     0.990625        49467       106.67
       6.975     0.992188        49545       128.00
       7.207     0.992969        49584       142.22
       7.515     0.993750        49623       160.00
       7.839     0.994531        49664       182.86
       8.223     0.995313        49701       213.33
       8.735     0.996094        49740       256.00
       8.983     0.996484        49761       284.44
       9.279     0.996875        49779       320.00
       9.711     0.997266        49799       365.71
      10.239     0.997656        49818       426.67
      10.703     0.998047        49838       512.00
      10.975     0.998242        49848       568.89
      11.447     0.998437        49857       640.00
      12.199     0.998633        49867       731.43
      14.223     0.998828        49877       853.33
      16.127     0.999023        49887      1024.00
      17.151     0.999121        49892      1137.78
      17.711     0.999219        49896      1280.00
      18.767     0.999316        49901      1462.86
      19.487     0.999414        49906      1706.67
      20.559     0.999512        49911      2048.00
      21.199     0.999561        49914      2275.56
      21.455     0.999609        49916      2560.00
      21.519     0.999658        49918      2925.71
      22.271     0.999707        49921      3413.33
      22.847     0.999756        49923      4096.00
      23.199     0.999780        49925      4551.11
      23.263     0.999805        49926      5120.00
      23.407     0.999829        49927      5851.43
      23.775     0.999854        49928      6826.67
      23.855     0.999878        49929      8192.00
      23.935     0.999890        49930      9102.22
      24.015     0.999902        49931     10240.00
      24.015     0.999915        49931     11702.86
      24.223     0.999927        49932     13653.33
      24.223     0.999939        49932     16384.00
      25.327     0.999945        49933     18204.44
      25.327     0.999951        49933     20480.00
      25.327     0.999957        49933     23405.71
      25.887     0.999963        49934     27306.67
      25.887     0.999969        49934     32768.00
      25.887     0.999973        49934     36408.89
      25.887     0.999976        49934     40960.00
      25.887     0.999979        49934     46811.43
      26.351     0.999982        49935     54613.33
      26.351     1.000000        49935          inf
#[Mean    =        1.707, StdDeviation   =        1.319]
#[Max     =       26.336, Total count    =        49935]
#[Buckets =           27, SubBuckets     =         2048]
----------------------------------------------------------
  49942 requests in 10.00s, 8.33MB read
Requests/sec:   4994.14
Transfer/sec:    853.49KB
