Running 10s test @ http://localhost
  2 threads and 10 connections
  Thread Stats   Avg      Stdev     Max   +/- Stdev
    Latency     1.74ms    1.20ms  15.26ms   85.77%
    Req/Sec       -nan      -nan   0.00      0.00%
  Latency Distribution (HdrHistogram - Recorded Latency)
 50.000%    1.45ms
 75.000%    2.06ms
 90.000%    3.04ms
 99.000%    6.19ms
 99.900%   11.17ms
 99.990%   14.41ms
 99.999%   15.26ms
100.000%   15.26ms

  Detailed Percentile spectrum:
       Value   Percentile   TotalCount 1/(1-Percentile)

       0.143     0.000000            1         1.00
       0.724     0.100000         4995         1.11
       0.919     0.200000        10018         1.25
       1.095     0.300000        15000         1.43
       1.267     0.400000        19985         1.67
       1.446     0.500000        25004         2.00
       1.544     0.550000        27480         2.22
       1.659     0.600000        29980         2.50
       1.782     0.650000        32478         2.86
       1.910     0.700000        34957         3.33
       2.057     0.750000        37471         4.00
       2.139     0.775000        38704         4.44
       2.243     0.800000        39966         5.00
       2.361     0.825000        41205         5.71
       2.521     0.850000        42454         6.67
       2.725     0.875000        43699         8.00
       2.881     0.887500        44327         8.89
       3.043     0.900000        44949        10.00
       3.253     0.912500        45569        11.43
       3.477     0.925000        46195        13.33
       3.741     0.937500        46817        16.00
       3.905     0.943750        47132        17.78
       4.065     0.950000        47441        20.00
       4.259     0.956250        47759        22.86
       4.463     0.962500        48068        26.67
       4.683     0.968750        48377        32.00
       4.823     0.971875        48533        35.56
       4.991     0.975000        48691        40.00
       5.159     0.978125        48845        45.71
       5.359     0.981250        49004        53.33
       5.595     0.984375        49161        64.00
       5.715     0.985938        49237        71.11
       5.859     0.987500        49313        80.00
       6.063     0.989062        49391        91.43
       6.287     0.990625        49469       106.67
       6.647     0.992188        49549       128.00
       6.855     0.992969        49586       142.22
       7.067     0.993750        49626       160.00
       7.419     0.994531        49664       182.86
       7.727     0.995313        49704       213.33
       8.123     0.996094        49742       256.00
       8.367     0.996484        49764       284.44
       8.567     0.996875        49781       320.00
       8.807     0.997266        49802       365.71
       9.183     0.997656        49820       426.67
       9.751     0.998047        49840       512.00
       9.935     0.998242        49850       568.89
      10.175     0.998437        49860       640.00
      10.455     0.998633        49869       731.43
      11.007     0.998828        49879       853.33
      11.271     0.999023        49889      1024.00
      11.495     0.999121        49894      1137.78
      11.583     0.999219        49898      1280.00
      12.063     0.999316        49903      1462.86
      12.263     0.999414        49908      1706.67
      12.615     0.999512        49913      2048.00
      12.831     0.999561        49916      2275.56
      13.055     0.999609        49918      2560.00
      13.423     0.999658        49920      2925.71
      13.735     0.999707        49923      3413.33
      13.791     0.999756        49925      4096.00
      13.831     0.999780        49927      4551.11
      13.887     0.999805        49928      5120.00
      13.919     0.999829        49929      5851.43
      14.087     0.999854        49930      6826.67
      14.135     0.999878        49931      8192.00
      14.407     0.999890        49932      9102.22
      14.463     0.999902        49933     10240.00
      14.463     0.999915        49933     11702.86
      14.519     0.999927        49934     13653.33
      14.519     0.999939        49934     16384.00
      14.551     0.999945        49935     18204.44
      14.551     0.999951        49935     20480.00
      14.551     0.999957        49935     23405.71
      14.575     0.999963        49936     27306.67
      14.575     0.999969        49936     32768.00
      14.575     0.999973        49936     36408.89
      14.575     0.999976        49936     40960.00
      14.575     0.999979        49936     46811.43
      15.263     0.999982        49937     54613.33
      15.263     1.000000        49937          inf
#[Mean    =        1.741, StdDeviation   =        1.196]
#[Max     =       15.256, Total count    =        49937]
#[Buckets =           27, SubBuckets     =         2048]
----------------------------------------------------------
  49947 requests in 10.00s, 8.34MB read
Requests/sec:   4994.32
Transfer/sec:    853.52KB
