Running 10s test @ http://localhost
  2 threads and 10 connections
  Thread Stats   Avg      Stdev     Max   +/- Stdev
    Latency     1.68ms    1.17ms  16.14ms   84.09%
    Req/Sec       -nan      -nan   0.00      0.00%
  Latency Distribution (HdrHistogram - Recorded Latency)
 50.000%    1.41ms
 75.000%    2.04ms
 90.000%    2.99ms
 99.000%    5.95ms
 99.900%   10.72ms
 99.990%   15.45ms
 99.999%   16.14ms
100.000%   16.14ms

  Detailed Percentile spectrum:
       Value   Percentile   TotalCount 1/(1-Percentile)

       0.099     0.000000            1         1.00
       0.632     0.100000         5010         1.11
       0.830     0.200000        10007         1.25
       1.028     0.300000        14984         1.43
       1.213     0.400000        19986         1.67
       1.413     0.500000        24995         2.00
       1.518     0.550000        27471         2.22
       1.627     0.600000        29981         2.50
       1.747     0.650000        32488         2.86
       1.878     0.700000        34978         3.33
       2.038     0.750000        37465         4.00
       2.123     0.775000        38714         4.44
       2.229     0.800000        39973         5.00
       2.349     0.825000        41207         5.71
       2.505     0.850000        42459         6.67
       2.699     0.875000        43708         8.00
       2.831     0.887500        44334         8.89
       2.995     0.900000        44958        10.00
       3.165     0.912500        45579        11.43
       3.375     0.925000        46200        13.33
       3.633     0.937500        46827        16.00
       3.767     0.943750        47138        17.78
       3.917     0.950000        47452        20.00
       4.107     0.956250        47763        22.86
       4.295     0.962500        48074        26.67
       4.547     0.968750        48389        32.00
       4.671     0.971875        48542        35.56
       4.815     0.975000        48697        40.00
       4.975     0.978125        48856        45.71
       5.159     0.981250        49009        53.33
       5.383     0.984375        49165        64.00
       5.515     0.985938        49243        71.11
       5.663     0.987500        49321        80.00
       5.859     0.989062        49400        91.43
       6.047     0.990625        49478       106.67
       6.287     0.992188        49555       128.00
       6.463     0.992969        49594       142.22
       6.595     0.993750        49634       160.00
       6.775     0.994531        49672       182.86
       7.095     0.995313        49711       213.33
       7.415     0.996094        49750       256.00
       7.739     0.996484        49770       284.44
       7.983     0.996875        49789       320.00
       8.223     0.997266        49810       365.71
       8.591     0.997656        49828       426.67
       8.919     0.998047        49848       512.00
       9.271     0.998242        49858       568.89
       9.535     0.998437        49867       640.00
       9.751     0.998633        49877       731.43
      10.183     0.998828        49887       853.33
      10.799     0.999023        49897      1024.00
      11.047     0.999121        49902      1137.78
      11.583     0.999219        49906      1280.00
      11.903     0.999316        49911      1462.86
      12.495     0.999414        49916      1706.67
      13.031     0.999512        49921      2048.00
      13.847     0.999561        49924      2275.56
      14.271     0.999609        49926      2560.00
      14.391     0.999658        49928      2925.71
      14.543     0.999707        49931      3413.33
      14.599     0.999756        49933      4096.00
      14.839     0.999780        49935      4551.11
      15.071     0.999805        49936      5120.00
      15.215     0.999829        49937      5851.43
      15.239     0.999854        49938      6826.67
      15.407     0.999878        49939      8192.00
      15.447     0.999890        49940      9102.22
      15.463     0.999902        49941     10240.00
      15.463     0.999915        49941     11702.86
      15.727     0.999927        49942     13653.33
      15.727     0.999939        49942     16384.00
      16.071     0.999945        49943     18204.44
      16.071     0.999951        49943     20480.00
      16.071     0.999957        49943     23405.71
      16.095     0.999963        49944     27306.67
      16.095     0.999969        49944     32768.00
      16.095     0.999973        49944     36408.89
      16.095     0.999976        49944     40960.00
      16.095     0.999979        49944     46811.43
      16.143     0.999982        49945     54613.33
      16.143     1.000000        49945          inf
#[Mean    =        1.678, StdDeviation   =        1.175]
#[Max     =       16.136, Total count    =        49945]
#[Buckets =           27, SubBuckets     =         2048]
----------------------------------------------------------
  49949 requests in 10.00s, 8.34MB read
Requests/sec:   4994.65
Transfer/sec:    853.58KB
