Running 10s test @ http://localhost
  2 threads and 10 connections
  Thread Stats   Avg      Stdev     Max   +/- Stdev
    Latency     1.32ms  736.66us  18.64ms   84.64%
    Req/Sec       -nan      -nan   0.00      0.00%
  Latency Distribution (HdrHistogram - Recorded Latency)
 50.000%    1.27ms
 75.000%    1.60ms
 90.000%    1.89ms
 99.000%    4.20ms
 99.900%    8.27ms
 99.990%   15.45ms
 99.999%   18.66ms
100.000%   18.66ms

  Detailed Percentile spectrum:
       Value   Percentile   TotalCount 1/(1-Percentile)

       0.233     0.000000            1         1.00
       0.587     0.100000         1008         1.11
       0.798     0.200000         2005         1.25
       0.987     0.300000         3002         1.43
       1.142     0.400000         3999         1.67
       1.273     0.500000         5002         2.00
       1.339     0.550000         5497         2.22
       1.405     0.600000         5997         2.50
       1.465     0.650000         6495         2.86
       1.531     0.700000         6997         3.33
       1.603     0.750000         7494         4.00
       1.643     0.775000         7747         4.44
       1.685     0.800000         7999         5.00
       1.726     0.825000         8246         5.71
       1.772     0.850000         8498         6.67
       1.821     0.875000         8744         8.00
       1.851     0.887500         8869         8.89
       1.886     0.900000         8997        10.00
       1.920     0.912500         9118        11.43
       1.967     0.925000         9243        13.33
       2.021     0.937500         9368        16.00
       2.061     0.943750         9432        17.78
       2.107     0.950000         9494        20.00
       2.173     0.956250         9559        22.86
       2.277     0.962500         9618        26.67
       2.425     0.968750         9680        32.00
       2.553     0.971875         9711        35.56
       2.733     0.975000         9744        40.00
       2.963     0.978125         9774        45.71
       3.205     0.981250         9805        53.33
       3.591     0.984375         9836        64.00
       3.751     0.985938         9853        71.11
       3.919     0.987500         9868        80.00
       4.079     0.989062         9883        91.43
       4.327     0.990625         9899       106.67
       4.443     0.992188         9915       128.00
       4.543     0.992969         9922       142.22
       4.591     0.993750         9930       160.00
       4.715     0.994531         9938       182.86
       4.791     0.995313         9946       213.33
       4.995     0.996094         9953       256.00
       5.059     0.996484         9957       284.44
       5.275     0.996875         9961       320.00
       5.531     0.997266         9965       365.71
       5.911     0.997656         9969       426.67
       6.387     0.998047         9973       512.00
       6.655     0.998242         9975       568.89
       7.119     0.998437         9977       640.00
       7.231     0.998633         9979       731.43
       8.255     0.998828         9981       853.33
       8.287     0.999023         9983      1024.00
       9.047     0.999121         9984      1137.78
       9.847     0.999219         9985      1280.00
      10.455     0.999316         9986      1462.86
      10.663     0.999414         9987      1706.67
      10.831     0.999512         9988      2048.00
      10.831     0.999561         9988      2275.56
      12.639     0.999609         9989      2560.00
      12.639     0.999658         9989      2925.71
      15.311     0.999707         9990      3413.33
      15.311     0.999756         9990      4096.00
      15.311     0.999780         9990      4551.11
      15.447     0.999805         9991      5120.00
      15.447     0.999829         9991      5851.43
      15.447     0.999854         9991      6826.67
      15.447     0.999878         9991      8192.00
      15.447     0.999890         9991      9102.22
      18.655     0.999902         9992     10240.00
      18.655     1.000000         9992          inf
#[Mean    =        1.318, StdDeviation   =        0.737]
#[Max     =       18.640, Total count    =         9992]
#[Buckets =           27, SubBuckets     =         2048]
----------------------------------------------------------
  9994 requests in 10.00s, 1.67MB read
Requests/sec:    999.36
Transfer/sec:    170.79KB
