Running 10s test @ http://localhost
  2 threads and 10 connections
  Thread Stats   Avg      Stdev     Max   +/- Stdev
    Latency     1.18ms  689.49us  11.43ms   85.24%
    Req/Sec       -nan      -nan   0.00      0.00%
  Latency Distribution (HdrHistogram - Recorded Latency)
 50.000%    1.18ms
 75.000%    1.50ms
 90.000%    1.74ms
 99.000%    2.31ms
 99.900%    9.81ms
 99.990%   11.18ms
 99.999%   11.44ms
100.000%   11.44ms

  Detailed Percentile spectrum:
       Value   Percentile   TotalCount 1/(1-Percentile)

       0.153     0.000000            1         1.00
       0.503     0.100000         1002         1.11
       0.676     0.200000         2002         1.25
       0.851     0.300000         3003         1.43
       1.016     0.400000         3999         1.67
       1.178     0.500000         4996         2.00
       1.247     0.550000         5502         2.22
       1.312     0.600000         5999         2.50
       1.376     0.650000         6499         2.86
       1.440     0.700000         6996         3.33
       1.502     0.750000         7500         4.00
       1.537     0.775000         7748         4.44
       1.574     0.800000         7996         5.00
       1.612     0.825000         8245         5.71
       1.648     0.850000         8499         6.67
       1.693     0.875000         8744         8.00
       1.718     0.887500         8873         8.89
       1.742     0.900000         8996        10.00
       1.769     0.912500         9118        11.43
       1.803     0.925000         9244        13.33
       1.841     0.937500         9368        16.00
       1.867     0.943750         9435        17.78
       1.887     0.950000         9493        20.00
       1.916     0.956250         9559        22.86
       1.948     0.962500         9618        26.67
       1.979     0.968750         9680        32.00
       2.011     0.971875         9713        35.56
       2.046     0.975000         9743        40.00
       2.077     0.978125         9775        45.71
       2.111     0.981250         9806        53.33
       2.157     0.984375         9837        64.00
       2.187     0.985938         9852        71.11
       2.251     0.987500         9870        80.00
       2.287     0.989062         9884        91.43
       2.339     0.990625         9899       106.67
       2.445     0.992188         9914       128.00
       2.705     0.992969         9922       142.22
       3.785     0.993750         9930       160.00
       4.315     0.994531         9938       182.86
       4.971     0.995313         9946       213.33
       5.987     0.996094         9953       256.00
       6.179     0.996484         9957       284.44
       6.699     0.996875         9961       320.00
       6.971     0.997266         9965       365.71
       8.983     0.997656         9969       426.67
       9.287     0.998047         9973       512.00
       9.351     0.998242         9975       568.89
       9.527     0.998437         9977       640.00
       9.655     0.998633         9979       731.43
       9.735     0.998828         9981       853.33
       9.943     0.999023         9983      1024.00
      10.023     0.999121         9984      1137.78
      10.039     0.999219         9985      1280.00
      10.215     0.999316         9986      1462.86
      10.583     0.999414         9987      1706.67
      10.671     0.999512         9988      2048.00
      10.671     0.999561         9988      2275.56
      10.743     0.999609         9989      2560.00
      10.743     0.999658         9989      2925.71
      10.847     0.999707         9990      3413.33
      10.847     0.999756         9990      4096.00
      10.847     0.999780         9990      4551.11
      11.175     0.999805         9991      5120.00
      11.175     0.999829         9991      5851.43
      11.175     0.999854         9991      6826.67
      11.175     0.999878         9991      8192.00
      11.175     0.999890         9991      9102.22
      11.439     0.999902         9992     10240.00
      11.439     1.000000         9992          inf
#[Mean    =        1.181, StdDeviation   =        0.689]
#[Max     =       11.432, Total count    =         9992]
#[Buckets =           27, SubBuckets     =         2048]
----------------------------------------------------------
  9996 requests in 10.00s, 1.67MB read
Requests/sec:    999.49
Transfer/sec:    170.81KB
