Running 10s test @ http://localhost
  2 threads and 10 connections
  Thread Stats   Avg      Stdev     Max   +/- Stdev
    Latency     1.32ms  575.93us   6.54ms   72.37%
    Req/Sec       -nan      -nan   0.00      0.00%
  Latency Distribution (HdrHistogram - Recorded Latency)
 50.000%    1.31ms
 75.000%    1.64ms
 90.000%    1.93ms
 99.000%    3.42ms
 99.900%    4.86ms
 99.990%    6.53ms
 99.999%    6.55ms
100.000%    6.55ms

  Detailed Percentile spectrum:
       Value   Percentile   TotalCount 1/(1-Percentile)

       0.207     0.000000            1         1.00
       0.620     0.100000         1000         1.11
       0.825     0.200000         2000         1.25
       1.010     0.300000         3006         1.43
       1.166     0.400000         3997         1.67
       1.307     0.500000         4998         2.00
       1.372     0.550000         5499         2.22
       1.441     0.600000         6005         2.50
       1.503     0.650000         6503         2.86
       1.570     0.700000         6995         3.33
       1.640     0.750000         7497         4.00
       1.678     0.775000         7748         4.44
       1.723     0.800000         7996         5.00
       1.767     0.825000         8245         5.71
       1.814     0.850000         8495         6.67
       1.870     0.875000         8745         8.00
       1.898     0.887500         8869         8.89
       1.932     0.900000         8993        10.00
       1.972     0.912500         9118        11.43
       2.018     0.925000         9244        13.33
       2.065     0.937500         9370        16.00
       2.089     0.943750         9430        17.78
       2.121     0.950000         9494        20.00
       2.157     0.956250         9558        22.86
       2.197     0.962500         9618        26.67
       2.257     0.968750         9680        32.00
       2.295     0.971875         9712        35.56
       2.359     0.975000         9745        40.00
       2.447     0.978125         9774        45.71
       2.605     0.981250         9805        53.33
       2.719     0.984375         9836        64.00
       2.879     0.985938         9852        71.11
       3.033     0.987500         9868        80.00
       3.317     0.989062         9883        91.43
       3.515     0.990625         9899       106.67
       3.777     0.992188         9914       128.00
       3.935     0.992969         9922       142.22
       4.043     0.993750         9930       160.00
       4.119     0.994531         9938       182.86
       4.271     0.995313         9946       213.33
       4.331     0.996094         9953       256.00
       4.379     0.996484         9957       284.44
       4.419     0.996875         9961       320.00
       4.539     0.997266         9965       365.71
       4.655     0.997656         9969       426.67
       4.727     0.998047         9973       512.00
       4.787     0.998242         9975       568.89
       4.795     0.998437         9977       640.00
       4.823     0.998633         9979       731.43
       4.855     0.998828         9981       853.33
       4.903     0.999023         9983      1024.00
       4.911     0.999121         9984      1137.78
       5.043     0.999219         9985      1280.00
       5.107     0.999316         9987      1462.86
       5.107     0.999414         9987      1706.67
       5.227     0.999512         9988      2048.00
       5.227     0.999561         9988      2275.56
       5.239     0.999609         9989      2560.00
       5.239     0.999658         9989      2925.71
       5.271     0.999707         9990      3413.33
       5.271     0.999756         9990      4096.00
       5.271     0.999780         9990      4551.11
       6.531     0.999805         9991      5120.00
       6.531     0.999829         9991      5851.43
       6.531     0.999854         9991      6826.67
       6.531     0.999878         9991      8192.00
       6.531     0.999890         9991      9102.22
       6.547     0.999902         9992     10240.00
       6.547     1.000000         9992          inf
#[Mean    =        1.320, StdDeviation   =        0.576]
#[Max     =        6.544, Total count    =         9992]
#[Buckets =           27, SubBuckets     =         2048]
----------------------------------------------------------
  9998 requests in 10.00s, 1.67MB read
Requests/sec:    999.52
Transfer/sec:    170.82KB
