Running 10s test @ http://localhost
  2 threads and 10 connections
  Thread Stats   Avg      Stdev     Max   +/- Stdev
    Latency     1.23ms  801.17us  11.71ms   84.96%
    Req/Sec       -nan      -nan   0.00      0.00%
  Latency Distribution (HdrHistogram - Recorded Latency)
 50.000%    1.16ms
 75.000%    1.55ms
 90.000%    1.95ms
 99.000%    4.28ms
 99.900%    8.86ms
 99.990%   11.43ms
 99.999%   11.72ms
100.000%   11.72ms

  Detailed Percentile spectrum:
       Value   Percentile   TotalCount 1/(1-Percentile)

       0.136     0.000000            1         1.00
       0.481     0.100000         1001         1.11
       0.629     0.200000         2000         1.25
       0.773     0.300000         3001         1.43
       0.965     0.400000         4000         1.67
       1.161     0.500000         5000         2.00
       1.239     0.550000         5498         2.22
       1.310     0.600000         5998         2.50
       1.383     0.650000         6501         2.86
       1.457     0.700000         7002         3.33
       1.546     0.750000         7498         4.00
       1.597     0.775000         7747         4.44
       1.648     0.800000         7996         5.00
       1.714     0.825000         8245         5.71
       1.780     0.850000         8504         6.67
       1.858     0.875000         8745         8.00
       1.894     0.887500         8871         8.89
       1.948     0.900000         8996        10.00
       2.006     0.912500         9119        11.43
       2.067     0.925000         9245        13.33
       2.147     0.937500         9370        16.00
       2.189     0.943750         9431        17.78
       2.247     0.950000         9493        20.00
       2.319     0.956250         9558        22.86
       2.405     0.962500         9618        26.67
       2.559     0.968750         9680        32.00
       2.673     0.971875         9711        35.56
       2.957     0.975000         9743        40.00
       3.313     0.978125         9774        45.71
       3.565     0.981250         9805        53.33
       3.799     0.984375         9836        64.00
       3.885     0.985938         9852        71.11
       4.057     0.987500         9868        80.00
       4.211     0.989062         9883        91.43
       4.459     0.990625         9899       106.67
       4.791     0.992188         9914       128.00
       5.019     0.992969         9922       142.22
       5.339     0.993750         9930       160.00
       5.531     0.994531         9938       182.86
       5.651     0.995313         9946       213.33
       5.863     0.996094         9953       256.00
       5.979     0.996484         9957       284.44
       6.063     0.996875         9961       320.00
       6.111     0.997266         9965       365.71
       6.415     0.997656         9969       426.67
       6.759     0.998047         9973       512.00
       6.863     0.998242         9975       568.89
       8.031     0.998437         9977       640.00
       8.559     0.998633         9979       731.43
       8.711     0.998828         9981       853.33
       8.967     0.999023         9983      1024.00
       9.151     0.999121         9984      1137.78
       9.919     0.999219         9985      1280.00
      10.183     0.999316         9986      1462.86
      10.647     0.999414         9987      1706.67
      10.687     0.999512         9988      2048.00
      10.687     0.999561         9988      2275.56
      10.887     0.999609         9989      2560.00
      10.887     0.999658         9989      2925.71
      11.103     0.999707         9990      3413.33
      11.103     0.999756         9990      4096.00
      11.103     0.999780         9990      4551.11
      11.431     0.999805         9991      5120.00
      11.431     0.999829         9991      5851.43
      11.431     0.999854         9991      6826.67
      11.431     0.999878         9991      8192.00
      11.431     0.999890         9991      9102.22
      11.719     0.999902         9992     10240.00
      11.719     1.000000         9992          inf
#[Mean    =        1.233, StdDeviation   =        0.801]
#[Max     =       11.712, Total count    =         9992]
#[Buckets =           27, SubBuckets     =         2048]
----------------------------------------------------------
  9995 requests in 10.00s, 1.67MB read
Requests/sec:    999.38
Transfer/sec:    170.79KB
