Running 10s test @ http://localhost
  2 threads and 10 connections
  Thread Stats   Avg      Stdev     Max   +/- Stdev
    Latency     1.38ms  636.36us   7.96ms   74.27%
    Req/Sec       -nan      -nan   0.00      0.00%
  Latency Distribution (HdrHistogram - Recorded Latency)
 50.000%    1.37ms
 75.000%    1.72ms
 90.000%    2.02ms
 99.000%    3.80ms
 99.900%    5.59ms
 99.990%    6.78ms
 99.999%    7.97ms
100.000%    7.97ms

  Detailed Percentile spectrum:
       Value   Percentile   TotalCount 1/(1-Percentile)

       0.203     0.000000            1         1.00
       0.617     0.100000         1002         1.11
       0.840     0.200000         2004         1.25
       1.052     0.300000         2998         1.43
       1.221     0.400000         3997         1.67
       1.371     0.500000         4999         2.00
       1.440     0.550000         5501         2.22
       1.508     0.600000         6000         2.50
       1.574     0.650000         6499         2.86
       1.641     0.700000         7001         3.33
       1.717     0.750000         7494         4.00
       1.754     0.775000         7747         4.44
       1.796     0.800000         7995         5.00
       1.848     0.825000         8248         5.71
       1.894     0.850000         8498         6.67
       1.953     0.875000         8746         8.00
       1.986     0.887500         8872         8.89
       2.019     0.900000         8994        10.00
       2.055     0.912500         9123        11.43
       2.103     0.925000         9247        13.33
       2.173     0.937500         9372        16.00
       2.211     0.943750         9430        17.78
       2.251     0.950000         9494        20.00
       2.315     0.956250         9555        22.86
       2.387     0.962500         9619        26.67
       2.475     0.968750         9680        32.00
       2.541     0.971875         9711        35.56
       2.621     0.975000         9744        40.00
       2.685     0.978125         9774        45.71
       2.811     0.981250         9805        53.33
       3.079     0.984375         9836        64.00
       3.233     0.985938         9852        71.11
       3.423     0.987500         9868        80.00
       3.653     0.989062         9883        91.43
       3.959     0.990625         9899       106.67
       4.089     0.992188         9914       128.00
       4.203     0.992969         9922       142.22
       4.315     0.993750         9930       160.00
       4.479     0.994531         9939       182.86
       4.623     0.995313         9946       213.33
       4.703     0.996094         9953       256.00
       4.751     0.996484         9957       284.44
       4.847     0.996875         9962       320.00
       4.887     0.997266         9965       365.71
       5.031     0.997656         9969       426.67
       5.311     0.998047         9973       512.00
       5.387     0.998242         9975       568.89
       5.479     0.998437         9977       640.00
       5.499     0.998633         9979       731.43
       5.571     0.998828         9981       853.33
       5.687     0.999023         9983      1024.00
       5.691     0.999121         9984      1137.78
       5.699     0.999219         9985      1280.00
       5.743     0.999316         9986      1462.86
       5.831     0.999414         9987      1706.67
       5.903     0.999512         9988      2048.00
       5.903     0.999561         9988      2275.56
       6.323     0.999609         9989      2560.00
       6.323     0.999658         9989      2925.71
       6.667     0.999707         9990      3413.33
       6.667     0.999756         9990      4096.00
       6.667     0.999780         9990      4551.11
       6.779     0.999805         9991      5120.00
       6.779     0.999829         9991      5851.43
       6.779     0.999854         9991      6826.67
       6.779     0.999878         9991      8192.00
       6.779     0.999890         9991      9102.22
       7.967     0.999902         9992     10240.00
       7.967     1.000000         9992          inf
#[Mean    =        1.381, StdDeviation   =        0.636]
#[Max     =        7.964, Total count    =         9992]
#[Buckets =           27, SubBuckets     =         2048]
----------------------------------------------------------
  9995 requests in 10.00s, 1.67MB read
Requests/sec:    999.30
Transfer/sec:    170.78KB
