Running 10s test @ http://localhost
  2 threads and 10 connections
  Thread Stats   Avg      Stdev     Max   +/- Stdev
    Latency     1.24ms  691.56us  11.73ms   81.54%
    Req/Sec       -nan      -nan   0.00      0.00%
  Latency Distribution (HdrHistogram - Recorded Latency)
 50.000%    1.16ms
 75.000%    1.54ms
 90.000%    1.90ms
 99.000%    3.94ms
 99.900%    6.92ms
 99.990%   10.87ms
 99.999%   11.73ms
100.000%   11.73ms

  Detailed Percentile spectrum:
       Value   Percentile   TotalCount 1/(1-Percentile)

       0.172     0.000000            1         1.00
       0.561     0.100000         1000         1.11
       0.709     0.200000         2001         1.25
       0.849     0.300000         3000         1.43
       1.004     0.400000         4000         1.67
       1.158     0.500000         5000         2.00
       1.230     0.550000         5498         2.22
       1.305     0.600000         5999         2.50
       1.375     0.650000         6500         2.86
       1.453     0.700000         6996         3.33
       1.538     0.750000         7502         4.00
       1.581     0.775000         7745         4.44
       1.632     0.800000         7995         5.00
       1.687     0.825000         8248         5.71
       1.741     0.850000         8495         6.67
       1.815     0.875000         8744         8.00
       1.860     0.887500         8869         8.89
       1.903     0.900000         8993        10.00
       1.963     0.912500         9118        11.43
       2.019     0.925000         9243        13.33
       2.079     0.937500         9368        16.00
       2.131     0.943750         9430        17.78
       2.193     0.950000         9495        20.00
       2.253     0.956250         9556        22.86
       2.343     0.962500         9618        26.67
       2.505     0.968750         9680        32.00
       2.687     0.971875         9711        35.56
       2.837     0.975000         9743        40.00
       3.023     0.978125         9774        45.71
       3.259     0.981250         9805        53.33
       3.467     0.984375         9836        64.00
       3.587     0.985938         9852        71.11
       3.779     0.987500         9868        80.00
       3.871     0.989062         9883        91.43
       4.017     0.990625         9899       106.67
       4.175     0.992188         9914       128.00
       4.319     0.992969         9922       142.22
       4.399     0.993750         9930       160.00
       4.467     0.994531         9938       182.86
       4.551     0.995313         9946       213.33
       4.679     0.996094         9953       256.00
       4.787     0.996484         9957       284.44
       4.991     0.996875         9961       320.00
       5.215     0.997266         9965       365.71
       5.671     0.997656         9970       426.67
       5.763     0.998047         9973       512.00
       5.991     0.998242         9975       568.89
       6.147     0.998437         9977       640.00
       6.359     0.998633         9979       731.43
       6.875     0.998828         9981       853.33
       6.951     0.999023         9983      1024.00
       6.967     0.999121         9984      1137.78
       6.975     0.999219         9985      1280.00
       7.215     0.999316         9986      1462.86
       7.635     0.999414         9987      1706.67
       9.343     0.999512         9988      2048.00
       9.343     0.999561         9988      2275.56
      10.535     0.999609         9989      2560.00
      10.535     0.999658         9989      2925.71
      10.823     0.999707         9990      3413.33
      10.823     0.999756         9990      4096.00
      10.823     0.999780         9990      4551.11
      10.871     0.999805         9991      5120.00
      10.871     0.999829         9991      5851.43
      10.871     0.999854         9991      6826.67
      10.871     0.999878         9991      8192.00
      10.871     0.999890         9991      9102.22
      11.735     0.999902         9992     10240.00
      11.735     1.000000         9992          inf
#[Mean    =        1.242, StdDeviation   =        0.692]
#[Max     =       11.728, Total count    =         9992]
#[Buckets =           27, SubBuckets     =         2048]
----------------------------------------------------------
  9996 requests in 10.00s, 1.67MB read
Requests/sec:    999.54
Transfer/sec:    170.82KB
