Running 10s test @ http://localhost
  2 threads and 10 connections
  Thread Stats   Avg      Stdev     Max   +/- Stdev
    Latency     1.29ms  629.78us   7.06ms   78.13%
    Req/Sec       -nan      -nan   0.00      0.00%
  Latency Distribution (HdrHistogram - Recorded Latency)
 50.000%    1.23ms
 75.000%    1.55ms
 90.000%    1.92ms
 99.000%    3.99ms
 99.900%    5.68ms
 99.990%    6.96ms
 99.999%    7.06ms
100.000%    7.06ms

  Detailed Percentile spectrum:
       Value   Percentile   TotalCount 1/(1-Percentile)

       0.212     0.000000            1         1.00
       0.609     0.100000         1000         1.11
       0.835     0.200000         2001         1.25
       0.984     0.300000         3003         1.43
       1.110     0.400000         3997         1.67
       1.228     0.500000         5002         2.00
       1.286     0.550000         5497         2.22
       1.346     0.600000         5997         2.50
       1.406     0.650000         6501         2.86
       1.476     0.700000         7000         3.33
       1.555     0.750000         7497         4.00
       1.596     0.775000         7746         4.44
       1.649     0.800000         7996         5.00
       1.702     0.825000         8245         5.71
       1.763     0.850000         8498         6.67
       1.839     0.875000         8747         8.00
       1.878     0.887500         8868         8.89
       1.924     0.900000         8994        10.00
       1.972     0.912500         9118        11.43
       2.022     0.925000         9243        13.33
       2.081     0.937500         9369        16.00
       2.121     0.943750         9431        17.78
       2.177     0.950000         9493        20.00
       2.253     0.956250         9556        22.86
       2.363     0.962500         9618        26.67
       2.513     0.968750         9680        32.00
       2.653     0.971875         9712        35.56
       2.813     0.975000         9743        40.00
       3.005     0.978125         9774        45.71
       3.235     0.981250         9805        53.33
       3.431     0.984375         9836        64.00
       3.561     0.985938         9852        71.11
       3.729     0.987500         9868        80.00
       3.899     0.989062         9883        91.43
       4.039     0.990625         9899       106.67
       4.151     0.992188         9914       128.00
       4.263     0.992969         9922       142.22
       4.323     0.993750         9930       160.00
       4.415     0.994531         9938       182.86
       4.499     0.995313         9946       213.33
       4.603     0.996094         9953       256.00
       4.679     0.996484         9957       284.44
       4.751     0.996875         9961       320.00
       4.827     0.997266         9965       365.71
       4.951     0.997656         9969       426.67
       5.027     0.998047         9973       512.00
       5.059     0.998242         9975       568.89
       5.151     0.998437         9977       640.00
       5.427     0.998633         9979       731.43
       5.591     0.998828         9981       853.33
       5.739     0.999023         9983      1024.00
       5.827     0.999121         9984      1137.78
       5.991     0.999219         9985      1280.00
       5.999     0.999316         9986      1462.86
       6.227     0.999414         9987      1706.67
       6.675     0.999512         9988      2048.00
       6.675     0.999561         9988      2275.56
       6.843     0.999609         9989      2560.00
       6.843     0.999658         9989      2925.71
       6.883     0.999707         9990      3413.33
       6.883     0.999756         9990      4096.00
       6.883     0.999780         9990      4551.11
       6.963     0.999805         9991      5120.00
       6.963     0.999829         9991      5851.43
       6.963     0.999854         9991      6826.67
       6.963     0.999878         9991      8192.00
       6.963     0.999890         9991      9102.22
       7.063     0.999902         9992     10240.00
       7.063     1.000000         9992          inf
#[Mean    =        1.295, StdDeviation   =        0.630]
#[Max     =        7.060, Total count    =         9992]
#[Buckets =           27, SubBuckets     =         2048]
----------------------------------------------------------
  9994 requests in 10.00s, 1.67MB read
Requests/sec:    999.26
Transfer/sec:    170.77KB
