Running 10s test @ http://localhost
  2 threads and 10 connections
  Thread Stats   Avg      Stdev     Max   +/- Stdev
    Latency     1.29ms  572.88us   6.67ms   69.98%
    Req/Sec       -nan      -nan   0.00      0.00%
  Latency Distribution (HdrHistogram - Recorded Latency)
 50.000%    1.26ms
 75.000%    1.65ms
 90.000%    1.95ms
 99.000%    2.98ms
 99.900%    4.97ms
 99.990%    6.32ms
 99.999%    6.67ms
100.000%    6.67ms

  Detailed Percentile spectrum:
       Value   Percentile   TotalCount 1/(1-Percentile)

       0.248     0.000000            1         1.00
       0.598     0.100000         1007         1.11
       0.777     0.200000         2001         1.25
       0.948     0.300000         3002         1.43
       1.114     0.400000         4000         1.67
       1.265     0.500000         5001         2.00
       1.340     0.550000         5499         2.22
       1.416     0.600000         6004         2.50
       1.492     0.650000         6498         2.86
       1.566     0.700000         7000         3.33
       1.647     0.750000         7498         4.00
       1.691     0.775000         7744         4.44
       1.739     0.800000         7998         5.00
       1.788     0.825000         8247         5.71
       1.836     0.850000         8502         6.67
       1.886     0.875000         8745         8.00
       1.914     0.887500         8873         8.89
       1.947     0.900000         8994        10.00
       1.981     0.912500         9122        11.43
       2.012     0.925000         9246        13.33
       2.051     0.937500         9368        16.00
       2.075     0.943750         9430        17.78
       2.103     0.950000         9493        20.00
       2.131     0.956250         9555        22.86
       2.171     0.962500         9620        26.67
       2.217     0.968750         9680        32.00
       2.249     0.971875         9712        35.56
       2.303     0.975000         9743        40.00
       2.381     0.978125         9775        45.71
       2.475     0.981250         9805        53.33
       2.625     0.984375         9836        64.00
       2.701     0.985938         9852        71.11
       2.787     0.987500         9868        80.00
       2.899     0.989062         9883        91.43
       3.089     0.990625         9899       106.67
       3.299     0.992188         9914       128.00
       3.443     0.992969         9922       142.22
       3.665     0.993750         9930       160.00
       3.835     0.994531         9938       182.86
       3.937     0.995313         9946       213.33
       4.091     0.996094         9953       256.00
       4.155     0.996484         9957       284.44
       4.347     0.996875         9961       320.00
       4.411     0.997266         9965       365.71
       4.515     0.997656         9969       426.67
       4.615     0.998047         9973       512.00
       4.679     0.998242         9975       568.89
       4.727     0.998437         9977       640.00
       4.767     0.998633         9979       731.43
       4.963     0.998828         9981       853.33
       5.047     0.999023         9983      1024.00
       5.259     0.999121         9984      1137.78
       5.323     0.999219         9985      1280.00
       5.375     0.999316         9986      1462.86
       5.555     0.999414         9987      1706.67
       5.571     0.999512         9988      2048.00
       5.571     0.999561         9988      2275.56
       5.647     0.999609         9989      2560.00
       5.647     0.999658         9989      2925.71
       5.843     0.999707         9990      3413.33
       5.843     0.999756         9990      4096.00
       5.843     0.999780         9990      4551.11
       6.319     0.999805         9991      5120.00
       6.319     0.999829         9991      5851.43
       6.319     0.999854         9991      6826.67
       6.319     0.999878         9991      8192.00
       6.319     0.999890         9991      9102.22
       6.671     0.999902         9992     10240.00
       6.671     1.000000         9992          inf
#[Mean    =        1.291, StdDeviation   =        0.573]
#[Max     =        6.668, Total count    =         9992]
#[Buckets =           27, SubBuckets     =         2048]
----------------------------------------------------------
  9998 requests in 10.00s, 1.67MB read
Requests/sec:    999.61
Transfer/sec:    170.83KB
