Running 10s test @ http://localhost
  2 threads and 10 connections
  Thread Stats   Avg      Stdev     Max   +/- Stdev
    Latency     1.23ms  638.44us  12.10ms   77.90%
    Req/Sec       -nan      -nan   0.00      0.00%
  Latency Distribution (HdrHistogram - Recorded Latency)
 50.000%    1.17ms
 75.000%    1.53ms
 90.000%    1.88ms
 99.000%    3.64ms
 99.900%    6.27ms
 99.990%    9.98ms
 99.999%   12.10ms
100.000%   12.10ms

  Detailed Percentile spectrum:
       Value   Percentile   TotalCount 1/(1-Percentile)

       0.241     0.000000            1         1.00
       0.562     0.100000         1002         1.11
       0.718     0.200000         1999         1.25
       0.853     0.300000         3002         1.43
       1.006     0.400000         3999         1.67
       1.167     0.500000         5000         2.00
       1.245     0.550000         5496         2.22
       1.317     0.600000         6002         2.50
       1.388     0.650000         6501         2.86
       1.457     0.700000         6996         3.33
       1.529     0.750000         7499         4.00
       1.568     0.775000         7749         4.44
       1.608     0.800000         7996         5.00
       1.654     0.825000         8244         5.71
       1.711     0.850000         8497         6.67
       1.794     0.875000         8745         8.00
       1.838     0.887500         8869         8.89
       1.885     0.900000         8997        10.00
       1.937     0.912500         9118        11.43
       2.001     0.925000         9244        13.33
       2.071     0.937500         9370        16.00
       2.105     0.943750         9431        17.78
       2.155     0.950000         9494        20.00
       2.207     0.956250         9555        22.86
       2.275     0.962500         9618        26.67
       2.349     0.968750         9681        32.00
       2.387     0.971875         9711        35.56
       2.445     0.975000         9744        40.00
       2.547     0.978125         9774        45.71
       2.703     0.981250         9805        53.33
       2.951     0.984375         9836        64.00
       3.077     0.985938         9852        71.11
       3.295     0.987500         9868        80.00
       3.501     0.989062         9883        91.43
       3.727     0.990625         9899       106.67
       3.925     0.992188         9914       128.00
       4.063     0.992969         9922       142.22
       4.191     0.993750         9930       160.00
       4.315     0.994531         9938       182.86
       4.483     0.995313         9946       213.33
       4.567     0.996094         9953       256.00
       4.759     0.996484         9957       284.44
       4.915     0.996875         9961       320.00
       5.123     0.997266         9965       365.71
       5.231     0.997656         9969       426.67
       5.519     0.998047         9973       512.00
       5.647     0.998242         9975       568.89
       5.691     0.998437         9977       640.00
       5.983     0.998633         9979       731.43
       6.159     0.998828         9981       853.33
       6.411     0.999023         9984      1024.00
       6.411     0.999121         9984      1137.78
       6.583     0.999219         9985      1280.00
       6.863     0.999316         9986      1462.86
       6.895     0.999414         9987      1706.67
       6.999     0.999512         9988      2048.00
       6.999     0.999561         9988      2275.56
       7.223     0.999609         9989      2560.00
       7.223     0.999658         9989      2925.71
       7.615     0.999707         9990      3413.33
       7.615     0.999756         9990      4096.00
       7.615     0.999780         9990      4551.11
       9.975     0.999805         9991      5120.00
       9.975     0.999829         9991      5851.43
       9.975     0.999854         9991      6826.67
       9.975     0.999878         9991      8192.00
       9.975     0.999890         9991      9102.22
      12.103     0.999902         9992     10240.00
      12.103     1.000000         9992          inf
#[Mean    =        1.228, StdDeviation   =        0.638]
#[Max     =       12.096, Total count    =         9992]
#[Buckets =           27, SubBuckets     =         2048]
----------------------------------------------------------
  9996 requests in 10.00s, 1.67MB read
Requests/sec:    999.44
Transfer/sec:    170.80KB
