Running 10s test @ http://localhost
  2 threads and 10 connections
  Thread Stats   Avg      Stdev     Max   +/- Stdev
    Latency     1.24ms  604.89us   9.78ms   76.12%
    Req/Sec       -nan      -nan   0.00      0.00%
  Latency Distribution (HdrHistogram - Recorded Latency)
 50.000%    1.20ms
 75.000%    1.53ms
 90.000%    1.86ms
 99.000%    3.44ms
 99.900%    5.59ms
 99.990%    9.43ms
 99.999%    9.79ms
100.000%    9.79ms

  Detailed Percentile spectrum:
       Value   Percentile   TotalCount 1/(1-Percentile)

       0.177     0.000000            1         1.00
       0.569     0.100000         1001         1.11
       0.742     0.200000         1999         1.25
       0.920     0.300000         2998         1.43
       1.069     0.400000         4000         1.67
       1.204     0.500000         4999         2.00
       1.265     0.550000         5496         2.22
       1.332     0.600000         6003         2.50
       1.395     0.650000         6500         2.86
       1.461     0.700000         6998         3.33
       1.531     0.750000         7496         4.00
       1.569     0.775000         7753         4.44
       1.611     0.800000         7996         5.00
       1.658     0.825000         8245         5.71
       1.717     0.850000         8495         6.67
       1.781     0.875000         8744         8.00
       1.822     0.887500         8868         8.89
       1.855     0.900000         8994        10.00
       1.898     0.912500         9119        11.43
       1.934     0.925000         9243        13.33
       1.983     0.937500         9370        16.00
       2.018     0.943750         9433        17.78
       2.046     0.950000         9496        20.00
       2.083     0.956250         9557        22.86
       2.129     0.962500         9620        26.67
       2.177     0.968750         9680        32.00
       2.231     0.971875         9712        35.56
       2.291     0.975000         9744        40.00
       2.351     0.978125         9774        45.71
       2.409     0.981250         9806        53.33
       2.573     0.984375         9836        64.00
       2.751     0.985938         9852        71.11
       2.933     0.987500         9868        80.00
       3.251     0.989062         9883        91.43
       3.547     0.990625         9899       106.67
       3.907     0.992188         9916       128.00
       3.993     0.992969         9922       142.22
       4.247     0.993750         9930       160.00
       4.455     0.994531         9938       182.86
       4.587     0.995313         9946       213.33
       4.659     0.996094         9953       256.00
       4.775     0.996484         9957       284.44
       4.879     0.996875         9961       320.00
       4.943     0.997266         9965       365.71
       4.987     0.997656         9969       426.67
       5.031     0.998047         9973       512.00
       5.147     0.998242         9975       568.89
       5.219     0.998437         9977       640.00
       5.267     0.998633         9979       731.43
       5.319     0.998828         9981       853.33
       5.631     0.999023         9983      1024.00
       5.671     0.999121         9984      1137.78
       6.091     0.999219         9985      1280.00
       7.067     0.999316         9986      1462.86
       7.091     0.999414         9987      1706.67
       7.439     0.999512         9988      2048.00
       7.439     0.999561         9988      2275.56
       9.247     0.999609         9989      2560.00
       9.247     0.999658         9989      2925.71
       9.359     0.999707         9990      3413.33
       9.359     0.999756         9990      4096.00
       9.359     0.999780         9990      4551.11
       9.431     0.999805         9991      5120.00
       9.431     0.999829         9991      5851.43
       9.431     0.999854         9991      6826.67
       9.431     0.999878         9991      8192.00
       9.431     0.999890         9991      9102.22
       9.791     0.999902         9992     10240.00
       9.791     1.000000         9992          inf
#[Mean    =        1.237, StdDeviation   =        0.605]
#[Max     =        9.784, Total count    =         9992]
#[Buckets =           27, SubBuckets     =         2048]
----------------------------------------------------------
  9998 requests in 10.00s, 1.67MB read
Requests/sec:    999.60
Transfer/sec:    170.83KB
