Running 10s test @ http://localhost
  2 threads and 10 connections
  Thread Stats   Avg      Stdev     Max   +/- Stdev
    Latency     1.24ms  678.59us   8.70ms   78.72%
    Req/Sec       -nan      -nan   0.00      0.00%
  Latency Distribution (HdrHistogram - Recorded Latency)
 50.000%    1.15ms
 75.000%    1.56ms
 90.000%    1.92ms
 99.000%    3.75ms
 99.900%    6.64ms
 99.990%    8.57ms
 99.999%    8.70ms
100.000%    8.70ms

  Detailed Percentile spectrum:
       Value   Percentile   TotalCount 1/(1-Percentile)

       0.110     0.000000            1         1.00
       0.537     0.100000         1008         1.11
       0.711     0.200000         1999         1.25
       0.856     0.300000         3003         1.43
       0.998     0.400000         4002         1.67
       1.146     0.500000         5002         2.00
       1.216     0.550000         5499         2.22
       1.295     0.600000         6002         2.50
       1.373     0.650000         6496         2.86
       1.469     0.700000         7002         3.33
       1.557     0.750000         7494         4.00
       1.606     0.775000         7744         4.44
       1.661     0.800000         7999         5.00
       1.723     0.825000         8248         5.71
       1.786     0.850000         8499         6.67
       1.842     0.875000         8745         8.00
       1.883     0.887500         8870         8.89
       1.918     0.900000         8995        10.00
       1.952     0.912500         9120        11.43
       2.004     0.925000         9243        13.33
       2.067     0.937500         9370        16.00
       2.117     0.943750         9430        17.78
       2.163     0.950000         9495        20.00
       2.235     0.956250         9555        22.86
       2.353     0.962500         9618        26.67
       2.527     0.968750         9680        32.00
       2.629     0.971875         9711        35.56
       2.775     0.975000         9743        40.00
       2.915     0.978125         9775        45.71
       3.055     0.981250         9805        53.33
       3.351     0.984375         9836        64.00
       3.501     0.985938         9853        71.11
       3.587     0.987500         9868        80.00
       3.691     0.989062         9883        91.43
       3.863     0.990625         9899       106.67
       4.179     0.992188         9915       128.00
       4.263     0.992969         9922       142.22
       4.335     0.993750         9930       160.00
       4.419     0.994531         9938       182.86
       4.535     0.995313         9946       213.33
       4.743     0.996094         9953       256.00
       4.959     0.996484         9957       284.44
       5.039     0.996875         9961       320.00
       5.235     0.997266         9965       365.71
       5.347     0.997656         9969       426.67
       5.759     0.998047         9973       512.00
       6.011     0.998242         9975       568.89
       6.035     0.998437         9977       640.00
       6.123     0.998633         9979       731.43
       6.555     0.998828         9981       853.33
       6.903     0.999023         9983      1024.00
       6.931     0.999121         9984      1137.78
       7.651     0.999219         9985      1280.00
       7.687     0.999316         9986      1462.86
       8.155     0.999414         9987      1706.67
       8.207     0.999512         9988      2048.00
       8.207     0.999561         9988      2275.56
       8.287     0.999609         9989      2560.00
       8.287     0.999658         9989      2925.71
       8.399     0.999707         9990      3413.33
       8.399     0.999756         9990      4096.00
       8.399     0.999780         9990      4551.11
       8.567     0.999805         9991      5120.00
       8.567     0.999829         9991      5851.43
       8.567     0.999854         9991      6826.67
       8.567     0.999878         9991      8192.00
       8.567     0.999890         9991      9102.22
       8.703     0.999902         9992     10240.00
       8.703     1.000000         9992          inf
#[Mean    =        1.237, StdDeviation   =        0.679]
#[Max     =        8.696, Total count    =         9992]
#[Buckets =           27, SubBuckets     =         2048]
----------------------------------------------------------
  9995 requests in 10.00s, 1.67MB read
Requests/sec:    999.40
Transfer/sec:    170.80KB
