Running 10s test @ http://localhost
  2 threads and 10 connections
  Thread Stats   Avg      Stdev     Max   +/- Stdev
    Latency     1.20ms  624.08us   6.14ms   77.17%
    Req/Sec       -nan      -nan   0.00      0.00%
  Latency Distribution (HdrHistogram - Recorded Latency)
 50.000%    1.11ms
 75.000%    1.50ms
 90.000%    1.84ms
 99.000%    3.69ms
 99.900%    4.85ms
 99.990%    5.96ms
 99.999%    6.14ms
100.000%    6.14ms

  Detailed Percentile spectrum:
       Value   Percentile   TotalCount 1/(1-Percentile)

       0.140     0.000000            1         1.00
       0.535     0.100000         1004         1.11
       0.679     0.200000         1999         1.25
       0.823     0.300000         3004         1.43
       0.958     0.400000         4004         1.67
       1.110     0.500000         4997         2.00
       1.192     0.550000         5499         2.22
       1.268     0.600000         6000         2.50
       1.347     0.650000         6495         2.86
       1.427     0.700000         7000         3.33
       1.504     0.750000         7498         4.00
       1.542     0.775000         7744         4.44
       1.588     0.800000         7993         5.00
       1.637     0.825000         8245         5.71
       1.693     0.850000         8496         6.67
       1.756     0.875000         8743         8.00
       1.799     0.887500         8868         8.89
       1.842     0.900000         8992        10.00
       1.909     0.912500         9117        11.43
       1.985     0.925000         9242        13.33
       2.087     0.937500         9370        16.00
       2.143     0.943750         9431        17.78
       2.209     0.950000         9494        20.00
       2.283     0.956250         9557        22.86
       2.361     0.962500         9619        26.67
       2.463     0.968750         9679        32.00
       2.567     0.971875         9711        35.56
       2.669     0.975000         9742        40.00
       2.871     0.978125         9773        45.71
       3.039     0.981250         9804        53.33
       3.229     0.984375         9835        64.00
       3.317     0.985938         9851        71.11
       3.421     0.987500         9867        80.00
       3.637     0.989062         9882        91.43
       3.755     0.990625         9898       106.67
       3.897     0.992188         9913       128.00
       3.965     0.992969         9921       142.22
       4.019     0.993750         9929       160.00
       4.127     0.994531         9937       182.86
       4.231     0.995313         9946       213.33
       4.351     0.996094         9953       256.00
       4.387     0.996484         9958       284.44
       4.407     0.996875         9960       320.00
       4.539     0.997266         9964       365.71
       4.627     0.997656         9968       426.67
       4.647     0.998047         9972       512.00
       4.731     0.998242         9974       568.89
       4.755     0.998437         9976       640.00
       4.799     0.998633         9978       731.43
       4.835     0.998828         9980       853.33
       4.955     0.999023         9982      1024.00
       5.095     0.999121         9983      1137.78
       5.103     0.999219         9984      1280.00
       5.167     0.999316         9985      1462.86
       5.239     0.999414         9986      1706.67
       5.271     0.999512         9987      2048.00
       5.271     0.999561         9987      2275.56
       5.811     0.999609         9988      2560.00
       5.811     0.999658         9988      2925.71
       5.895     0.999707         9989      3413.33
       5.895     0.999756         9989      4096.00
       5.895     0.999780         9989      4551.11
       5.963     0.999805         9990      5120.00
       5.963     0.999829         9990      5851.43
       5.963     0.999854         9990      6826.67
       5.963     0.999878         9990      8192.00
       5.963     0.999890         9990      9102.22
       6.143     0.999902         9991     10240.00
       6.143     1.000000         9991          inf
#[Mean    =        1.196, StdDeviation   =        0.624]
#[Max     =        6.140, Total count    =         9991]
#[Buckets =           27, SubBuckets     =         2048]
----------------------------------------------------------
  9995 requests in 10.00s, 1.67MB read
Requests/sec:    999.28
Transfer/sec:    170.77KB
