Running 10s test @ http://localhost
  2 threads and 10 connections
  Thread Stats   Avg      Stdev     Max   +/- Stdev
    Latency     1.18ms  622.19us   8.35ms   76.48%
    Req/Sec       -nan      -nan   0.00      0.00%
  Latency Distribution (HdrHistogram - Recorded Latency)
 50.000%    1.11ms
 75.000%    1.47ms
 90.000%    1.85ms
 99.000%    3.59ms
 99.900%    5.39ms
 99.990%    8.33ms
 99.999%    8.36ms
100.000%    8.36ms

  Detailed Percentile spectrum:
       Value   Percentile   TotalCount 1/(1-Percentile)

       0.146     0.000000            1         1.00
       0.522     0.100000         1002         1.11
       0.674     0.200000         2009         1.25
       0.815     0.300000         3001         1.43
       0.955     0.400000         4002         1.67
       1.106     0.500000         4996         2.00
       1.180     0.550000         5499         2.22
       1.254     0.600000         6001         2.50
       1.323     0.650000         6499         2.86
       1.392     0.700000         6998         3.33
       1.465     0.750000         7496         4.00
       1.509     0.775000         7747         4.44
       1.562     0.800000         7994         5.00
       1.614     0.825000         8248         5.71
       1.678     0.850000         8495         6.67
       1.755     0.875000         8744         8.00
       1.803     0.887500         8869         8.89
       1.852     0.900000         8994        10.00
       1.926     0.912500         9118        11.43
       1.996     0.925000         9246        13.33
       2.073     0.937500         9371        16.00
       2.123     0.943750         9434        17.78
       2.169     0.950000         9493        20.00
       2.219     0.956250         9555        22.86
       2.281     0.962500         9621        26.67
       2.345     0.968750         9680        32.00
       2.397     0.971875         9713        35.56
       2.445     0.975000         9744        40.00
       2.531     0.978125         9774        45.71
       2.649     0.981250         9806        53.33
       2.827     0.984375         9837        64.00
       3.025     0.985938         9852        71.11
       3.201     0.987500         9868        80.00
       3.397     0.989062         9883        91.43
       3.697     0.990625         9899       106.67
       3.867     0.992188         9914       128.00
       3.979     0.992969         9922       142.22
       4.081     0.993750         9930       160.00
       4.147     0.994531         9938       182.86
       4.283     0.995313         9946       213.33
       4.355     0.996094         9953       256.00
       4.375     0.996484         9957       284.44
       4.427     0.996875         9963       320.00
       4.475     0.997266         9965       365.71
       4.531     0.997656         9969       426.67
       4.751     0.998047         9973       512.00
       4.779     0.998242         9975       568.89
       4.811     0.998437         9977       640.00
       4.931     0.998633         9979       731.43
       5.155     0.998828         9981       853.33
       6.651     0.999023         9983      1024.00
       6.747     0.999121         9984      1137.78
       6.759     0.999219         9985      1280.00
       6.815     0.999316         9986      1462.86
       6.879     0.999414         9987      1706.67
       6.895     0.999512         9988      2048.00
       6.895     0.999561         9988      2275.56
       6.915     0.999609         9989      2560.00
       6.915     0.999658         9989      2925.71
       6.943     0.999707         9990      3413.33
       6.943     0.999756         9990      4096.00
       6.943     0.999780         9990      4551.11
       8.327     0.999805         9991      5120.00
       8.327     0.999829         9991      5851.43
       8.327     0.999854         9991      6826.67
       8.327     0.999878         9991      8192.00
       8.327     0.999890         9991      9102.22
       8.359     0.999902         9992     10240.00
       8.359     1.000000         9992          inf
#[Mean    =        1.177, StdDeviation   =        0.622]
#[Max     =        8.352, Total count    =         9992]
#[Buckets =           27, SubBuckets     =         2048]
----------------------------------------------------------
  9996 requests in 10.00s, 1.67MB read
Requests/sec:    999.36
Transfer/sec:    170.79KB
