Running 10s test @ http://localhost
  2 threads and 10 connections
  Thread Stats   Avg      Stdev     Max   +/- Stdev
    Latency     1.25ms  638.18us   9.76ms   74.03%
    Req/Sec       -nan      -nan   0.00      0.00%
  Latency Distribution (HdrHistogram - Recorded Latency)
 50.000%    1.19ms
 75.000%    1.57ms
 90.000%    1.94ms
 99.000%    3.73ms
 99.900%    5.29ms
 99.990%    9.52ms
 99.999%    9.77ms
100.000%    9.77ms

  Detailed Percentile spectrum:
       Value   Percentile   TotalCount 1/(1-Percentile)

       0.194     0.000000            1         1.00
       0.543     0.100000         1001         1.11
       0.707     0.200000         2005         1.25
       0.891     0.300000         3002         1.43
       1.047     0.400000         4000         1.67
       1.187     0.500000         4998         2.00
       1.257     0.550000         5500         2.22
       1.329     0.600000         6001         2.50
       1.402     0.650000         6496         2.86
       1.483     0.700000         6999         3.33
       1.565     0.750000         7498         4.00
       1.618     0.775000         7746         4.44
       1.673     0.800000         7995         5.00
       1.736     0.825000         8247         5.71
       1.794     0.850000         8500         6.67
       1.863     0.875000         8744         8.00
       1.901     0.887500         8868         8.89
       1.944     0.900000         8994        10.00
       1.995     0.912500         9118        11.43
       2.051     0.925000         9247        13.33
       2.121     0.937500         9368        16.00
       2.155     0.943750         9430        17.78
       2.189     0.950000         9497        20.00
       2.233     0.956250         9555        22.86
       2.285     0.962500         9618        26.67
       2.377     0.968750         9680        32.00
       2.435     0.971875         9711        35.56
       2.489     0.975000         9743        40.00
       2.573     0.978125         9774        45.71
       2.749     0.981250         9805        53.33
       3.133     0.984375         9836        64.00
       3.345     0.985938         9853        71.11
       3.503     0.987500         9868        80.00
       3.653     0.989062         9883        91.43
       3.777     0.990625         9899       106.67
       3.885     0.992188         9914       128.00
       3.975     0.992969         9923       142.22
       4.057     0.993750         9930       160.00
       4.219     0.994531         9938       182.86
       4.355     0.995313         9946       213.33
       4.411     0.996094         9953       256.00
       4.467     0.996484         9957       284.44
       4.543     0.996875         9961       320.00
       4.647     0.997266         9966       365.71
       4.687     0.997656         9969       426.67
       4.807     0.998047         9973       512.00
       4.975     0.998242         9975       568.89
       5.099     0.998437         9977       640.00
       5.171     0.998633         9979       731.43
       5.255     0.998828         9981       853.33
       5.287     0.999023         9983      1024.00
       5.343     0.999121         9984      1137.78
       5.391     0.999219         9985      1280.00
       5.803     0.999316         9986      1462.86
       7.103     0.999414         9987      1706.67
       7.207     0.999512         9988      2048.00
       7.207     0.999561         9988      2275.56
       7.251     0.999609         9989      2560.00
       7.251     0.999658         9989      2925.71
       7.691     0.999707         9990      3413.33
       7.691     0.999756         9990      4096.00
       7.691     0.999780         9990      4551.11
       9.519     0.999805         9991      5120.00
       9.519     0.999829         9991      5851.43
       9.519     0.999854         9991      6826.67
       9.519     0.999878         9991      8192.00
       9.519     0.999890         9991      9102.22
       9.767     0.999902         9992     10240.00
       9.767     1.000000         9992          inf
#[Mean    =        1.250, StdDeviation   =        0.638]
#[Max     =        9.760, Total count    =         9992]
#[Buckets =           27, SubBuckets     =         2048]
----------------------------------------------------------
  9996 requests in 10.00s, 1.67MB read
Requests/sec:    999.36
Transfer/sec:    170.79KB
