Running 10s test @ http://localhost
  2 threads and 10 connections
  Thread Stats   Avg      Stdev     Max   +/- Stdev
    Latency     1.30ms  603.09us   7.67ms   76.39%
    Req/Sec       -nan      -nan   0.00      0.00%
  Latency Distribution (HdrHistogram - Recorded Latency)
 50.000%    1.22ms
 75.000%    1.59ms
 90.000%    1.98ms
 99.000%    3.63ms
 99.900%    5.46ms
 99.990%    7.66ms
 99.999%    7.67ms
100.000%    7.67ms

  Detailed Percentile spectrum:
       Value   Percentile   TotalCount 1/(1-Percentile)

       0.238     0.000000            1         1.00
       0.665     0.100000         1003         1.11
       0.815     0.200000         2005         1.25
       0.957     0.300000         2999         1.43
       1.091     0.400000         4001         1.67
       1.222     0.500000         5000         2.00
       1.298     0.550000         5499         2.22
       1.365     0.600000         6005         2.50
       1.440     0.650000         6498         2.86
       1.518     0.700000         6998         3.33
       1.593     0.750000         7498         4.00
       1.635     0.775000         7748         4.44
       1.687     0.800000         7999         5.00
       1.740     0.825000         8253         5.71
       1.796     0.850000         8495         6.67
       1.873     0.875000         8744         8.00
       1.927     0.887500         8871         8.89
       1.983     0.900000         8993        10.00
       2.029     0.912500         9119        11.43
       2.079     0.925000         9243        13.33
       2.139     0.937500         9368        16.00
       2.173     0.943750         9430        17.78
       2.211     0.950000         9495        20.00
       2.257     0.956250         9558        22.86
       2.327     0.962500         9619        26.67
       2.439     0.968750         9681        32.00
       2.487     0.971875         9711        35.56
       2.567     0.975000         9744        40.00
       2.699     0.978125         9774        45.71
       2.847     0.981250         9805        53.33
       3.099     0.984375         9836        64.00
       3.247     0.985938         9852        71.11
       3.339     0.987500         9868        80.00
       3.471     0.989062         9883        91.43
       3.667     0.990625         9899       106.67
       3.875     0.992188         9914       128.00
       3.949     0.992969         9922       142.22
       4.093     0.993750         9930       160.00
       4.175     0.994531         9938       182.86
       4.259     0.995313         9946       213.33
       4.407     0.996094         9953       256.00
       4.479     0.996484         9957       284.44
       4.567     0.996875         9961       320.00
       4.647     0.997266         9965       365.71
       4.835     0.997656         9969       426.67
       4.935     0.998047         9973       512.00
       4.947     0.998242         9975       568.89
       5.019     0.998437         9977       640.00
       5.227     0.998633         9979       731.43
       5.427     0.998828         9981       853.33
       5.471     0.999023         9983      1024.00
       5.487     0.999121         9984      1137.78
       5.595     0.999219         9985      1280.00
       5.667     0.999316         9986      1462.86
       5.863     0.999414         9987      1706.67
       5.887     0.999512         9988      2048.00
       5.887     0.999561         9988      2275.56
       6.371     0.999609         9989      2560.00
       6.371     0.999658         9989      2925.71
       7.419     0.999707         9990      3413.33
       7.419     0.999756         9990      4096.00
       7.419     0.999780         9990      4551.11
       7.663     0.999805         9991      5120.00
       7.663     0.999829         9991      5851.43
       7.663     0.999854         9991      6826.67
       7.663     0.999878         9991      8192.00
       7.663     0.999890         9991      9102.22
       7.671     0.999902         9992     10240.00
       7.671     1.000000         9992          inf
#[Mean    =        1.302, StdDeviation   =        0.603]
#[Max     =        7.668, Total count    =         9992]
#[Buckets =           27, SubBuckets     =         2048]
----------------------------------------------------------
  9994 requests in 10.00s, 1.67MB read
Requests/sec:    999.32
Transfer/sec:    170.78KB
