Running 10s test @ http://localhost
  2 threads and 10 connections
  Thread Stats   Avg      Stdev     Max   +/- Stdev
    Latency     1.26ms  636.29us  12.65ms   75.13%
    Req/Sec       -nan      -nan   0.00      0.00%
  Latency Distribution (HdrHistogram - Recorded Latency)
 50.000%    1.22ms
 75.000%    1.58ms
 90.000%    1.96ms
 99.000%    3.46ms
 99.900%    5.46ms
 99.990%   12.65ms
 99.999%   12.65ms
100.000%   12.65ms

  Detailed Percentile spectrum:
       Value   Percentile   TotalCount 1/(1-Percentile)

       0.244     0.000000            1         1.00
       0.576     0.100000         1002         1.11
       0.725     0.200000         2001         1.25
       0.883     0.300000         3002         1.43
       1.060     0.400000         3998         1.67
       1.221     0.500000         5001         2.00
       1.292     0.550000         5502         2.22
       1.362     0.600000         5999         2.50
       1.432     0.650000         6501         2.86
       1.496     0.700000         6996         3.33
       1.581     0.750000         7498         4.00
       1.629     0.775000         7747         4.44
       1.688     0.800000         7997         5.00
       1.756     0.825000         8245         5.71
       1.815     0.850000         8497         6.67
       1.879     0.875000         8747         8.00
       1.915     0.887500         8870         8.89
       1.958     0.900000         8994        10.00
       1.995     0.912500         9120        11.43
       2.035     0.925000         9245        13.33
       2.079     0.937500         9369        16.00
       2.113     0.943750         9436        17.78
       2.135     0.950000         9496        20.00
       2.175     0.956250         9556        22.86
       2.229     0.962500         9619        26.67
       2.293     0.968750         9684        32.00
       2.327     0.971875         9712        35.56
       2.397     0.975000         9744        40.00
       2.497     0.978125         9775        45.71
       2.641     0.981250         9806        53.33
       2.845     0.984375         9837        64.00
       3.025     0.985938         9853        71.11
       3.177     0.987500         9869        80.00
       3.383     0.989062         9884        91.43
       3.595     0.990625         9900       106.67
       3.813     0.992188         9915       128.00
       3.935     0.992969         9923       142.22
       4.035     0.993750         9931       160.00
       4.167     0.994531         9939       182.86
       4.335     0.995313         9947       213.33
       4.391     0.996094         9954       256.00
       4.427     0.996484         9958       284.44
       4.555     0.996875         9963       320.00
       4.683     0.997266         9966       365.71
       4.799     0.997656         9970       426.67
       4.927     0.998047         9974       512.00
       4.987     0.998242         9976       568.89
       5.111     0.998437         9978       640.00
       5.271     0.998633         9980       731.43
       5.447     0.998828         9982       853.33
       5.539     0.999023         9984      1024.00
       5.791     0.999121         9985      1137.78
       6.271     0.999219         9986      1280.00
       7.307     0.999316         9987      1462.86
       7.719     0.999414         9988      1706.67
       7.871     0.999512         9989      2048.00
       7.871     0.999561         9989      2275.56
       8.671     0.999609         9990      2560.00
       8.671     0.999658         9990      2925.71
       8.791     0.999707         9991      3413.33
       8.791     0.999756         9991      4096.00
       8.791     0.999780         9991      4551.11
      12.655     0.999805         9993      5120.00
      12.655     1.000000         9993          inf
#[Mean    =        1.263, StdDeviation   =        0.636]
#[Max     =       12.648, Total count    =         9993]
#[Buckets =           27, SubBuckets     =         2048]
----------------------------------------------------------
  9998 requests in 10.00s, 1.67MB read
Requests/sec:    999.54
Transfer/sec:    170.82KB
