Running 10s test @ http://localhost
  2 threads and 10 connections
  Thread Stats   Avg      Stdev     Max   +/- Stdev
    Latency     1.26ms  483.19us   8.36ms   74.80%
    Req/Sec       -nan      -nan   0.00      0.00%
  Latency Distribution (HdrHistogram - Recorded Latency)
 50.000%    1.23ms
 75.000%    1.52ms
 90.000%    1.77ms
 99.000%    2.61ms
 99.900%    5.07ms
 99.990%    8.12ms
 99.999%    8.37ms
100.000%    8.37ms

  Detailed Percentile spectrum:
       Value   Percentile   TotalCount 1/(1-Percentile)

       0.219     0.000000            1         1.00
       0.696     0.100000         1004         1.11
       0.868     0.200000         2003         1.25
       1.005     0.300000         3004         1.43
       1.125     0.400000         3998         1.67
       1.232     0.500000         4997         2.00
       1.287     0.550000         5500         2.22
       1.342     0.600000         6002         2.50
       1.399     0.650000         6507         2.86
       1.455     0.700000         7001         3.33
       1.518     0.750000         7500         4.00
       1.552     0.775000         7746         4.44
       1.588     0.800000         8002         5.00
       1.622     0.825000         8249         5.71
       1.662     0.850000         8497         6.67
       1.711     0.875000         8744         8.00
       1.736     0.887500         8875         8.89
       1.766     0.900000         8994        10.00
       1.795     0.912500         9118        11.43
       1.834     0.925000         9243        13.33
       1.881     0.937500         9370        16.00
       1.908     0.943750         9431        17.78
       1.938     0.950000         9495        20.00
       1.976     0.956250         9555        22.86
       2.024     0.962500         9619        26.67
       2.087     0.968750         9683        32.00
       2.111     0.971875         9711        35.56
       2.147     0.975000         9743        40.00
       2.181     0.978125         9774        45.71
       2.241     0.981250         9805        53.33
       2.347     0.984375         9837        64.00
       2.407     0.985938         9854        71.11
       2.479     0.987500         9868        80.00
       2.571     0.989062         9883        91.43
       2.645     0.990625         9899       106.67
       2.759     0.992188         9914       128.00
       2.845     0.992969         9922       142.22
       2.985     0.993750         9930       160.00
       3.207     0.994531         9938       182.86
       3.383     0.995313         9946       213.33
       3.757     0.996094         9953       256.00
       3.913     0.996484         9957       284.44
       4.091     0.996875         9961       320.00
       4.195     0.997266         9965       365.71
       4.259     0.997656         9969       426.67
       4.471     0.998047         9973       512.00
       4.519     0.998242         9975       568.89
       4.583     0.998437         9977       640.00
       4.679     0.998633         9979       731.43
       5.051     0.998828         9981       853.33
       5.075     0.999023         9983      1024.00
       5.115     0.999121         9984      1137.78
       5.367     0.999219         9985      1280.00
       5.391     0.999316         9986      1462.86
       5.459     0.999414         9987      1706.67
       5.487     0.999512         9988      2048.00
       5.487     0.999561         9988      2275.56
       5.707     0.999609         9989      2560.00
       5.707     0.999658         9989      2925.71
       8.051     0.999707         9990      3413.33
       8.051     0.999756         9990      4096.00
       8.051     0.999780         9990      4551.11
       8.123     0.999805         9991      5120.00
       8.123     0.999829         9991      5851.43
       8.123     0.999854         9991      6826.67
       8.123     0.999878         9991      8192.00
       8.123     0.999890         9991      9102.22
       8.367     0.999902         9992     10240.00
       8.367     1.000000         9992          inf
#[Mean    =        1.255, StdDeviation   =        0.483]
#[Max     =        8.360, Total count    =         9992]
#[Buckets =           27, SubBuckets     =         2048]
----------------------------------------------------------
  9998 requests in 10.00s, 1.67MB read
Requests/sec:    999.70
Transfer/sec:    170.85KB
