Running 10s test @ http://localhost
  2 threads and 10 connections
  Thread Stats   Avg      Stdev     Max   +/- Stdev
    Latency     1.21ms  604.40us  13.23ms   75.76%
    Req/Sec       -nan      -nan   0.00      0.00%
  Latency Distribution (HdrHistogram - Recorded Latency)
 50.000%    1.15ms
 75.000%    1.54ms
 90.000%    1.85ms
 99.000%    3.04ms
 99.900%    5.00ms
 99.990%   12.98ms
 99.999%   13.24ms
100.000%   13.24ms

  Detailed Percentile spectrum:
       Value   Percentile   TotalCount 1/(1-Percentile)

       0.198     0.000000            1         1.00
       0.561     0.100000         1002         1.11
       0.708     0.200000         2003         1.25
       0.848     0.300000         3001         1.43
       1.008     0.400000         3997         1.67
       1.155     0.500000         4996         2.00
       1.232     0.550000         5497         2.22
       1.309     0.600000         5997         2.50
       1.382     0.650000         6498         2.86
       1.458     0.700000         7002         3.33
       1.539     0.750000         7496         4.00
       1.580     0.775000         7749         4.44
       1.624     0.800000         8000         5.00
       1.672     0.825000         8246         5.71
       1.727     0.850000         8499         6.67
       1.786     0.875000         8745         8.00
       1.819     0.887500         8868         8.89
       1.854     0.900000         8997        10.00
       1.891     0.912500         9119        11.43
       1.935     0.925000         9244        13.33
       1.988     0.937500         9370        16.00
       2.016     0.943750         9433        17.78
       2.055     0.950000         9495        20.00
       2.091     0.956250         9555        22.86
       2.137     0.962500         9619        26.67
       2.183     0.968750         9680        32.00
       2.223     0.971875         9714        35.56
       2.257     0.975000         9743        40.00
       2.319     0.978125         9774        45.71
       2.371     0.981250         9805        53.33
       2.481     0.984375         9836        64.00
       2.567     0.985938         9852        71.11
       2.759     0.987500         9868        80.00
       2.917     0.989062         9883        91.43
       3.185     0.990625         9899       106.67
       3.585     0.992188         9914       128.00
       3.715     0.992969         9922       142.22
       3.863     0.993750         9930       160.00
       4.067     0.994531         9938       182.86
       4.155     0.995313         9947       213.33
       4.271     0.996094         9953       256.00
       4.423     0.996484         9958       284.44
       4.471     0.996875         9961       320.00
       4.531     0.997266         9965       365.71
       4.571     0.997656         9969       426.67
       4.627     0.998047         9973       512.00
       4.687     0.998242         9975       568.89
       4.775     0.998437         9977       640.00
       4.851     0.998633         9979       731.43
       4.887     0.998828         9981       853.33
       5.251     0.999023         9983      1024.00
       5.407     0.999121         9984      1137.78
       5.603     0.999219         9985      1280.00
       5.835     0.999316         9986      1462.86
       8.207     0.999414         9987      1706.67
       8.615     0.999512         9988      2048.00
       8.615     0.999561         9988      2275.56
       8.959     0.999609         9989      2560.00
       8.959     0.999658         9989      2925.71
       9.023     0.999707         9990      3413.33
       9.023     0.999756         9990      4096.00
       9.023     0.999780         9990      4551.11
      12.983     0.999805         9991      5120.00
      12.983     0.999829         9991      5851.43
      12.983     0.999854         9991      6826.67
      12.983     0.999878         9991      8192.00
      12.983     0.999890         9991      9102.22
      13.239     0.999902         9992     10240.00
      13.239     1.000000         9992          inf
#[Mean    =        1.209, StdDeviation   =        0.604]
#[Max     =       13.232, Total count    =         9992]
#[Buckets =           27, SubBuckets     =         2048]
----------------------------------------------------------
  9995 requests in 10.00s, 1.67MB read
Requests/sec:    999.44
Transfer/sec:    170.80KB
