Running 10s test @ http://localhost
  2 threads and 10 connections
  Thread Stats   Avg      Stdev     Max   +/- Stdev
    Latency     1.39ms    1.10ms  15.05ms   96.09%
    Req/Sec       -nan      -nan   0.00      0.00%
  Latency Distribution (HdrHistogram - Recorded Latency)
 50.000%    1.29ms
 75.000%    1.66ms
 90.000%    1.98ms
 99.000%    6.60ms
 99.900%   13.56ms
 99.990%   15.01ms
 99.999%   15.06ms
100.000%   15.06ms

  Detailed Percentile spectrum:
       Value   Percentile   TotalCount 1/(1-Percentile)

       0.165     0.000000            1         1.00
       0.561     0.100000         1002         1.11
       0.732     0.200000         1998         1.25
       0.925     0.300000         2997         1.43
       1.114     0.400000         3995         1.67
       1.294     0.500000         4995         2.00
       1.377     0.550000         5498         2.22
       1.445     0.600000         5991         2.50
       1.516     0.650000         6492         2.86
       1.587     0.700000         6994         3.33
       1.659     0.750000         7490         4.00
       1.700     0.775000         7739         4.44
       1.742     0.800000         7988         5.00
       1.790     0.825000         8242         5.71
       1.843     0.850000         8488         6.67
       1.902     0.875000         8737         8.00
       1.937     0.887500         8862         8.89
       1.978     0.900000         8986        10.00
       2.022     0.912500         9112        11.43
       2.071     0.925000         9238        13.33
       2.127     0.937500         9360        16.00
       2.169     0.943750         9423        17.78
       2.221     0.950000         9485        20.00
       2.297     0.956250         9549        22.86
       2.403     0.962500         9610        26.67
       2.681     0.968750         9672        32.00
       2.917     0.971875         9705        35.56
       3.157     0.975000         9735        40.00
       3.591     0.978125         9766        45.71
       4.467     0.981250         9797        53.33
       5.279     0.984375         9828        64.00
       5.603     0.985938         9844        71.11
       5.907     0.987500         9860        80.00
       6.363     0.989062         9875        91.43
       6.883     0.990625         9891       106.67
       7.555     0.992188         9906       128.00
       8.143     0.992969         9914       142.22
       8.983     0.993750         9922       160.00
       9.159     0.994531         9930       182.86
       9.495     0.995313         9938       213.33
       9.799     0.996094         9945       256.00
       9.943     0.996484         9949       284.44
      10.367     0.996875         9953       320.00
      10.575     0.997266         9957       365.71
      10.615     0.997656         9961       426.67
      10.815     0.998047         9965       512.00
      10.831     0.998242         9967       568.89
      10.959     0.998437         9969       640.00
      11.519     0.998633         9971       731.43
      13.279     0.998828         9973       853.33
      14.255     0.999023         9975      1024.00
      14.487     0.999121         9976      1137.78
      14.503     0.999219         9977      1280.00
      14.543     0.999316         9978      1462.86
      14.591     0.999414         9979      1706.67
      14.727     0.999512         9980      2048.00
      14.727     0.999561         9980      2275.56
      14.767     0.999609         9981      2560.00
      14.767     0.999658         9981      2925.71
      14.783     0.999707         9982      3413.33
      14.783     0.999756         9982      4096.00
      14.783     0.999780         9982      4551.11
      15.007     0.999805         9983      5120.00
      15.007     0.999829         9983      5851.43
      15.007     0.999854         9983      6826.67
      15.007     0.999878         9983      8192.00
      15.007     0.999890         9983      9102.22
      15.055     0.999902         9984     10240.00
      15.055     1.000000         9984          inf
#[Mean    =        1.390, StdDeviation   =        1.095]
#[Max     =       15.048, Total count    =         9984]
#[Buckets =           27, SubBuckets     =         2048]
----------------------------------------------------------
  9987 requests in 10.01s, 1.67MB read
Requests/sec:    997.98
Transfer/sec:    170.55KB
