Running 10s test @ http://localhost
  2 threads and 10 connections
  Thread Stats   Avg      Stdev     Max   +/- Stdev
    Latency     1.30ms  626.78us   9.93ms   76.74%
    Req/Sec       -nan      -nan   0.00      0.00%
  Latency Distribution (HdrHistogram - Recorded Latency)
 50.000%    1.21ms
 75.000%    1.57ms
 90.000%    2.00ms
 99.000%    3.65ms
 99.900%    5.48ms
 99.990%    8.33ms
 99.999%    9.94ms
100.000%    9.94ms

  Detailed Percentile spectrum:
       Value   Percentile   TotalCount 1/(1-Percentile)

       0.236     0.000000            1         1.00
       0.644     0.100000         1004         1.11
       0.812     0.200000         2005         1.25
       0.957     0.300000         2999         1.43
       1.087     0.400000         4002         1.67
       1.214     0.500000         5003         2.00
       1.277     0.550000         5504         2.22
       1.343     0.600000         5999         2.50
       1.407     0.650000         6501         2.86
       1.481     0.700000         7000         3.33
       1.573     0.750000         7495         4.00
       1.626     0.775000         7744         4.44
       1.678     0.800000         7998         5.00
       1.743     0.825000         8247         5.71
       1.820     0.850000         8494         6.67
       1.903     0.875000         8746         8.00
       1.952     0.887500         8869         8.89
       2.000     0.900000         8993        10.00
       2.049     0.912500         9124        11.43
       2.111     0.925000         9243        13.33
       2.187     0.937500         9370        16.00
       2.225     0.943750         9432        17.78
       2.265     0.950000         9494        20.00
       2.313     0.956250         9558        22.86
       2.383     0.962500         9618        26.67
       2.491     0.968750         9680        32.00
       2.571     0.971875         9711        35.56
       2.653     0.975000         9743        40.00
       2.789     0.978125         9774        45.71
       2.949     0.981250         9805        53.33
       3.113     0.984375         9836        64.00
       3.265     0.985938         9852        71.11
       3.417     0.987500         9870        80.00
       3.597     0.989062         9883        91.43
       3.721     0.990625         9899       106.67
       4.029     0.992188         9914       128.00
       4.103     0.992969         9922       142.22
       4.215     0.993750         9930       160.00
       4.323     0.994531         9938       182.86
       4.399     0.995313         9946       213.33
       4.575     0.996094         9953       256.00
       4.643     0.996484         9957       284.44
       4.695     0.996875         9961       320.00
       4.815     0.997266         9965       365.71
       4.903     0.997656         9969       426.67
       5.079     0.998047         9973       512.00
       5.131     0.998242         9975       568.89
       5.255     0.998437         9977       640.00
       5.295     0.998633         9979       731.43
       5.367     0.998828         9981       853.33
       5.603     0.999023         9983      1024.00
       5.675     0.999121         9984      1137.78
       6.019     0.999219         9985      1280.00
       6.199     0.999316         9986      1462.86
       6.511     0.999414         9987      1706.67
       6.559     0.999512         9988      2048.00
       6.559     0.999561         9988      2275.56
       6.927     0.999609         9989      2560.00
       6.927     0.999658         9989      2925.71
       7.519     0.999707         9990      3413.33
       7.519     0.999756         9990      4096.00
       7.519     0.999780         9990      4551.11
       8.327     0.999805         9991      5120.00
       8.327     0.999829         9991      5851.43
       8.327     0.999854         9991      6826.67
       8.327     0.999878         9991      8192.00
       8.327     0.999890         9991      9102.22
       9.935     0.999902         9992     10240.00
       9.935     1.000000         9992          inf
#[Mean    =        1.299, StdDeviation   =        0.627]
#[Max     =        9.928, Total count    =         9992]
#[Buckets =           27, SubBuckets     =         2048]
----------------------------------------------------------
  9994 requests in 10.00s, 1.67MB read
Requests/sec:    999.29
Transfer/sec:    170.78KB
