Running 10s test @ http://localhost
  2 threads and 10 connections
  Thread Stats   Avg      Stdev     Max   +/- Stdev
    Latency     1.30ms    0.91ms  43.58ms   95.95%
    Req/Sec       -nan      -nan   0.00      0.00%
  Latency Distribution (HdrHistogram - Recorded Latency)
 50.000%    1.27ms
 75.000%    1.62ms
 90.000%    1.88ms
 99.000%    2.39ms
 99.900%   10.97ms
 99.990%   34.14ms
 99.999%   43.62ms
100.000%   43.62ms

  Detailed Percentile spectrum:
       Value   Percentile   TotalCount 1/(1-Percentile)

       0.198     0.000000            1         1.00
       0.599     0.100000          998         1.11
       0.808     0.200000         1998         1.25
       0.978     0.300000         2995         1.43
       1.135     0.400000         3999         1.67
       1.273     0.500000         4998         2.00
       1.338     0.550000         5495         2.22
       1.407     0.600000         5995         2.50
       1.474     0.650000         6491         2.86
       1.545     0.700000         6993         3.33
       1.620     0.750000         7485         4.00
       1.658     0.775000         7735         4.44
       1.699     0.800000         7988         5.00
       1.740     0.825000         8237         5.71
       1.785     0.850000         8484         6.67
       1.833     0.875000         8738         8.00
       1.856     0.887500         8859         8.89
       1.880     0.900000         8985        10.00
       1.909     0.912500         9108        11.43
       1.940     0.925000         9233        13.33
       1.976     0.937500         9357        16.00
       1.993     0.943750         9420        17.78
       2.016     0.950000         9481        20.00
       2.040     0.956250         9544        22.86
       2.077     0.962500         9607        26.67
       2.117     0.968750         9671        32.00
       2.141     0.971875         9700        35.56
       2.163     0.975000         9731        40.00
       2.199     0.978125         9765        45.71
       2.243     0.981250         9794        53.33
       2.277     0.984375         9825        64.00
       2.293     0.985938         9840        71.11
       2.329     0.987500         9858        80.00
       2.365     0.989062         9871        91.43
       2.439     0.990625         9887       106.67
       2.603     0.992188         9903       128.00
       2.777     0.992969         9910       142.22
       3.271     0.993750         9918       160.00
       3.739     0.994531         9926       182.86
       4.551     0.995313         9934       213.33
       6.227     0.996094         9942       256.00
       7.011     0.996484         9945       284.44
       7.271     0.996875         9949       320.00
       7.447     0.997266         9953       365.71
       8.287     0.997656         9957       426.67
       9.367     0.998047         9961       512.00
       9.463     0.998242         9963       568.89
       9.727     0.998437         9965       640.00
      10.119     0.998633         9967       731.43
      10.503     0.998828         9969       853.33
      11.127     0.999023         9971      1024.00
      11.223     0.999121         9972      1137.78
      11.311     0.999219         9973      1280.00
      11.519     0.999316         9974      1462.86
      11.791     0.999414         9975      1706.67
      11.871     0.999512         9976      2048.00
      11.871     0.999561         9976      2275.56
      14.543     0.999609         9977      2560.00
      14.543     0.999658         9977      2925.71
      24.351     0.999707         9978      3413.33
      24.351     0.999756         9978      4096.00
      24.351     0.999780         9978      4551.11
      34.143     0.999805         9979      5120.00
      34.143     0.999829         9979      5851.43
      34.143     0.999854         9979      6826.67
      34.143     0.999878         9979      8192.00
      34.143     0.999890         9979      9102.22
      43.615     0.999902         9980     10240.00
      43.615     1.000000         9980          inf
#[Mean    =        1.301, StdDeviation   =        0.905]
#[Max     =       43.584, Total count    =         9980]
#[Buckets =           27, SubBuckets     =         2048]
----------------------------------------------------------
  9984 requests in 10.00s, 1.67MB read
Requests/sec:    998.19
Transfer/sec:    170.59KB
