Running 10s test @ http://localhost
  2 threads and 10 connections
  Thread Stats   Avg      Stdev     Max   +/- Stdev
    Latency     1.16ms  554.26us   5.82ms   72.74%
    Req/Sec       -nan      -nan   0.00      0.00%
  Latency Distribution (HdrHistogram - Recorded Latency)
 50.000%    1.11ms
 75.000%    1.46ms
 90.000%    1.78ms
 99.000%    3.05ms
 99.900%    4.81ms
 99.990%    5.51ms
 99.999%    5.83ms
100.000%    5.83ms

  Detailed Percentile spectrum:
       Value   Percentile   TotalCount 1/(1-Percentile)

       0.166     0.000000            1         1.00
       0.529     0.100000         1004         1.11
       0.675     0.200000         2003         1.25
       0.816     0.300000         3001         1.43
       0.962     0.400000         4000         1.67
       1.109     0.500000         4996         2.00
       1.184     0.550000         5499         2.22
       1.251     0.600000         6006         2.50
       1.322     0.650000         6496         2.86
       1.386     0.700000         6999         3.33
       1.458     0.750000         7502         4.00
       1.497     0.775000         7748         4.44
       1.546     0.800000         7998         5.00
       1.595     0.825000         8244         5.71
       1.650     0.850000         8494         6.67
       1.715     0.875000         8748         8.00
       1.749     0.887500         8868         8.89
       1.784     0.900000         8993        10.00
       1.824     0.912500         9121        11.43
       1.885     0.925000         9244        13.33
       1.947     0.937500         9371        16.00
       1.977     0.943750         9430        17.78
       2.025     0.950000         9493        20.00
       2.069     0.956250         9556        22.86
       2.133     0.962500         9619        26.67
       2.203     0.968750         9683        32.00
       2.247     0.971875         9711        35.56
       2.287     0.975000         9743        40.00
       2.389     0.978125         9775        45.71
       2.475     0.981250         9806        53.33
       2.609     0.984375         9836        64.00
       2.717     0.985938         9852        71.11
       2.859     0.987500         9868        80.00
       2.965     0.989062         9883        91.43
       3.141     0.990625         9899       106.67
       3.231     0.992188         9915       128.00
       3.311     0.992969         9922       142.22
       3.435     0.993750         9930       160.00
       3.511     0.994531         9938       182.86
       3.669     0.995313         9946       213.33
       3.795     0.996094         9953       256.00
       3.899     0.996484         9957       284.44
       3.969     0.996875         9961       320.00
       4.091     0.997266         9965       365.71
       4.215     0.997656         9969       426.67
       4.307     0.998047         9973       512.00
       4.375     0.998242         9975       568.89
       4.407     0.998437         9977       640.00
       4.571     0.998633         9979       731.43
       4.719     0.998828         9981       853.33
       4.963     0.999023         9983      1024.00
       5.055     0.999121         9984      1137.78
       5.067     0.999219         9985      1280.00
       5.259     0.999316         9986      1462.86
       5.303     0.999414         9988      1706.67
       5.303     0.999512         9988      2048.00
       5.303     0.999561         9988      2275.56
       5.423     0.999609         9989      2560.00
       5.423     0.999658         9989      2925.71
       5.467     0.999707         9990      3413.33
       5.467     0.999756         9990      4096.00
       5.467     0.999780         9990      4551.11
       5.511     0.999805         9991      5120.00
       5.511     0.999829         9991      5851.43
       5.511     0.999854         9991      6826.67
       5.511     0.999878         9991      8192.00
       5.511     0.999890         9991      9102.22
       5.827     0.999902         9992     10240.00
       5.827     1.000000         9992          inf
#[Mean    =        1.155, StdDeviation   =        0.554]
#[Max     =        5.824, Total count    =         9992]
#[Buckets =           27, SubBuckets     =         2048]
----------------------------------------------------------
  9995 requests in 10.00s, 1.67MB read
Requests/sec:    999.36
Transfer/sec:    170.79KB
