Running 10s test @ http://localhost
  2 threads and 10 connections
  Thread Stats   Avg      Stdev     Max   +/- Stdev
    Latency     1.29ms  623.96us   8.33ms   70.22%
    Req/Sec       -nan      -nan   0.00      0.00%
  Latency Distribution (HdrHistogram - Recorded Latency)
 50.000%    1.25ms
 75.000%    1.65ms
 90.000%    2.01ms
 99.000%    3.31ms
 99.900%    4.84ms
 99.990%    6.51ms
 99.999%    8.34ms
100.000%    8.34ms

  Detailed Percentile spectrum:
       Value   Percentile   TotalCount 1/(1-Percentile)

       0.166     0.000000            1         1.00
       0.546     0.100000         1003         1.11
       0.720     0.200000         2001         1.25
       0.890     0.300000         3006         1.43
       1.076     0.400000         4003         1.67
       1.254     0.500000         4998         2.00
       1.333     0.550000         5503         2.22
       1.418     0.600000         5998         2.50
       1.488     0.650000         6500         2.86
       1.561     0.700000         7001         3.33
       1.653     0.750000         7496         4.00
       1.704     0.775000         7745         4.44
       1.760     0.800000         7995         5.00
       1.815     0.825000         8245         5.71
       1.868     0.850000         8496         6.67
       1.935     0.875000         8745         8.00
       1.974     0.887500         8868         8.89
       2.009     0.900000         8996        10.00
       2.051     0.912500         9118        11.43
       2.097     0.925000         9244        13.33
       2.153     0.937500         9375        16.00
       2.181     0.943750         9432        17.78
       2.213     0.950000         9493        20.00
       2.267     0.956250         9556        22.86
       2.317     0.962500         9620        26.67
       2.411     0.968750         9680        32.00
       2.475     0.971875         9711        35.56
       2.557     0.975000         9744        40.00
       2.691     0.978125         9774        45.71
       2.803     0.981250         9805        53.33
       2.937     0.984375         9836        64.00
       2.979     0.985938         9852        71.11
       3.087     0.987500         9868        80.00
       3.205     0.989062         9883        91.43
       3.357     0.990625         9899       106.67
       3.507     0.992188         9914       128.00
       3.677     0.992969         9922       142.22
       3.731     0.993750         9930       160.00
       3.827     0.994531         9938       182.86
       3.991     0.995313         9946       213.33
       4.103     0.996094         9954       256.00
       4.183     0.996484         9957       284.44
       4.295     0.996875         9961       320.00
       4.451     0.997266         9965       365.71
       4.547     0.997656         9969       426.67
       4.635     0.998047         9973       512.00
       4.655     0.998242         9975       568.89
       4.703     0.998437         9977       640.00
       4.763     0.998633         9979       731.43
       4.831     0.998828         9981       853.33
       4.843     0.999023         9983      1024.00
       4.847     0.999121         9984      1137.78
       4.899     0.999219         9985      1280.00
       4.951     0.999316         9986      1462.86
       5.051     0.999414         9987      1706.67
       5.143     0.999512         9988      2048.00
       5.143     0.999561         9988      2275.56
       5.567     0.999609         9989      2560.00
       5.567     0.999658         9989      2925.71
       5.811     0.999707         9990      3413.33
       5.811     0.999756         9990      4096.00
       5.811     0.999780         9990      4551.11
       6.515     0.999805         9991      5120.00
       6.515     0.999829         9991      5851.43
       6.515     0.999854         9991      6826.67
       6.515     0.999878         9991      8192.00
       6.515     0.999890         9991      9102.22
       8.335     0.999902         9992     10240.00
       8.335     1.000000         9992          inf
#[Mean    =        1.285, StdDeviation   =        0.624]
#[Max     =        8.328, Total count    =         9992]
#[Buckets =           27, SubBuckets     =         2048]
----------------------------------------------------------
  9996 requests in 10.00s, 1.67MB read
Requests/sec:    999.44
Transfer/sec:    170.80KB
