Running 10s test @ http://localhost
  2 threads and 10 connections
  Thread Stats   Avg      Stdev     Max   +/- Stdev
    Latency     1.34ms    1.03ms  16.70ms   95.94%
    Req/Sec       -nan      -nan   0.00      0.00%
  Latency Distribution (HdrHistogram - Recorded Latency)
 50.000%    1.22ms
 75.000%    1.64ms
 90.000%    2.02ms
 99.000%    5.88ms
 99.900%   12.40ms
 99.990%   16.59ms
 99.999%   16.72ms
100.000%   16.72ms

  Detailed Percentile spectrum:
       Value   Percentile   TotalCount 1/(1-Percentile)

       0.186     0.000000            1         1.00
       0.568     0.100000         1005         1.11
       0.737     0.200000         2007         1.25
       0.902     0.300000         2998         1.43
       1.061     0.400000         4002         1.67
       1.221     0.500000         4996         2.00
       1.307     0.550000         5499         2.22
       1.383     0.600000         5998         2.50
       1.467     0.650000         6498         2.86
       1.550     0.700000         6997         3.33
       1.645     0.750000         7495         4.00
       1.696     0.775000         7745         4.44
       1.747     0.800000         7997         5.00
       1.804     0.825000         8245         5.71
       1.861     0.850000         8495         6.67
       1.935     0.875000         8745         8.00
       1.978     0.887500         8868         8.89
       2.020     0.900000         8994        10.00
       2.063     0.912500         9120        11.43
       2.115     0.925000         9245        13.33
       2.171     0.937500         9369        16.00
       2.203     0.943750         9434        17.78
       2.237     0.950000         9494        20.00
       2.283     0.956250         9557        22.86
       2.331     0.962500         9620        26.67
       2.397     0.968750         9681        32.00
       2.459     0.971875         9711        35.56
       2.529     0.975000         9743        40.00
       2.623     0.978125         9775        45.71
       2.773     0.981250         9805        53.33
       3.511     0.984375         9836        64.00
       4.399     0.985938         9852        71.11
       4.919     0.987500         9868        80.00
       5.751     0.989062         9883        91.43
       6.163     0.990625         9899       106.67
       6.651     0.992188         9914       128.00
       6.831     0.992969         9923       142.22
       7.295     0.993750         9930       160.00
       8.287     0.994531         9938       182.86
       8.767     0.995313         9946       213.33
       9.631     0.996094         9953       256.00
      10.047     0.996484         9957       284.44
      10.343     0.996875         9961       320.00
      10.623     0.997266         9965       365.71
      10.951     0.997656         9969       426.67
      11.303     0.998047         9973       512.00
      11.479     0.998242         9975       568.89
      11.655     0.998437         9978       640.00
      11.703     0.998633         9979       731.43
      11.943     0.998828         9981       853.33
      12.631     0.999023         9983      1024.00
      15.095     0.999121         9984      1137.78
      15.583     0.999219         9985      1280.00
      15.815     0.999316         9986      1462.86
      16.047     0.999414         9987      1706.67
      16.183     0.999512         9988      2048.00
      16.183     0.999561         9988      2275.56
      16.231     0.999609         9989      2560.00
      16.231     0.999658         9989      2925.71
      16.543     0.999707         9990      3413.33
      16.543     0.999756         9990      4096.00
      16.543     0.999780         9990      4551.11
      16.591     0.999805         9991      5120.00
      16.591     0.999829         9991      5851.43
      16.591     0.999854         9991      6826.67
      16.591     0.999878         9991      8192.00
      16.591     0.999890         9991      9102.22
      16.719     0.999902         9992     10240.00
      16.719     1.000000         9992          inf
#[Mean    =        1.343, StdDeviation   =        1.028]
#[Max     =       16.704, Total count    =         9992]
#[Buckets =           27, SubBuckets     =         2048]
----------------------------------------------------------
  9995 requests in 10.00s, 1.67MB read
Requests/sec:    999.39
Transfer/sec:    170.79KB
