Running 10s test @ http://localhost
  2 threads and 10 connections
  Thread Stats   Avg      Stdev     Max   +/- Stdev
    Latency     1.21ms  550.13us  10.31ms   73.20%
    Req/Sec       -nan      -nan   0.00      0.00%
  Latency Distribution (HdrHistogram - Recorded Latency)
 50.000%    1.20ms
 75.000%    1.51ms
 90.000%    1.80ms
 99.000%    2.39ms
 99.900%    6.90ms
 99.990%   10.07ms
 99.999%   10.32ms
100.000%   10.32ms

  Detailed Percentile spectrum:
       Value   Percentile   TotalCount 1/(1-Percentile)

       0.209     0.000000            1         1.00
       0.563     0.100000         1003         1.11
       0.742     0.200000         2000         1.25
       0.920     0.300000         3000         1.43
       1.065     0.400000         3998         1.67
       1.201     0.500000         5004         2.00
       1.263     0.550000         5499         2.22
       1.328     0.600000         6002         2.50
       1.384     0.650000         6500         2.86
       1.451     0.700000         7004         3.33
       1.512     0.750000         7494         4.00
       1.550     0.775000         7745         4.44
       1.594     0.800000         7996         5.00
       1.638     0.825000         8247         5.71
       1.685     0.850000         8501         6.67
       1.740     0.875000         8747         8.00
       1.769     0.887500         8871         8.89
       1.802     0.900000         8994        10.00
       1.844     0.912500         9119        11.43
       1.882     0.925000         9243        13.33
       1.929     0.937500         9370        16.00
       1.955     0.943750         9430        17.78
       1.982     0.950000         9494        20.00
       2.007     0.956250         9558        22.86
       2.042     0.962500         9619        26.67
       2.085     0.968750         9680        32.00
       2.107     0.971875         9713        35.56
       2.131     0.975000         9743        40.00
       2.159     0.978125         9775        45.71
       2.199     0.981250         9806        53.33
       2.261     0.984375         9837        64.00
       2.291     0.985938         9852        71.11
       2.331     0.987500         9870        80.00
       2.363     0.989062         9883        91.43
       2.401     0.990625         9899       106.67
       2.435     0.992188         9916       128.00
       2.455     0.992969         9922       142.22
       2.521     0.993750         9931       160.00
       2.563     0.994531         9938       182.86
       2.619     0.995313         9946       213.33
       2.793     0.996094         9953       256.00
       2.935     0.996484         9957       284.44
       3.649     0.996875         9961       320.00
       4.671     0.997266         9965       365.71
       4.883     0.997656         9969       426.67
       5.011     0.998047         9973       512.00
       5.179     0.998242         9975       568.89
       5.227     0.998437         9977       640.00
       5.451     0.998633         9979       731.43
       6.023     0.998828         9981       853.33
       6.927     0.999023         9983      1024.00
       7.135     0.999121         9984      1137.78
       7.267     0.999219         9985      1280.00
       7.467     0.999316         9986      1462.86
       9.055     0.999414         9987      1706.67
       9.079     0.999512         9988      2048.00
       9.079     0.999561         9988      2275.56
       9.183     0.999609         9989      2560.00
       9.183     0.999658         9989      2925.71
       9.215     0.999707         9990      3413.33
       9.215     0.999756         9990      4096.00
       9.215     0.999780         9990      4551.11
      10.071     0.999805         9991      5120.00
      10.071     0.999829         9991      5851.43
      10.071     0.999854         9991      6826.67
      10.071     0.999878         9991      8192.00
      10.071     0.999890         9991      9102.22
      10.319     0.999902         9992     10240.00
      10.319     1.000000         9992          inf
#[Mean    =        1.208, StdDeviation   =        0.550]
#[Max     =       10.312, Total count    =         9992]
#[Buckets =           27, SubBuckets     =         2048]
----------------------------------------------------------
  9996 requests in 10.00s, 1.67MB read
Requests/sec:    999.47
Transfer/sec:    170.81KB
