Running 10s test @ http://localhost
  2 threads and 10 connections
  Thread Stats   Avg      Stdev     Max   +/- Stdev
    Latency     1.33ms    1.53ms  37.82ms   98.03%
    Req/Sec       -nan      -nan   0.00      0.00%
  Latency Distribution (HdrHistogram - Recorded Latency)
 50.000%    1.22ms
 75.000%    1.52ms
 90.000%    1.89ms
 99.000%    4.16ms
 99.900%   28.96ms
 99.990%   37.79ms
 99.999%   37.85ms
100.000%   37.85ms

  Detailed Percentile spectrum:
       Value   Percentile   TotalCount 1/(1-Percentile)

       0.208     0.000000            1         1.00
       0.574     0.100000         1007         1.11
       0.733     0.200000         2002         1.25
       0.913     0.300000         2998         1.43
       1.081     0.400000         4006         1.67
       1.220     0.500000         5002         2.00
       1.283     0.550000         5498         2.22
       1.339     0.600000         5999         2.50
       1.395     0.650000         6496         2.86
       1.457     0.700000         7001         3.33
       1.525     0.750000         7498         4.00
       1.567     0.775000         7745         4.44
       1.615     0.800000         7995         5.00
       1.673     0.825000         8248         5.71
       1.748     0.850000         8498         6.67
       1.819     0.875000         8747         8.00
       1.855     0.887500         8872         8.89
       1.891     0.900000         8995        10.00
       1.940     0.912500         9119        11.43
       1.993     0.925000         9244        13.33
       2.065     0.937500         9370        16.00
       2.105     0.943750         9430        17.78
       2.147     0.950000         9493        20.00
       2.205     0.956250         9557        22.86
       2.269     0.962500         9618        26.67
       2.391     0.968750         9680        32.00
       2.465     0.971875         9711        35.56
       2.585     0.975000         9743        40.00
       2.713     0.978125         9774        45.71
       2.997     0.981250         9805        53.33
       3.419     0.984375         9836        64.00
       3.545     0.985938         9852        71.11
       3.767     0.987500         9868        80.00
       3.951     0.989062         9883        91.43
       4.263     0.990625         9899       106.67
       4.647     0.992188         9914       128.00
       4.815     0.992969         9922       142.22
       5.395     0.993750         9930       160.00
       6.203     0.994531         9938       182.86
       8.075     0.995313         9946       213.33
       8.879     0.996094         9953       256.00
       9.599     0.996484         9957       284.44
      10.903     0.996875         9961       320.00
      13.607     0.997266         9965       365.71
      17.983     0.997656         9969       426.67
      22.031     0.998047         9974       512.00
      23.151     0.998242         9975       568.89
      23.791     0.998437         9977       640.00
      26.943     0.998633         9979       731.43
      28.895     0.998828         9981       853.33
      31.391     0.999023         9983      1024.00
      31.407     0.999121         9984      1137.78
      31.695     0.999219         9985      1280.00
      32.143     0.999316         9986      1462.86
      32.671     0.999414         9987      1706.67
      33.055     0.999512         9988      2048.00
      33.055     0.999561         9988      2275.56
      36.319     0.999609         9989      2560.00
      36.319     0.999658         9989      2925.71
      37.087     0.999707         9990      3413.33
      37.087     0.999756         9990      4096.00
      37.087     0.999780         9990      4551.11
      37.791     0.999805         9991      5120.00
      37.791     0.999829         9991      5851.43
      37.791     0.999854         9991      6826.67
      37.791     0.999878         9991      8192.00
      37.791     0.999890         9991      9102.22
      37.855     0.999902         9992     10240.00
      37.855     1.000000         9992          inf
#[Mean    =        1.327, StdDeviation   =        1.533]
#[Max     =       37.824, Total count    =         9992]
#[Buckets =           27, SubBuckets     =         2048]
----------------------------------------------------------
  9997 requests in 10.00s, 1.67MB read
Requests/sec:    999.50
Transfer/sec:    170.81KB
