Running 10s test @ http://localhost
  2 threads and 10 connections
  Thread Stats   Avg      Stdev     Max   +/- Stdev
    Latency     1.20ms  576.15us   5.96ms   75.52%
    Req/Sec       -nan      -nan   0.00      0.00%
  Latency Distribution (HdrHistogram - Recorded Latency)
 50.000%    1.16ms
 75.000%    1.51ms
 90.000%    1.78ms
 99.000%    3.52ms
 99.900%    5.01ms
 99.990%    5.91ms
 99.999%    5.97ms
100.000%    5.97ms

  Detailed Percentile spectrum:
       Value   Percentile   TotalCount 1/(1-Percentile)

       0.227     0.000000            1         1.00
       0.563     0.100000         1000         1.11
       0.707     0.200000         2005         1.25
       0.854     0.300000         2998         1.43
       1.008     0.400000         4000         1.67
       1.160     0.500000         4998         2.00
       1.235     0.550000         5502         2.22
       1.309     0.600000         6001         2.50
       1.376     0.650000         6498         2.86
       1.441     0.700000         6999         3.33
       1.508     0.750000         7500         4.00
       1.545     0.775000         7745         4.44
       1.580     0.800000         7995         5.00
       1.618     0.825000         8250         5.71
       1.663     0.850000         8495         6.67
       1.717     0.875000         8744         8.00
       1.751     0.887500         8874         8.89
       1.783     0.900000         8996        10.00
       1.826     0.912500         9118        11.43
       1.881     0.925000         9244        13.33
       1.940     0.937500         9368        16.00
       1.981     0.943750         9430        17.78
       2.034     0.950000         9493        20.00
       2.109     0.956250         9555        22.86
       2.201     0.962500         9619        26.67
       2.305     0.968750         9681        32.00
       2.379     0.971875         9711        35.56
       2.447     0.975000         9744        40.00
       2.533     0.978125         9775        45.71
       2.655     0.981250         9805        53.33
       2.831     0.984375         9836        64.00
       2.985     0.985938         9852        71.11
       3.151     0.987500         9868        80.00
       3.389     0.989062         9883        91.43
       3.587     0.990625         9899       106.67
       3.751     0.992188         9914       128.00
       3.825     0.992969         9922       142.22
       3.905     0.993750         9930       160.00
       3.951     0.994531         9938       182.86
       4.029     0.995313         9946       213.33
       4.111     0.996094         9954       256.00
       4.255     0.996484         9957       284.44
       4.355     0.996875         9961       320.00
       4.399     0.997266         9965       365.71
       4.499     0.997656         9969       426.67
       4.575     0.998047         9973       512.00
       4.599     0.998242         9975       568.89
       4.811     0.998437         9977       640.00
       4.895     0.998633         9979       731.43
       4.927     0.998828         9981       853.33
       5.035     0.999023         9983      1024.00
       5.107     0.999121         9984      1137.78
       5.167     0.999219         9985      1280.00
       5.171     0.999316         9986      1462.86
       5.283     0.999414         9987      1706.67
       5.335     0.999512         9988      2048.00
       5.335     0.999561         9988      2275.56
       5.347     0.999609         9989      2560.00
       5.347     0.999658         9989      2925.71
       5.679     0.999707         9990      3413.33
       5.679     0.999756         9990      4096.00
       5.679     0.999780         9990      4551.11
       5.907     0.999805         9991      5120.00
       5.907     0.999829         9991      5851.43
       5.907     0.999854         9991      6826.67
       5.907     0.999878         9991      8192.00
       5.907     0.999890         9991      9102.22
       5.967     0.999902         9992     10240.00
       5.967     1.000000         9992          inf
#[Mean    =        1.202, StdDeviation   =        0.576]
#[Max     =        5.964, Total count    =         9992]
#[Buckets =           27, SubBuckets     =         2048]
----------------------------------------------------------
  9994 requests in 10.00s, 1.67MB read
Requests/sec:    999.28
Transfer/sec:    170.78KB
