Running 10s test @ http://localhost
  2 threads and 10 connections
  Thread Stats   Avg      Stdev     Max   +/- Stdev
    Latency     1.79ms    1.57ms  18.32ms   94.29%
    Req/Sec       -nan      -nan   0.00      0.00%
  Latency Distribution (HdrHistogram - Recorded Latency)
 50.000%    1.50ms
 75.000%    1.97ms
 90.000%    2.61ms
 99.000%    9.63ms
 99.900%   16.62ms
 99.990%   18.24ms
 99.999%   18.33ms
100.000%   18.33ms

  Detailed Percentile spectrum:
       Value   Percentile   TotalCount 1/(1-Percentile)

       0.176     0.000000            1         1.00
       0.723     0.100000         1005         1.11
       0.973     0.200000         1999         1.25
       1.172     0.300000         2998         1.43
       1.336     0.400000         4006         1.67
       1.497     0.500000         5001         2.00
       1.578     0.550000         5502         2.22
       1.671     0.600000         6000         2.50
       1.762     0.650000         6495         2.86
       1.865     0.700000         6996         3.33
       1.970     0.750000         7495         4.00
       2.027     0.775000         7745         4.44
       2.097     0.800000         7998         5.00
       2.179     0.825000         8244         5.71
       2.287     0.850000         8496         6.67
       2.431     0.875000         8744         8.00
       2.515     0.887500         8868         8.89
       2.613     0.900000         8993        10.00
       2.743     0.912500         9118        11.43
       2.915     0.925000         9245        13.33
       3.225     0.937500         9368        16.00
       3.387     0.943750         9430        17.78
       3.633     0.950000         9493        20.00
       4.053     0.956250         9555        22.86
       4.527     0.962500         9618        26.67
       5.323     0.968750         9681        32.00
       5.799     0.971875         9711        35.56
       6.283     0.975000         9743        40.00
       7.035     0.978125         9775        45.71
       7.819     0.981250         9805        53.33
       8.327     0.984375         9836        64.00
       8.631     0.985938         9852        71.11
       9.007     0.987500         9868        80.00
       9.367     0.989062         9884        91.43
       9.855     0.990625         9899       106.67
      10.567     0.992188         9914       128.00
      10.943     0.992969         9922       142.22
      11.263     0.993750         9930       160.00
      11.767     0.994531         9938       182.86
      12.023     0.995313         9946       213.33
      12.471     0.996094         9953       256.00
      12.623     0.996484         9957       284.44
      13.015     0.996875         9961       320.00
      13.271     0.997266         9965       365.71
      13.935     0.997656         9969       426.67
      14.271     0.998047         9973       512.00
      14.511     0.998242         9975       568.89
      14.983     0.998437         9977       640.00
      15.223     0.998633         9979       731.43
      16.495     0.998828         9981       853.33
      16.863     0.999023         9983      1024.00
      16.911     0.999121         9984      1137.78
      16.991     0.999219         9985      1280.00
      17.007     0.999316         9986      1462.86
      17.391     0.999414         9987      1706.67
      17.535     0.999512         9988      2048.00
      17.535     0.999561         9988      2275.56
      17.631     0.999609         9990      2560.00
      17.631     0.999658         9990      2925.71
      17.631     0.999707         9990      3413.33
      17.631     0.999756         9990      4096.00
      17.631     0.999780         9990      4551.11
      18.239     0.999805         9991      5120.00
      18.239     0.999829         9991      5851.43
      18.239     0.999854         9991      6826.67
      18.239     0.999878         9991      8192.00
      18.239     0.999890         9991      9102.22
      18.335     0.999902         9992     10240.00
      18.335     1.000000         9992          inf
#[Mean    =        1.789, StdDeviation   =        1.568]
#[Max     =       18.320, Total count    =         9992]
#[Buckets =           27, SubBuckets     =         2048]
----------------------------------------------------------
  9996 requests in 10.00s, 1.67MB read
Requests/sec:    999.33
Transfer/sec:    170.78KB
