Running 10s test @ http://localhost
  2 threads and 10 connections
  Thread Stats   Avg      Stdev     Max   +/- Stdev
    Latency     1.25ms  643.20us   6.51ms   74.14%
    Req/Sec       -nan      -nan   0.00      0.00%
  Latency Distribution (HdrHistogram - Recorded Latency)
 50.000%    1.15ms
 75.000%    1.58ms
 90.000%    1.99ms
 99.000%    3.62ms
 99.900%    5.51ms
 99.990%    6.44ms
 99.999%    6.51ms
100.000%    6.51ms

  Detailed Percentile spectrum:
       Value   Percentile   TotalCount 1/(1-Percentile)

       0.204     0.000000            1         1.00
       0.570     0.100000         1001         1.11
       0.718     0.200000         2003         1.25
       0.849     0.300000         2998         1.43
       0.996     0.400000         3998         1.67
       1.147     0.500000         5003         2.00
       1.226     0.550000         5497         2.22
       1.308     0.600000         5996         2.50
       1.389     0.650000         6495         2.86
       1.478     0.700000         6998         3.33
       1.582     0.750000         7494         4.00
       1.641     0.775000         7746         4.44
       1.707     0.800000         7996         5.00
       1.781     0.825000         8245         5.71
       1.849     0.850000         8494         6.67
       1.921     0.875000         8748         8.00
       1.952     0.887500         8872         8.89
       1.994     0.900000         8996        10.00
       2.036     0.912500         9121        11.43
       2.085     0.925000         9243        13.33
       2.135     0.937500         9370        16.00
       2.175     0.943750         9432        17.78
       2.227     0.950000         9493        20.00
       2.299     0.956250         9555        22.86
       2.359     0.962500         9619        26.67
       2.453     0.968750         9680        32.00
       2.525     0.971875         9711        35.56
       2.605     0.975000         9743        40.00
       2.719     0.978125         9775        45.71
       2.841     0.981250         9805        53.33
       3.081     0.984375         9837        64.00
       3.199     0.985938         9852        71.11
       3.421     0.987500         9868        80.00
       3.593     0.989062         9884        91.43
       3.703     0.990625         9899       106.67
       3.899     0.992188         9914       128.00
       3.979     0.992969         9922       142.22
       4.079     0.993750         9930       160.00
       4.163     0.994531         9938       182.86
       4.283     0.995313         9946       213.33
       4.627     0.996094         9953       256.00
       4.759     0.996484         9957       284.44
       4.863     0.996875         9961       320.00
       4.991     0.997266         9965       365.71
       5.051     0.997656         9969       426.67
       5.139     0.998047         9973       512.00
       5.223     0.998242         9975       568.89
       5.303     0.998437         9977       640.00
       5.359     0.998633         9979       731.43
       5.459     0.998828         9981       853.33
       5.515     0.999023         9983      1024.00
       5.583     0.999121         9984      1137.78
       5.603     0.999219         9985      1280.00
       5.639     0.999316         9986      1462.86
       5.731     0.999414         9987      1706.67
       6.143     0.999512         9988      2048.00
       6.143     0.999561         9988      2275.56
       6.383     0.999609         9989      2560.00
       6.383     0.999658         9989      2925.71
       6.419     0.999707         9990      3413.33
       6.419     0.999756         9990      4096.00
       6.419     0.999780         9990      4551.11
       6.443     0.999805         9991      5120.00
       6.443     0.999829         9991      5851.43
       6.443     0.999854         9991      6826.67
       6.443     0.999878         9991      8192.00
       6.443     0.999890         9991      9102.22
       6.515     0.999902         9992     10240.00
       6.515     1.000000         9992          inf
#[Mean    =        1.248, StdDeviation   =        0.643]
#[Max     =        6.512, Total count    =         9992]
#[Buckets =           27, SubBuckets     =         2048]
----------------------------------------------------------
  9995 requests in 10.00s, 1.67MB read
Requests/sec:    999.51
Transfer/sec:    170.81KB
