Running 10s test @ http://localhost
  2 threads and 10 connections
  Thread Stats   Avg      Stdev     Max   +/- Stdev
    Latency     1.22ms  555.92us   5.74ms   74.38%
    Req/Sec       -nan      -nan   0.00      0.00%
  Latency Distribution (HdrHistogram - Recorded Latency)
 50.000%    1.17ms
 75.000%    1.52ms
 90.000%    1.81ms
 99.000%    3.23ms
 99.900%    4.78ms
 99.990%    5.49ms
 99.999%    5.74ms
100.000%    5.74ms

  Detailed Percentile spectrum:
       Value   Percentile   TotalCount 1/(1-Percentile)

       0.173     0.000000            2         1.00
       0.588     0.100000         1001         1.11
       0.747     0.200000         2006         1.25
       0.889     0.300000         2999         1.43
       1.034     0.400000         4002         1.67
       1.172     0.500000         4998         2.00
       1.243     0.550000         5501         2.22
       1.315     0.600000         6003         2.50
       1.390     0.650000         6501         2.86
       1.456     0.700000         6999         3.33
       1.524     0.750000         7497         4.00
       1.561     0.775000         7752         4.44
       1.598     0.800000         7997         5.00
       1.639     0.825000         8244         5.71
       1.686     0.850000         8494         6.67
       1.746     0.875000         8744         8.00
       1.779     0.887500         8870         8.89
       1.812     0.900000         8995        10.00
       1.851     0.912500         9118        11.43
       1.907     0.925000         9244        13.33
       1.974     0.937500         9372        16.00
       2.020     0.943750         9430        17.78
       2.069     0.950000         9496        20.00
       2.123     0.956250         9558        22.86
       2.187     0.962500         9619        26.67
       2.291     0.968750         9680        32.00
       2.339     0.971875         9712        35.56
       2.395     0.975000         9743        40.00
       2.485     0.978125         9775        45.71
       2.593     0.981250         9805        53.33
       2.759     0.984375         9836        64.00
       2.907     0.985938         9852        71.11
       3.037     0.987500         9868        80.00
       3.159     0.989062         9883        91.43
       3.277     0.990625         9899       106.67
       3.497     0.992188         9914       128.00
       3.561     0.992969         9922       142.22
       3.761     0.993750         9930       160.00
       3.851     0.994531         9939       182.86
       3.931     0.995313         9946       213.33
       4.027     0.996094         9953       256.00
       4.123     0.996484         9957       284.44
       4.195     0.996875         9961       320.00
       4.323     0.997266         9965       365.71
       4.403     0.997656         9969       426.67
       4.503     0.998047         9973       512.00
       4.547     0.998242         9975       568.89
       4.575     0.998437         9977       640.00
       4.647     0.998633         9979       731.43
       4.739     0.998828         9981       853.33
       4.795     0.999023         9983      1024.00
       4.831     0.999121         9984      1137.78
       4.871     0.999219         9985      1280.00
       4.891     0.999316         9986      1462.86
       4.895     0.999414         9987      1706.67
       4.991     0.999512         9988      2048.00
       4.991     0.999561         9988      2275.56
       5.087     0.999609         9989      2560.00
       5.087     0.999658         9989      2925.71
       5.111     0.999707         9990      3413.33
       5.111     0.999756         9990      4096.00
       5.111     0.999780         9990      4551.11
       5.491     0.999805         9991      5120.00
       5.491     0.999829         9991      5851.43
       5.491     0.999854         9991      6826.67
       5.491     0.999878         9991      8192.00
       5.491     0.999890         9991      9102.22
       5.739     0.999902         9992     10240.00
       5.739     1.000000         9992          inf
#[Mean    =        1.220, StdDeviation   =        0.556]
#[Max     =        5.736, Total count    =         9992]
#[Buckets =           27, SubBuckets     =         2048]
----------------------------------------------------------
  9995 requests in 10.00s, 1.67MB read
Requests/sec:    999.37
Transfer/sec:    170.79KB
