Running 10s test @ http://localhost
  2 threads and 10 connections
  Thread Stats   Avg      Stdev     Max   +/- Stdev
    Latency     1.25ms  568.23us   6.22ms   73.13%
    Req/Sec       -nan      -nan   0.00      0.00%
  Latency Distribution (HdrHistogram - Recorded Latency)
 50.000%    1.23ms
 75.000%    1.57ms
 90.000%    1.84ms
 99.000%    3.22ms
 99.900%    4.99ms
 99.990%    6.21ms
 99.999%    6.22ms
100.000%    6.22ms

  Detailed Percentile spectrum:
       Value   Percentile   TotalCount 1/(1-Percentile)

       0.186     0.000000            1         1.00
       0.581     0.100000         1003         1.11
       0.745     0.200000         2002         1.25
       0.913     0.300000         3002         1.43
       1.083     0.400000         4003         1.67
       1.229     0.500000         4998         2.00
       1.303     0.550000         5498         2.22
       1.375     0.600000         6003         2.50
       1.439     0.650000         6505         2.86
       1.501     0.700000         7001         3.33
       1.566     0.750000         7494         4.00
       1.600     0.775000         7747         4.44
       1.642     0.800000         7996         5.00
       1.687     0.825000         8250         5.71
       1.735     0.850000         8494         6.67
       1.784     0.875000         8748         8.00
       1.813     0.887500         8868         8.89
       1.843     0.900000         8993        10.00
       1.883     0.912500         9120        11.43
       1.920     0.925000         9243        13.33
       1.974     0.937500         9369        16.00
       2.007     0.943750         9430        17.78
       2.039     0.950000         9497        20.00
       2.079     0.956250         9557        22.86
       2.117     0.962500         9621        26.67
       2.189     0.968750         9681        32.00
       2.243     0.971875         9711        35.56
       2.289     0.975000         9743        40.00
       2.381     0.978125         9775        45.71
       2.469     0.981250         9805        53.33
       2.653     0.984375         9836        64.00
       2.751     0.985938         9852        71.11
       2.889     0.987500         9868        80.00
       3.039     0.989062         9883        91.43
       3.365     0.990625         9899       106.67
       3.551     0.992188         9914       128.00
       3.687     0.992969         9922       142.22
       3.831     0.993750         9930       160.00
       4.053     0.994531         9938       182.86
       4.231     0.995313         9946       213.33
       4.423     0.996094         9953       256.00
       4.511     0.996484         9957       284.44
       4.639     0.996875         9961       320.00
       4.691     0.997266         9965       365.71
       4.723     0.997656         9970       426.67
       4.791     0.998047         9973       512.00
       4.839     0.998242         9975       568.89
       4.875     0.998437         9977       640.00
       4.895     0.998633         9979       731.43
       4.983     0.998828         9981       853.33
       4.995     0.999023         9983      1024.00
       5.039     0.999121         9984      1137.78
       5.107     0.999219         9985      1280.00
       5.139     0.999316         9986      1462.86
       5.175     0.999414         9987      1706.67
       5.263     0.999512         9988      2048.00
       5.263     0.999561         9988      2275.56
       5.679     0.999609         9989      2560.00
       5.679     0.999658         9989      2925.71
       5.787     0.999707         9990      3413.33
       5.787     0.999756         9990      4096.00
       5.787     0.999780         9990      4551.11
       6.207     0.999805         9991      5120.00
       6.207     0.999829         9991      5851.43
       6.207     0.999854         9991      6826.67
       6.207     0.999878         9991      8192.00
       6.207     0.999890         9991      9102.22
       6.219     0.999902         9992     10240.00
       6.219     1.000000         9992          inf
#[Mean    =        1.247, StdDeviation   =        0.568]
#[Max     =        6.216, Total count    =         9992]
#[Buckets =           27, SubBuckets     =         2048]
----------------------------------------------------------
  9997 requests in 10.00s, 1.67MB read
Requests/sec:    999.49
Transfer/sec:    170.81KB
