Running 10s test @ http://localhost
  2 threads and 10 connections
  Thread Stats   Avg      Stdev     Max   +/- Stdev
    Latency     1.11ms  523.40us  11.43ms   69.23%
    Req/Sec       -nan      -nan   0.00      0.00%
  Latency Distribution (HdrHistogram - Recorded Latency)
 50.000%    1.12ms
 75.000%    1.45ms
 90.000%    1.71ms
 99.000%    2.17ms
 99.900%    2.56ms
 99.990%   11.29ms
 99.999%   11.44ms
100.000%   11.44ms

  Detailed Percentile spectrum:
       Value   Percentile   TotalCount 1/(1-Percentile)

       0.170     0.000000            1         1.00
       0.472     0.100000         1002         1.11
       0.621     0.200000         2008         1.25
       0.763     0.300000         2999         1.43
       0.929     0.400000         4002         1.67
       1.123     0.500000         4997         2.00
       1.203     0.550000         5496         2.22
       1.266     0.600000         5997         2.50
       1.333     0.650000         6501         2.86
       1.390     0.700000         7003         3.33
       1.449     0.750000         7496         4.00
       1.482     0.775000         7744         4.44
       1.516     0.800000         7995         5.00
       1.553     0.825000         8248         5.71
       1.602     0.850000         8496         6.67
       1.651     0.875000         8746         8.00
       1.681     0.887500         8869         8.89
       1.710     0.900000         8994        10.00
       1.742     0.912500         9120        11.43
       1.779     0.925000         9245        13.33
       1.833     0.937500         9371        16.00
       1.856     0.943750         9431        17.78
       1.875     0.950000         9493        20.00
       1.912     0.956250         9555        22.86
       1.946     0.962500         9619        26.67
       1.985     0.968750         9681        32.00
       2.005     0.971875         9713        35.56
       2.025     0.975000         9743        40.00
       2.057     0.978125         9775        45.71
       2.087     0.981250         9805        53.33
       2.117     0.984375         9837        64.00
       2.131     0.985938         9853        71.11
       2.145     0.987500         9869        80.00
       2.161     0.989062         9884        91.43
       2.185     0.990625         9900       106.67
       2.203     0.992188         9915       128.00
       2.213     0.992969         9922       142.22
       2.229     0.993750         9931       160.00
       2.241     0.994531         9939       182.86
       2.251     0.995313         9946       213.33
       2.277     0.996094         9954       256.00
       2.289     0.996484         9957       284.44
       2.309     0.996875         9961       320.00
       2.321     0.997266         9965       365.71
       2.339     0.997656         9969       426.67
       2.383     0.998047         9973       512.00
       2.401     0.998242         9975       568.89
       2.453     0.998437         9977       640.00
       2.483     0.998633         9979       731.43
       2.549     0.998828         9981       853.33
       2.853     0.999023         9983      1024.00
       6.571     0.999121         9984      1137.78
       6.875     0.999219         9985      1280.00
       7.091     0.999316         9986      1462.86
       7.107     0.999414         9987      1706.67
       7.651     0.999512         9988      2048.00
       7.651     0.999561         9988      2275.56
       7.683     0.999609         9989      2560.00
       7.683     0.999658         9989      2925.71
      10.735     0.999707         9990      3413.33
      10.735     0.999756         9990      4096.00
      10.735     0.999780         9990      4551.11
      11.287     0.999805         9991      5120.00
      11.287     0.999829         9991      5851.43
      11.287     0.999854         9991      6826.67
      11.287     0.999878         9991      8192.00
      11.287     0.999890         9991      9102.22
      11.439     0.999902         9992     10240.00
      11.439     1.000000         9992          inf
#[Mean    =        1.106, StdDeviation   =        0.523]
#[Max     =       11.432, Total count    =         9992]
#[Buckets =           27, SubBuckets     =         2048]
----------------------------------------------------------
  9994 requests in 10.00s, 1.67MB read
Requests/sec:    999.31
Transfer/sec:    170.78KB
