Running 10s test @ http://localhost
  2 threads and 10 connections
  Thread Stats   Avg      Stdev     Max   +/- Stdev
    Latency     1.18ms  522.82us   7.13ms   60.03%
    Req/Sec       -nan      -nan   0.00      0.00%
  Latency Distribution (HdrHistogram - Recorded Latency)
 50.000%    1.21ms
 75.000%    1.57ms
 90.000%    1.88ms
 99.000%    2.16ms
 99.900%    2.57ms
 99.990%    7.11ms
 99.999%    7.13ms
100.000%    7.13ms

  Detailed Percentile spectrum:
       Value   Percentile   TotalCount 1/(1-Percentile)

       0.180     0.000000            1         1.00
       0.488     0.100000         1002         1.11
       0.632     0.200000         2003         1.25
       0.798     0.300000         2998         1.43
       1.021     0.400000         3998         1.67
       1.209     0.500000         5001         2.00
       1.282     0.550000         5498         2.22
       1.353     0.600000         6001         2.50
       1.415     0.650000         6499         2.86
       1.488     0.700000         6998         3.33
       1.572     0.750000         7495         4.00
       1.617     0.775000         7745         4.44
       1.673     0.800000         7995         5.00
       1.724     0.825000         8251         5.71
       1.777     0.850000         8497         6.67
       1.827     0.875000         8745         8.00
       1.851     0.887500         8868         8.89
       1.880     0.900000         8997        10.00
       1.908     0.912500         9120        11.43
       1.938     0.925000         9244        13.33
       1.968     0.937500         9370        16.00
       1.982     0.943750         9433        17.78
       2.002     0.950000         9494        20.00
       2.016     0.956250         9560        22.86
       2.032     0.962500         9618        26.67
       2.057     0.968750         9680        32.00
       2.067     0.971875         9718        35.56
       2.079     0.975000         9746        40.00
       2.091     0.978125         9775        45.71
       2.107     0.981250         9809        53.33
       2.125     0.984375         9837        64.00
       2.137     0.985938         9853        71.11
       2.145     0.987500         9870        80.00
       2.159     0.989062         9885        91.43
       2.165     0.990625         9901       106.67
       2.179     0.992188         9915       128.00
       2.187     0.992969         9925       142.22
       2.191     0.993750         9931       160.00
       2.203     0.994531         9938       182.86
       2.215     0.995313         9947       213.33
       2.229     0.996094         9953       256.00
       2.233     0.996484         9957       284.44
       2.243     0.996875         9961       320.00
       2.251     0.997266         9965       365.71
       2.259     0.997656         9969       426.67
       2.287     0.998047         9973       512.00
       2.293     0.998242         9975       568.89
       2.351     0.998437         9977       640.00
       2.395     0.998633         9979       731.43
       2.507     0.998828         9981       853.33
       2.593     0.999023         9983      1024.00
       3.477     0.999121         9984      1137.78
       3.909     0.999219         9985      1280.00
       3.947     0.999316         9986      1462.86
       3.995     0.999414         9987      1706.67
       4.049     0.999512         9989      2048.00
       4.049     0.999561         9989      2275.56
       4.049     0.999609         9989      2560.00
       4.049     0.999658         9989      2925.71
       6.355     0.999707         9990      3413.33
       6.355     0.999756         9990      4096.00
       6.355     0.999780         9990      4551.11
       7.107     0.999805         9991      5120.00
       7.107     0.999829         9991      5851.43
       7.107     0.999854         9991      6826.67
       7.107     0.999878         9991      8192.00
       7.107     0.999890         9991      9102.22
       7.131     0.999902         9992     10240.00
       7.131     1.000000         9992          inf
#[Mean    =        1.180, StdDeviation   =        0.523]
#[Max     =        7.128, Total count    =         9992]
#[Buckets =           27, SubBuckets     =         2048]
----------------------------------------------------------
  9994 requests in 10.00s, 1.67MB read
Requests/sec:    999.39
Transfer/sec:    170.79KB
