Running 10s test @ http://localhost
  2 threads and 10 connections
  Thread Stats   Avg      Stdev     Max   +/- Stdev
    Latency     1.23ms  546.21us   7.31ms   67.89%
    Req/Sec       -nan      -nan   0.00      0.00%
  Latency Distribution (HdrHistogram - Recorded Latency)
 50.000%    1.18ms
 75.000%    1.59ms
 90.000%    1.92ms
 99.000%    2.56ms
 99.900%    4.39ms
 99.990%    6.43ms
 99.999%    7.32ms
100.000%    7.32ms

  Detailed Percentile spectrum:
       Value   Percentile   TotalCount 1/(1-Percentile)

       0.219     0.000000            1         1.00
       0.584     0.100000         1001         1.11
       0.729     0.200000         2000         1.25
       0.859     0.300000         3007         1.43
       1.007     0.400000         4001         1.67
       1.183     0.500000         5001         2.00
       1.274     0.550000         5500         2.22
       1.359     0.600000         6003         2.50
       1.434     0.650000         6498         2.86
       1.510     0.700000         6996         3.33
       1.592     0.750000         7495         4.00
       1.633     0.775000         7745         4.44
       1.684     0.800000         7997         5.00
       1.727     0.825000         8244         5.71
       1.783     0.850000         8497         6.67
       1.852     0.875000         8744         8.00
       1.886     0.887500         8871         8.89
       1.924     0.900000         8993        10.00
       1.960     0.912500         9121        11.43
       2.005     0.925000         9244        13.33
       2.051     0.937500         9368        16.00
       2.079     0.943750         9434        17.78
       2.101     0.950000         9493        20.00
       2.133     0.956250         9555        22.86
       2.171     0.962500         9618        26.67
       2.203     0.968750         9680        32.00
       2.221     0.971875         9711        35.56
       2.239     0.975000         9744        40.00
       2.279     0.978125         9775        45.71
       2.313     0.981250         9805        53.33
       2.357     0.984375         9837        64.00
       2.401     0.985938         9852        71.11
       2.451     0.987500         9868        80.00
       2.519     0.989062         9883        91.43
       2.607     0.990625         9900       106.67
       2.799     0.992188         9914       128.00
       2.919     0.992969         9923       142.22
       2.973     0.993750         9930       160.00
       3.069     0.994531         9938       182.86
       3.237     0.995313         9946       213.33
       3.519     0.996094         9953       256.00
       3.581     0.996484         9957       284.44
       3.705     0.996875         9961       320.00
       3.807     0.997266         9965       365.71
       3.869     0.997656         9969       426.67
       4.021     0.998047         9973       512.00
       4.099     0.998242         9975       568.89
       4.139     0.998437         9977       640.00
       4.283     0.998633         9979       731.43
       4.367     0.998828         9981       853.33
       4.407     0.999023         9983      1024.00
       4.415     0.999121         9984      1137.78
       4.471     0.999219         9985      1280.00
       4.727     0.999316         9986      1462.86
       4.823     0.999414         9987      1706.67
       4.855     0.999512         9988      2048.00
       4.855     0.999561         9988      2275.56
       4.995     0.999609         9989      2560.00
       4.995     0.999658         9989      2925.71
       5.279     0.999707         9990      3413.33
       5.279     0.999756         9990      4096.00
       5.279     0.999780         9990      4551.11
       6.435     0.999805         9991      5120.00
       6.435     0.999829         9991      5851.43
       6.435     0.999854         9991      6826.67
       6.435     0.999878         9991      8192.00
       6.435     0.999890         9991      9102.22
       7.315     0.999902         9992     10240.00
       7.315     1.000000         9992          inf
#[Mean    =        1.228, StdDeviation   =        0.546]
#[Max     =        7.312, Total count    =         9992]
#[Buckets =           27, SubBuckets     =         2048]
----------------------------------------------------------
  9995 requests in 10.00s, 1.67MB read
Requests/sec:    999.35
Transfer/sec:    170.79KB
