Running 10s test @ http://localhost
  2 threads and 10 connections
  Thread Stats   Avg      Stdev     Max   +/- Stdev
    Latency     1.41ms    0.87ms  14.91ms   89.86%
    Req/Sec       -nan      -nan   0.00      0.00%
  Latency Distribution (HdrHistogram - Recorded Latency)
 50.000%    1.37ms
 75.000%    1.73ms
 90.000%    2.06ms
 99.000%    4.29ms
 99.900%   13.81ms
 99.990%   14.69ms
 99.999%   14.92ms
100.000%   14.92ms

  Detailed Percentile spectrum:
       Value   Percentile   TotalCount 1/(1-Percentile)

       0.235     0.000000            1         1.00
       0.642     0.100000         1000         1.11
       0.801     0.200000         2006         1.25
       1.012     0.300000         3000         1.43
       1.195     0.400000         3998         1.67
       1.372     0.500000         5001         2.00
       1.445     0.550000         5500         2.22
       1.518     0.600000         6000         2.50
       1.588     0.650000         6496         2.86
       1.663     0.700000         7001         3.33
       1.734     0.750000         7496         4.00
       1.774     0.775000         7748         4.44
       1.818     0.800000         7995         5.00
       1.869     0.825000         8247         5.71
       1.918     0.850000         8495         6.67
       1.980     0.875000         8748         8.00
       2.015     0.887500         8869         8.89
       2.055     0.900000         8994        10.00
       2.101     0.912500         9122        11.43
       2.147     0.925000         9243        13.33
       2.203     0.937500         9368        16.00
       2.239     0.943750         9432        17.78
       2.289     0.950000         9500        20.00
       2.339     0.956250         9557        22.86
       2.403     0.962500         9619        26.67
       2.501     0.968750         9681        32.00
       2.575     0.971875         9711        35.56
       2.685     0.975000         9744        40.00
       2.811     0.978125         9774        45.71
       3.013     0.981250         9805        53.33
       3.419     0.984375         9836        64.00
       3.707     0.985938         9852        71.11
       3.977     0.987500         9868        80.00
       4.139     0.989062         9883        91.43
       4.371     0.990625         9899       106.67
       4.587     0.992188         9914       128.00
       4.851     0.992969         9922       142.22
       5.203     0.993750         9930       160.00
       5.371     0.994531         9938       182.86
       5.743     0.995313         9946       213.33
       6.235     0.996094         9953       256.00
       6.463     0.996484         9957       284.44
       6.819     0.996875         9961       320.00
       9.327     0.997266         9965       365.71
       9.423     0.997656         9969       426.67
       9.999     0.998047         9973       512.00
      10.511     0.998242         9975       568.89
      11.423     0.998437         9977       640.00
      11.807     0.998633         9979       731.43
      13.743     0.998828         9981       853.33
      13.855     0.999023         9983      1024.00
      14.039     0.999121         9984      1137.78
      14.055     0.999219         9985      1280.00
      14.167     0.999316         9986      1462.86
      14.391     0.999414         9987      1706.67
      14.567     0.999512         9989      2048.00
      14.567     0.999561         9989      2275.56
      14.567     0.999609         9989      2560.00
      14.567     0.999658         9989      2925.71
      14.575     0.999707         9990      3413.33
      14.575     0.999756         9990      4096.00
      14.575     0.999780         9990      4551.11
      14.687     0.999805         9991      5120.00
      14.687     0.999829         9991      5851.43
      14.687     0.999854         9991      6826.67
      14.687     0.999878         9991      8192.00
      14.687     0.999890         9991      9102.22
      14.919     0.999902         9992     10240.00
      14.919     1.000000         9992          inf
#[Mean    =        1.413, StdDeviation   =        0.873]
#[Max     =       14.912, Total count    =         9992]
#[Buckets =           27, SubBuckets     =         2048]
----------------------------------------------------------
  9998 requests in 10.00s, 1.67MB read
Requests/sec:    999.61
Transfer/sec:    170.83KB
