Running 10s test @ http://localhost
  2 threads and 10 connections
  Thread Stats   Avg      Stdev     Max   +/- Stdev
    Latency     1.15ms  591.14us  13.50ms   80.51%
    Req/Sec       -nan      -nan   0.00      0.00%
  Latency Distribution (HdrHistogram - Recorded Latency)
 50.000%    1.08ms
 75.000%    1.44ms
 90.000%    1.76ms
 99.000%    2.36ms
 99.900%    6.96ms
 99.990%   13.41ms
 99.999%   13.50ms
100.000%   13.50ms

  Detailed Percentile spectrum:
       Value   Percentile   TotalCount 1/(1-Percentile)

       0.169     0.000000            1         1.00
       0.576     0.100000          999         1.11
       0.709     0.200000         2005         1.25
       0.831     0.300000         2999         1.43
       0.949     0.400000         3998         1.67
       1.080     0.500000         4999         2.00
       1.147     0.550000         5502         2.22
       1.220     0.600000         5995         2.50
       1.299     0.650000         6494         2.86
       1.363     0.700000         6995         3.33
       1.440     0.750000         7503         4.00
       1.480     0.775000         7749         4.44
       1.521     0.800000         7992         5.00
       1.568     0.825000         8246         5.71
       1.627     0.850000         8493         6.67
       1.695     0.875000         8746         8.00
       1.727     0.887500         8867         8.89
       1.759     0.900000         8992        10.00
       1.799     0.912500         9117        11.43
       1.839     0.925000         9241        13.33
       1.895     0.937500         9366        16.00
       1.916     0.943750         9430        17.78
       1.943     0.950000         9492        20.00
       1.979     0.956250         9555        22.86
       2.014     0.962500         9617        26.67
       2.055     0.968750         9679        32.00
       2.085     0.971875         9711        35.56
       2.117     0.975000         9741        40.00
       2.153     0.978125         9772        45.71
       2.191     0.981250         9804        53.33
       2.233     0.984375         9834        64.00
       2.251     0.985938         9851        71.11
       2.271     0.987500         9866        80.00
       2.331     0.989062         9881        91.43
       2.419     0.990625         9897       106.67
       2.583     0.992188         9912       128.00
       2.741     0.992969         9920       142.22
       2.989     0.993750         9928       160.00
       3.449     0.994531         9936       182.86
       3.987     0.995313         9944       213.33
       4.307     0.996094         9951       256.00
       4.475     0.996484         9955       284.44
       4.615     0.996875         9959       320.00
       4.903     0.997266         9963       365.71
       5.179     0.997656         9967       426.67
       6.031     0.998047         9971       512.00
       6.203     0.998242         9973       568.89
       6.271     0.998437         9975       640.00
       6.695     0.998633         9977       731.43
       6.735     0.998828         9979       853.33
       8.279     0.999023         9981      1024.00
       8.471     0.999121         9982      1137.78
       8.679     0.999219         9983      1280.00
       8.791     0.999316         9984      1462.86
       9.135     0.999414         9985      1706.67
       9.167     0.999512         9986      2048.00
       9.167     0.999561         9986      2275.56
       9.391     0.999609         9987      2560.00
       9.391     0.999658         9987      2925.71
       9.471     0.999707         9988      3413.33
       9.471     0.999756         9988      4096.00
       9.471     0.999780         9988      4551.11
      13.407     0.999805         9989      5120.00
      13.407     0.999829         9989      5851.43
      13.407     0.999854         9989      6826.67
      13.407     0.999878         9989      8192.00
      13.407     0.999890         9989      9102.22
      13.503     0.999902         9990     10240.00
      13.503     1.000000         9990          inf
#[Mean    =        1.150, StdDeviation   =        0.591]
#[Max     =       13.496, Total count    =         9990]
#[Buckets =           27, SubBuckets     =         2048]
----------------------------------------------------------
  9993 requests in 10.00s, 1.67MB read
Requests/sec:    999.03
Transfer/sec:    170.73KB
