Running 10s test @ http://localhost
  2 threads and 10 connections
  Thread Stats   Avg      Stdev     Max   +/- Stdev
    Latency     1.21ms  669.95us   7.94ms   78.41%
    Req/Sec       -nan      -nan   0.00      0.00%
  Latency Distribution (HdrHistogram - Recorded Latency)
 50.000%    1.11ms
 75.000%    1.52ms
 90.000%    1.94ms
 99.000%    4.12ms
 99.900%    5.31ms
 99.990%    7.05ms
 99.999%    7.94ms
100.000%    7.94ms

  Detailed Percentile spectrum:
       Value   Percentile   TotalCount 1/(1-Percentile)

       0.200     0.000000            1         1.00
       0.539     0.100000         1001         1.11
       0.671     0.200000         2004         1.25
       0.795     0.300000         3006         1.43
       0.937     0.400000         4000         1.67
       1.106     0.500000         4999         2.00
       1.192     0.550000         5497         2.22
       1.281     0.600000         5997         2.50
       1.364     0.650000         6503         2.86
       1.440     0.700000         6995         3.33
       1.521     0.750000         7497         4.00
       1.572     0.775000         7744         4.44
       1.623     0.800000         7998         5.00
       1.688     0.825000         8244         5.71
       1.767     0.850000         8500         6.67
       1.853     0.875000         8743         8.00
       1.891     0.887500         8868         8.89
       1.943     0.900000         8994        10.00
       1.995     0.912500         9118        11.43
       2.051     0.925000         9243        13.33
       2.127     0.937500         9368        16.00
       2.165     0.943750         9432        17.78
       2.209     0.950000         9494        20.00
       2.263     0.956250         9558        22.86
       2.317     0.962500         9620        26.67
       2.391     0.968750         9680        32.00
       2.475     0.971875         9712        35.56
       2.595     0.975000         9743        40.00
       2.783     0.978125         9774        45.71
       3.163     0.981250         9805        53.33
       3.501     0.984375         9836        64.00
       3.701     0.985938         9852        71.11
       3.835     0.987500         9868        80.00
       3.979     0.989062         9883        91.43
       4.235     0.990625         9899       106.67
       4.395     0.992188         9915       128.00
       4.467     0.992969         9923       142.22
       4.543     0.993750         9930       160.00
       4.615     0.994531         9938       182.86
       4.659     0.995313         9946       213.33
       4.731     0.996094         9953       256.00
       4.775     0.996484         9957       284.44
       4.847     0.996875         9962       320.00
       4.883     0.997266         9965       365.71
       4.919     0.997656         9969       426.67
       5.039     0.998047         9974       512.00
       5.071     0.998242         9975       568.89
       5.151     0.998437         9977       640.00
       5.195     0.998633         9979       731.43
       5.303     0.998828         9981       853.33
       5.371     0.999023         9983      1024.00
       5.403     0.999121         9985      1137.78
       5.403     0.999219         9985      1280.00
       5.575     0.999316         9986      1462.86
       5.999     0.999414         9987      1706.67
       6.039     0.999512         9988      2048.00
       6.039     0.999561         9988      2275.56
       6.219     0.999609         9989      2560.00
       6.219     0.999658         9989      2925.71
       6.615     0.999707         9990      3413.33
       6.615     0.999756         9990      4096.00
       6.615     0.999780         9990      4551.11
       7.047     0.999805         9991      5120.00
       7.047     0.999829         9991      5851.43
       7.047     0.999854         9991      6826.67
       7.047     0.999878         9991      8192.00
       7.047     0.999890         9991      9102.22
       7.939     0.999902         9992     10240.00
       7.939     1.000000         9992          inf
#[Mean    =        1.210, StdDeviation   =        0.670]
#[Max     =        7.936, Total count    =         9992]
#[Buckets =           27, SubBuckets     =         2048]
----------------------------------------------------------
  9995 requests in 10.00s, 1.67MB read
Requests/sec:    999.40
Transfer/sec:    170.80KB
