Running 10s test @ http://localhost
  2 threads and 10 connections
  Thread Stats   Avg      Stdev     Max   +/- Stdev
    Latency     1.20ms  395.85us   7.63ms   70.26%
    Req/Sec       -nan      -nan   0.00      0.00%
  Latency Distribution (HdrHistogram - Recorded Latency)
 50.000%    1.22ms
 75.000%    1.45ms
 90.000%    1.66ms
 99.000%    2.03ms
 99.900%    2.50ms
 99.990%    7.49ms
 99.999%    7.64ms
100.000%    7.64ms

  Detailed Percentile spectrum:
       Value   Percentile   TotalCount 1/(1-Percentile)

       0.173     0.000000            1         1.00
       0.686     0.100000         1000         1.11
       0.867     0.200000         2002         1.25
       1.003     0.300000         3006         1.43
       1.120     0.400000         4002         1.67
       1.223     0.500000         5000         2.00
       1.271     0.550000         5505         2.22
       1.313     0.600000         6006         2.50
       1.358     0.650000         6504         2.86
       1.403     0.700000         6999         3.33
       1.454     0.750000         7494         4.00
       1.486     0.775000         7750         4.44
       1.520     0.800000         8000         5.00
       1.548     0.825000         8244         5.71
       1.583     0.850000         8497         6.67
       1.618     0.875000         8749         8.00
       1.638     0.887500         8869         8.89
       1.660     0.900000         8997        10.00
       1.683     0.912500         9119        11.43
       1.710     0.925000         9249        13.33
       1.742     0.937500         9368        16.00
       1.760     0.943750         9433        17.78
       1.778     0.950000         9493        20.00
       1.797     0.956250         9555        22.86
       1.822     0.962500         9619        26.67
       1.854     0.968750         9680        32.00
       1.871     0.971875         9715        35.56
       1.888     0.975000         9744        40.00
       1.908     0.978125         9774        45.71
       1.934     0.981250         9805        53.33
       1.963     0.984375         9836        64.00
       1.975     0.985938         9855        71.11
       1.992     0.987500         9868        80.00
       2.016     0.989062         9884        91.43
       2.032     0.990625         9899       106.67
       2.059     0.992188         9915       128.00
       2.075     0.992969         9924       142.22
       2.083     0.993750         9931       160.00
       2.101     0.994531         9938       182.86
       2.119     0.995313         9946       213.33
       2.149     0.996094         9953       256.00
       2.199     0.996484         9957       284.44
       2.207     0.996875         9961       320.00
       2.253     0.997266         9965       365.71
       2.315     0.997656         9970       426.67
       2.351     0.998047         9973       512.00
       2.369     0.998242         9975       568.89
       2.377     0.998437         9977       640.00
       2.397     0.998633         9979       731.43
       2.431     0.998828         9981       853.33
       2.551     0.999023         9983      1024.00
       2.641     0.999121         9984      1137.78
       2.653     0.999219         9985      1280.00
       4.759     0.999316         9986      1462.86
       4.903     0.999414         9987      1706.67
       6.471     0.999512         9988      2048.00
       6.471     0.999561         9988      2275.56
       6.639     0.999609         9989      2560.00
       6.639     0.999658         9989      2925.71
       6.755     0.999707         9990      3413.33
       6.755     0.999756         9990      4096.00
       6.755     0.999780         9990      4551.11
       7.491     0.999805         9991      5120.00
       7.491     0.999829         9991      5851.43
       7.491     0.999854         9991      6826.67
       7.491     0.999878         9991      8192.00
       7.491     0.999890         9991      9102.22
       7.635     0.999902         9992     10240.00
       7.635     1.000000         9992          inf
#[Mean    =        1.201, StdDeviation   =        0.396]
#[Max     =        7.632, Total count    =         9992]
#[Buckets =           27, SubBuckets     =         2048]
----------------------------------------------------------
  9998 requests in 10.00s, 1.67MB read
Requests/sec:    999.68
Transfer/sec:    170.84KB
