Running 10s test @ http://localhost
  2 threads and 10 connections
  Thread Stats   Avg      Stdev     Max   +/- Stdev
    Latency     1.08ms  403.80us   5.44ms   66.04%
    Req/Sec       -nan      -nan   0.00      0.00%
  Latency Distribution (HdrHistogram - Recorded Latency)
 50.000%    1.08ms
 75.000%    1.36ms
 90.000%    1.60ms
 99.000%    1.99ms
 99.900%    2.43ms
 99.990%    4.90ms
 99.999%    5.44ms
100.000%    5.44ms

  Detailed Percentile spectrum:
       Value   Percentile   TotalCount 1/(1-Percentile)

       0.120     0.000000            1         1.00
       0.549     0.100000         1007         1.11
       0.713     0.200000         2001         1.25
       0.839     0.300000         3005         1.43
       0.951     0.400000         4004         1.67
       1.080     0.500000         4997         2.00
       1.148     0.550000         5497         2.22
       1.203     0.600000         6003         2.50
       1.256     0.650000         6509         2.86
       1.310     0.700000         7007         3.33
       1.363     0.750000         7502         4.00
       1.393     0.775000         7746         4.44
       1.431     0.800000         7999         5.00
       1.467     0.825000         8252         5.71
       1.508     0.850000         8494         6.67
       1.553     0.875000         8746         8.00
       1.576     0.887500         8873         8.89
       1.601     0.900000         8994        10.00
       1.625     0.912500         9121        11.43
       1.654     0.925000         9250        13.33
       1.681     0.937500         9369        16.00
       1.699     0.943750         9431        17.78
       1.719     0.950000         9495        20.00
       1.740     0.956250         9555        22.86
       1.766     0.962500         9618        26.67
       1.792     0.968750         9681        32.00
       1.810     0.971875         9712        35.56
       1.826     0.975000         9744        40.00
       1.847     0.978125         9774        45.71
       1.871     0.981250         9805        53.33
       1.908     0.984375         9836        64.00
       1.937     0.985938         9852        71.11
       1.958     0.987500         9868        80.00
       1.978     0.989062         9883        91.43
       1.999     0.990625         9899       106.67
       2.041     0.992188         9914       128.00
       2.057     0.992969         9924       142.22
       2.069     0.993750         9930       160.00
       2.123     0.994531         9939       182.86
       2.155     0.995313         9946       213.33
       2.177     0.996094         9953       256.00
       2.201     0.996484         9958       284.44
       2.207     0.996875         9961       320.00
       2.229     0.997266         9966       365.71
       2.257     0.997656         9969       426.67
       2.277     0.998047         9973       512.00
       2.293     0.998242         9975       568.89
       2.313     0.998437         9977       640.00
       2.353     0.998633         9979       731.43
       2.375     0.998828         9981       853.33
       2.431     0.999023         9983      1024.00
       2.437     0.999121         9984      1137.78
       2.471     0.999219         9985      1280.00
       2.503     0.999316         9986      1462.86
       2.563     0.999414         9987      1706.67
       2.753     0.999512         9988      2048.00
       2.753     0.999561         9988      2275.56
       4.267     0.999609         9989      2560.00
       4.267     0.999658         9989      2925.71
       4.847     0.999707         9990      3413.33
       4.847     0.999756         9990      4096.00
       4.847     0.999780         9990      4551.11
       4.903     0.999805         9991      5120.00
       4.903     0.999829         9991      5851.43
       4.903     0.999854         9991      6826.67
       4.903     0.999878         9991      8192.00
       4.903     0.999890         9991      9102.22
       5.439     0.999902         9992     10240.00
       5.439     1.000000         9992          inf
#[Mean    =        1.081, StdDeviation   =        0.404]
#[Max     =        5.436, Total count    =         9992]
#[Buckets =           27, SubBuckets     =         2048]
----------------------------------------------------------
  9997 requests in 10.00s, 1.67MB read
Requests/sec:    999.53
Transfer/sec:    170.82KB
