Running 10s test @ http://localhost
  2 threads and 10 connections
  Thread Stats   Avg      Stdev     Max   +/- Stdev
    Latency     1.34ms  677.35us   9.66ms   78.89%
    Req/Sec       -nan      -nan   0.00      0.00%
  Latency Distribution (HdrHistogram - Recorded Latency)
 50.000%    1.27ms
 75.000%    1.66ms
 90.000%    1.99ms
 99.000%    4.11ms
 99.900%    5.72ms
 99.990%    9.11ms
 99.999%    9.67ms
100.000%    9.67ms

  Detailed Percentile spectrum:
       Value   Percentile   TotalCount 1/(1-Percentile)

       0.206     0.000000            1         1.00
       0.630     0.100000         1006         1.11
       0.809     0.200000         2003         1.25
       0.964     0.300000         3002         1.43
       1.120     0.400000         4004         1.67
       1.273     0.500000         4996         2.00
       1.346     0.550000         5500         2.22
       1.420     0.600000         5997         2.50
       1.499     0.650000         6501         2.86
       1.580     0.700000         7000         3.33
       1.662     0.750000         7494         4.00
       1.699     0.775000         7746         4.44
       1.746     0.800000         7995         5.00
       1.793     0.825000         8246         5.71
       1.843     0.850000         8494         6.67
       1.903     0.875000         8746         8.00
       1.942     0.887500         8870         8.89
       1.986     0.900000         8993        10.00
       2.037     0.912500         9120        11.43
       2.099     0.925000         9251        13.33
       2.177     0.937500         9369        16.00
       2.235     0.943750         9431        17.78
       2.295     0.950000         9494        20.00
       2.393     0.956250         9555        22.86
       2.547     0.962500         9618        26.67
       2.747     0.968750         9680        32.00
       2.875     0.971875         9711        35.56
       3.033     0.975000         9743        40.00
       3.223     0.978125         9774        45.71
       3.369     0.981250         9805        53.33
       3.589     0.984375         9836        64.00
       3.705     0.985938         9852        71.11
       3.853     0.987500         9868        80.00
       4.001     0.989062         9883        91.43
       4.183     0.990625         9900       106.67
       4.311     0.992188         9914       128.00
       4.371     0.992969         9922       142.22
       4.499     0.993750         9932       160.00
       4.603     0.994531         9938       182.86
       4.715     0.995313         9946       213.33
       4.899     0.996094         9953       256.00
       5.051     0.996484         9957       284.44
       5.127     0.996875         9962       320.00
       5.175     0.997266         9965       365.71
       5.259     0.997656         9969       426.67
       5.351     0.998047         9973       512.00
       5.415     0.998242         9975       568.89
       5.455     0.998437         9977       640.00
       5.627     0.998633         9979       731.43
       5.703     0.998828         9981       853.33
       5.875     0.999023         9983      1024.00
       5.979     0.999121         9984      1137.78
       6.087     0.999219         9985      1280.00
       6.099     0.999316         9986      1462.86
       6.251     0.999414         9987      1706.67
       6.331     0.999512         9988      2048.00
       6.331     0.999561         9988      2275.56
       6.491     0.999609         9989      2560.00
       6.491     0.999658         9989      2925.71
       6.559     0.999707         9990      3413.33
       6.559     0.999756         9990      4096.00
       6.559     0.999780         9990      4551.11
       9.111     0.999805         9991      5120.00
       9.111     0.999829         9991      5851.43
       9.111     0.999854         9991      6826.67
       9.111     0.999878         9991      8192.00
       9.111     0.999890         9991      9102.22
       9.671     0.999902         9992     10240.00
       9.671     1.000000         9992          inf
#[Mean    =        1.342, StdDeviation   =        0.677]
#[Max     =        9.664, Total count    =         9992]
#[Buckets =           27, SubBuckets     =         2048]
----------------------------------------------------------
  9996 requests in 10.00s, 1.67MB read
Requests/sec:    999.40
Transfer/sec:    170.80KB
