Running 10s test @ http://localhost
  2 threads and 10 connections
  Thread Stats   Avg      Stdev     Max   +/- Stdev
    Latency     1.21ms  789.67us  12.68ms   90.12%
    Req/Sec       -nan      -nan   0.00      0.00%
  Latency Distribution (HdrHistogram - Recorded Latency)
 50.000%    1.19ms
 75.000%    1.51ms
 90.000%    1.76ms
 99.000%    2.47ms
 99.900%   11.34ms
 99.990%   12.64ms
 99.999%   12.69ms
100.000%   12.69ms

  Detailed Percentile spectrum:
       Value   Percentile   TotalCount 1/(1-Percentile)

       0.135     0.000000            1         1.00
       0.492     0.100000         1001         1.11
       0.691     0.200000         2001         1.25
       0.872     0.300000         2998         1.43
       1.042     0.400000         4001         1.67
       1.187     0.500000         4998         2.00
       1.253     0.550000         5498         2.22
       1.324     0.600000         5997         2.50
       1.387     0.650000         6500         2.86
       1.452     0.700000         6995         3.33
       1.511     0.750000         7502         4.00
       1.543     0.775000         7744         4.44
       1.579     0.800000         7996         5.00
       1.616     0.825000         8249         5.71
       1.653     0.850000         8494         6.67
       1.699     0.875000         8749         8.00
       1.723     0.887500         8868         8.89
       1.757     0.900000         8994        10.00
       1.790     0.912500         9121        11.43
       1.829     0.925000         9245        13.33
       1.872     0.937500         9370        16.00
       1.899     0.943750         9430        17.78
       1.924     0.950000         9494        20.00
       1.948     0.956250         9555        22.86
       1.985     0.962500         9619        26.67
       2.031     0.968750         9680        32.00
       2.057     0.971875         9712        35.56
       2.089     0.975000         9745        40.00
       2.123     0.978125         9774        45.71
       2.159     0.981250         9805        53.33
       2.209     0.984375         9836        64.00
       2.249     0.985938         9852        71.11
       2.313     0.987500         9868        80.00
       2.397     0.989062         9883        91.43
       2.523     0.990625         9899       106.67
       4.047     0.992188         9914       128.00
       4.599     0.992969         9922       142.22
       6.203     0.993750         9930       160.00
       6.735     0.994531         9938       182.86
       7.031     0.995313         9946       213.33
       7.503     0.996094         9953       256.00
       7.623     0.996484         9957       284.44
       7.991     0.996875         9961       320.00
       8.131     0.997266         9965       365.71
       9.231     0.997656         9969       426.67
       9.527     0.998047         9973       512.00
       9.759     0.998242         9975       568.89
      10.879     0.998437         9977       640.00
      11.087     0.998633         9979       731.43
      11.295     0.998828         9981       853.33
      11.471     0.999023         9983      1024.00
      11.535     0.999121         9984      1137.78
      11.647     0.999219         9985      1280.00
      11.807     0.999316         9986      1462.86
      11.927     0.999414         9987      1706.67
      12.039     0.999512         9988      2048.00
      12.039     0.999561         9988      2275.56
      12.095     0.999609         9989      2560.00
      12.095     0.999658         9989      2925.71
      12.303     0.999707         9990      3413.33
      12.303     0.999756         9990      4096.00
      12.303     0.999780         9990      4551.11
      12.639     0.999805         9991      5120.00
      12.639     0.999829         9991      5851.43
      12.639     0.999854         9991      6826.67
      12.639     0.999878         9991      8192.00
      12.639     0.999890         9991      9102.22
      12.687     0.999902         9992     10240.00
      12.687     1.000000         9992          inf
#[Mean    =        1.207, StdDeviation   =        0.790]
#[Max     =       12.680, Total count    =         9992]
#[Buckets =           27, SubBuckets     =         2048]
----------------------------------------------------------
  9996 requests in 10.00s, 1.67MB read
Requests/sec:    999.46
Transfer/sec:    170.81KB
