Running 10s test @ http://localhost
  2 threads and 10 connections
  Thread Stats   Avg      Stdev     Max   +/- Stdev
    Latency     1.11ms  496.29us   7.67ms   65.01%
    Req/Sec       -nan      -nan   0.00      0.00%
  Latency Distribution (HdrHistogram - Recorded Latency)
 50.000%    1.10ms
 75.000%    1.48ms
 90.000%    1.75ms
 99.000%    2.24ms
 99.900%    2.57ms
 99.990%    7.57ms
 99.999%    7.68ms
100.000%    7.68ms

  Detailed Percentile spectrum:
       Value   Percentile   TotalCount 1/(1-Percentile)

       0.155     0.000000            1         1.00
       0.483     0.100000         1001         1.11
       0.639     0.200000         2002         1.25
       0.781     0.300000         3005         1.43
       0.920     0.400000         4004         1.67
       1.099     0.500000         4996         2.00
       1.186     0.550000         5496         2.22
       1.272     0.600000         6007         2.50
       1.345     0.650000         6495         2.86
       1.415     0.700000         7007         3.33
       1.477     0.750000         7496         4.00
       1.514     0.775000         7745         4.44
       1.552     0.800000         7998         5.00
       1.593     0.825000         8247         5.71
       1.639     0.850000         8497         6.67
       1.688     0.875000         8744         8.00
       1.720     0.887500         8869         8.89
       1.754     0.900000         8993        10.00
       1.787     0.912500         9118        11.43
       1.831     0.925000         9245        13.33
       1.882     0.937500         9369        16.00
       1.908     0.943750         9433        17.78
       1.930     0.950000         9493        20.00
       1.955     0.956250         9556        22.86
       1.990     0.962500         9620        26.67
       2.029     0.968750         9680        32.00
       2.049     0.971875         9712        35.56
       2.071     0.975000         9745        40.00
       2.095     0.978125         9775        45.71
       2.127     0.981250         9807        53.33
       2.161     0.984375         9836        64.00
       2.187     0.985938         9854        71.11
       2.195     0.987500         9868        80.00
       2.225     0.989062         9885        91.43
       2.255     0.990625         9899       106.67
       2.293     0.992188         9914       128.00
       2.307     0.992969         9922       142.22
       2.333     0.993750         9930       160.00
       2.351     0.994531         9939       182.86
       2.359     0.995313         9946       213.33
       2.389     0.996094         9954       256.00
       2.399     0.996484         9957       284.44
       2.411     0.996875         9962       320.00
       2.417     0.997266         9965       365.71
       2.445     0.997656         9969       426.67
       2.457     0.998047         9973       512.00
       2.479     0.998242         9976       568.89
       2.487     0.998437         9977       640.00
       2.533     0.998633         9979       731.43
       2.541     0.998828         9981       853.33
       2.603     0.999023         9983      1024.00
       2.723     0.999121         9984      1137.78
       3.203     0.999219         9985      1280.00
       3.259     0.999316         9986      1462.86
       3.315     0.999414         9987      1706.67
       3.361     0.999512         9988      2048.00
       3.361     0.999561         9988      2275.56
       3.729     0.999609         9989      2560.00
       3.729     0.999658         9989      2925.71
       3.739     0.999707         9990      3413.33
       3.739     0.999756         9990      4096.00
       3.739     0.999780         9990      4551.11
       7.567     0.999805         9991      5120.00
       7.567     0.999829         9991      5851.43
       7.567     0.999854         9991      6826.67
       7.567     0.999878         9991      8192.00
       7.567     0.999890         9991      9102.22
       7.675     0.999902         9992     10240.00
       7.675     1.000000         9992          inf
#[Mean    =        1.115, StdDeviation   =        0.496]
#[Max     =        7.672, Total count    =         9992]
#[Buckets =           27, SubBuckets     =         2048]
----------------------------------------------------------
  9995 requests in 10.00s, 1.67MB read
Requests/sec:    999.37
Transfer/sec:    170.79KB
