Running 10s test @ http://localhost
  2 threads and 10 connections
  Thread Stats   Avg      Stdev     Max   +/- Stdev
    Latency     1.26ms  622.24us   6.43ms   73.52%
    Req/Sec       -nan      -nan   0.00      0.00%
  Latency Distribution (HdrHistogram - Recorded Latency)
 50.000%    1.19ms
 75.000%    1.58ms
 90.000%    1.95ms
 99.000%    3.72ms
 99.900%    4.97ms
 99.990%    5.43ms
 99.999%    6.43ms
100.000%    6.43ms

  Detailed Percentile spectrum:
       Value   Percentile   TotalCount 1/(1-Percentile)

       0.175     0.000000            1         1.00
       0.556     0.100000         1001         1.11
       0.734     0.200000         1999         1.25
       0.914     0.300000         2999         1.43
       1.057     0.400000         3997         1.67
       1.190     0.500000         4998         2.00
       1.272     0.550000         5500         2.22
       1.346     0.600000         6000         2.50
       1.422     0.650000         6500         2.86
       1.497     0.700000         6996         3.33
       1.582     0.750000         7502         4.00
       1.628     0.775000         7745         4.44
       1.683     0.800000         7996         5.00
       1.734     0.825000         8250         5.71
       1.796     0.850000         8494         6.67
       1.870     0.875000         8746         8.00
       1.908     0.887500         8868         8.89
       1.954     0.900000         8993        10.00
       1.995     0.912500         9121        11.43
       2.044     0.925000         9244        13.33
       2.113     0.937500         9371        16.00
       2.149     0.943750         9432        17.78
       2.187     0.950000         9495        20.00
       2.247     0.956250         9555        22.86
       2.311     0.962500         9618        26.67
       2.383     0.968750         9680        32.00
       2.463     0.971875         9711        35.56
       2.541     0.975000         9744        40.00
       2.641     0.978125         9774        45.71
       2.821     0.981250         9805        53.33
       3.103     0.984375         9836        64.00
       3.269     0.985938         9852        71.11
       3.451     0.987500         9868        80.00
       3.619     0.989062         9883        91.43
       3.805     0.990625         9899       106.67
       4.003     0.992188         9914       128.00
       4.123     0.992969         9923       142.22
       4.171     0.993750         9930       160.00
       4.251     0.994531         9938       182.86
       4.335     0.995313         9946       213.33
       4.487     0.996094         9953       256.00
       4.551     0.996484         9957       284.44
       4.583     0.996875         9961       320.00
       4.627     0.997266         9965       365.71
       4.727     0.997656         9969       426.67
       4.791     0.998047         9973       512.00
       4.835     0.998242         9975       568.89
       4.883     0.998437         9977       640.00
       4.891     0.998633         9979       731.43
       4.939     0.998828         9981       853.33
       5.003     0.999023         9983      1024.00
       5.011     0.999121         9984      1137.78
       5.087     0.999219         9985      1280.00
       5.207     0.999316         9986      1462.86
       5.247     0.999414         9987      1706.67
       5.319     0.999512         9988      2048.00
       5.319     0.999561         9988      2275.56
       5.331     0.999609         9989      2560.00
       5.331     0.999658         9989      2925.71
       5.395     0.999707         9990      3413.33
       5.395     0.999756         9990      4096.00
       5.395     0.999780         9990      4551.11
       5.435     0.999805         9991      5120.00
       5.435     0.999829         9991      5851.43
       5.435     0.999854         9991      6826.67
       5.435     0.999878         9991      8192.00
       5.435     0.999890         9991      9102.22
       6.431     0.999902         9992     10240.00
       6.431     1.000000         9992          inf
#[Mean    =        1.261, StdDeviation   =        0.622]
#[Max     =        6.428, Total count    =         9992]
#[Buckets =           27, SubBuckets     =         2048]
----------------------------------------------------------
  9995 requests in 10.00s, 1.67MB read
Requests/sec:    999.42
Transfer/sec:    170.80KB
