Running 10s test @ http://localhost
  2 threads and 10 connections
  Thread Stats   Avg      Stdev     Max   +/- Stdev
    Latency     1.35ms  567.15us   6.46ms   73.62%
    Req/Sec       -nan      -nan   0.00      0.00%
  Latency Distribution (HdrHistogram - Recorded Latency)
 50.000%    1.34ms
 75.000%    1.66ms
 90.000%    1.94ms
 99.000%    3.41ms
 99.900%    4.83ms
 99.990%    5.62ms
 99.999%    6.46ms
100.000%    6.46ms

  Detailed Percentile spectrum:
       Value   Percentile   TotalCount 1/(1-Percentile)

       0.201     0.000000            1         1.00
       0.675     0.100000         1004         1.11
       0.883     0.200000         2001         1.25
       1.056     0.300000         2998         1.43
       1.211     0.400000         3997         1.67
       1.341     0.500000         4998         2.00
       1.401     0.550000         5498         2.22
       1.459     0.600000         5999         2.50
       1.518     0.650000         6501         2.86
       1.584     0.700000         6996         3.33
       1.658     0.750000         7496         4.00
       1.694     0.775000         7744         4.44
       1.736     0.800000         7998         5.00
       1.784     0.825000         8245         5.71
       1.834     0.850000         8495         6.67
       1.887     0.875000         8743         8.00
       1.916     0.887500         8869         8.89
       1.944     0.900000         8995        10.00
       1.981     0.912500         9123        11.43
       2.024     0.925000         9247        13.33
       2.071     0.937500         9371        16.00
       2.101     0.943750         9430        17.78
       2.145     0.950000         9494        20.00
       2.195     0.956250         9556        22.86
       2.265     0.962500         9618        26.67
       2.359     0.968750         9681        32.00
       2.467     0.971875         9711        35.56
       2.543     0.975000         9743        40.00
       2.643     0.978125         9775        45.71
       2.721     0.981250         9806        53.33
       2.907     0.984375         9836        64.00
       2.991     0.985938         9852        71.11
       3.109     0.987500         9868        80.00
       3.283     0.989062         9883        91.43
       3.497     0.990625         9899       106.67
       3.627     0.992188         9914       128.00
       3.743     0.992969         9922       142.22
       3.829     0.993750         9930       160.00
       4.007     0.994531         9938       182.86
       4.163     0.995313         9946       213.33
       4.343     0.996094         9953       256.00
       4.363     0.996484         9957       284.44
       4.415     0.996875         9961       320.00
       4.475     0.997266         9965       365.71
       4.643     0.997656         9969       426.67
       4.679     0.998047         9973       512.00
       4.699     0.998242         9975       568.89
       4.743     0.998437         9977       640.00
       4.779     0.998633         9979       731.43
       4.819     0.998828         9981       853.33
       4.835     0.999023         9983      1024.00
       4.979     0.999121         9984      1137.78
       5.075     0.999219         9985      1280.00
       5.091     0.999316         9986      1462.86
       5.099     0.999414         9987      1706.67
       5.175     0.999512         9988      2048.00
       5.175     0.999561         9988      2275.56
       5.191     0.999609         9989      2560.00
       5.191     0.999658         9989      2925.71
       5.343     0.999707         9990      3413.33
       5.343     0.999756         9990      4096.00
       5.343     0.999780         9990      4551.11
       5.623     0.999805         9991      5120.00
       5.623     0.999829         9991      5851.43
       5.623     0.999854         9991      6826.67
       5.623     0.999878         9991      8192.00
       5.623     0.999890         9991      9102.22
       6.463     0.999902         9992     10240.00
       6.463     1.000000         9992          inf
#[Mean    =        1.354, StdDeviation   =        0.567]
#[Max     =        6.460, Total count    =         9992]
#[Buckets =           27, SubBuckets     =         2048]
----------------------------------------------------------
  9994 requests in 10.00s, 1.67MB read
Requests/sec:    999.23
Transfer/sec:    170.77KB
