Running 10s test @ http://localhost
  2 threads and 10 connections
  Thread Stats   Avg      Stdev     Max   +/- Stdev
    Latency     1.19ms  595.90us   7.46ms   79.04%
    Req/Sec       -nan      -nan   0.00      0.00%
  Latency Distribution (HdrHistogram - Recorded Latency)
 50.000%    1.10ms
 75.000%    1.47ms
 90.000%    1.79ms
 99.000%    3.71ms
 99.900%    5.05ms
 99.990%    5.96ms
 99.999%    7.47ms
100.000%    7.47ms

  Detailed Percentile spectrum:
       Value   Percentile   TotalCount 1/(1-Percentile)

       0.183     0.000000            1         1.00
       0.580     0.100000         1008         1.11
       0.730     0.200000         2001         1.25
       0.855     0.300000         2998         1.43
       0.973     0.400000         3997         1.67
       1.098     0.500000         4997         2.00
       1.165     0.550000         5496         2.22
       1.242     0.600000         6006         2.50
       1.313     0.650000         6498         2.86
       1.391     0.700000         7005         3.33
       1.467     0.750000         7497         4.00
       1.512     0.775000         7747         4.44
       1.555     0.800000         8000         5.00
       1.602     0.825000         8246         5.71
       1.653     0.850000         8494         6.67
       1.717     0.875000         8746         8.00
       1.752     0.887500         8869         8.89
       1.795     0.900000         8998        10.00
       1.837     0.912500         9120        11.43
       1.892     0.925000         9246        13.33
       1.967     0.937500         9369        16.00
       2.007     0.943750         9431        17.78
       2.065     0.950000         9494        20.00
       2.127     0.956250         9555        22.86
       2.205     0.962500         9618        26.67
       2.341     0.968750         9680        32.00
       2.459     0.971875         9711        35.56
       2.599     0.975000         9743        40.00
       2.745     0.978125         9774        45.71
       2.903     0.981250         9806        53.33
       3.117     0.984375         9836        64.00
       3.235     0.985938         9852        71.11
       3.365     0.987500         9868        80.00
       3.623     0.989062         9883        91.43
       3.763     0.990625         9899       106.67
       3.973     0.992188         9914       128.00
       4.053     0.992969         9922       142.22
       4.143     0.993750         9930       160.00
       4.215     0.994531         9938       182.86
       4.295     0.995313         9946       213.33
       4.435     0.996094         9953       256.00
       4.463     0.996484         9957       284.44
       4.495     0.996875         9961       320.00
       4.635     0.997266         9965       365.71
       4.739     0.997656         9969       426.67
       4.839     0.998047         9973       512.00
       4.903     0.998242         9975       568.89
       4.939     0.998437         9977       640.00
       4.983     0.998633         9979       731.43
       5.043     0.998828         9981       853.33
       5.091     0.999023         9983      1024.00
       5.195     0.999121         9984      1137.78
       5.311     0.999219         9985      1280.00
       5.591     0.999316         9986      1462.86
       5.663     0.999414         9987      1706.67
       5.703     0.999512         9988      2048.00
       5.703     0.999561         9988      2275.56
       5.843     0.999609         9989      2560.00
       5.843     0.999658         9989      2925.71
       5.859     0.999707         9990      3413.33
       5.859     0.999756         9990      4096.00
       5.859     0.999780         9990      4551.11
       5.963     0.999805         9991      5120.00
       5.963     0.999829         9991      5851.43
       5.963     0.999854         9991      6826.67
       5.963     0.999878         9991      8192.00
       5.963     0.999890         9991      9102.22
       7.467     0.999902         9992     10240.00
       7.467     1.000000         9992          inf
#[Mean    =        1.189, StdDeviation   =        0.596]
#[Max     =        7.464, Total count    =         9992]
#[Buckets =           27, SubBuckets     =         2048]
----------------------------------------------------------
  9995 requests in 10.00s, 1.67MB read
Requests/sec:    999.32
Transfer/sec:    170.78KB
