Running 10s test @ http://localhost
  2 threads and 10 connections
  Thread Stats   Avg      Stdev     Max   +/- Stdev
    Latency     1.17ms  559.80us   6.86ms   69.10%
    Req/Sec       -nan      -nan   0.00      0.00%
  Latency Distribution (HdrHistogram - Recorded Latency)
 50.000%    1.13ms
 75.000%    1.51ms
 90.000%    1.86ms
 99.000%    2.78ms
 99.900%    4.55ms
 99.990%    6.16ms
 99.999%    6.86ms
100.000%    6.86ms

  Detailed Percentile spectrum:
       Value   Percentile   TotalCount 1/(1-Percentile)

       0.134     0.000000            1         1.00
       0.512     0.100000         1007         1.11
       0.663     0.200000         2003         1.25
       0.805     0.300000         2999         1.43
       0.960     0.400000         3999         1.67
       1.134     0.500000         4996         2.00
       1.216     0.550000         5497         2.22
       1.292     0.600000         6005         2.50
       1.359     0.650000         6497         2.86
       1.436     0.700000         6996         3.33
       1.511     0.750000         7500         4.00
       1.554     0.775000         7744         4.44
       1.599     0.800000         7999         5.00
       1.655     0.825000         8247         5.71
       1.717     0.850000         8494         6.67
       1.781     0.875000         8747         8.00
       1.820     0.887500         8872         8.89
       1.856     0.900000         8996        10.00
       1.896     0.912500         9119        11.43
       1.941     0.925000         9244        13.33
       1.987     0.937500         9368        16.00
       2.020     0.943750         9430        17.78
       2.046     0.950000         9493        20.00
       2.079     0.956250         9558        22.86
       2.121     0.962500         9622        26.67
       2.157     0.968750         9680        32.00
       2.175     0.971875         9711        35.56
       2.209     0.975000         9747        40.00
       2.243     0.978125         9776        45.71
       2.287     0.981250         9806        53.33
       2.347     0.984375         9836        64.00
       2.447     0.985938         9852        71.11
       2.557     0.987500         9868        80.00
       2.681     0.989062         9883        91.43
       2.855     0.990625         9899       106.67
       3.073     0.992188         9914       128.00
       3.205     0.992969         9922       142.22
       3.409     0.993750         9932       160.00
       3.533     0.994531         9938       182.86
       3.661     0.995313         9946       213.33
       3.795     0.996094         9953       256.00
       3.919     0.996484         9957       284.44
       4.103     0.996875         9961       320.00
       4.207     0.997266         9966       365.71
       4.279     0.997656         9969       426.67
       4.339     0.998047         9974       512.00
       4.343     0.998242         9975       568.89
       4.383     0.998437         9977       640.00
       4.479     0.998633         9979       731.43
       4.535     0.998828         9981       853.33
       4.571     0.999023         9983      1024.00
       4.579     0.999121         9984      1137.78
       4.615     0.999219         9985      1280.00
       4.655     0.999316         9986      1462.86
       4.659     0.999414         9987      1706.67
       4.691     0.999512         9988      2048.00
       4.691     0.999561         9988      2275.56
       4.719     0.999609         9989      2560.00
       4.719     0.999658         9989      2925.71
       5.827     0.999707         9990      3413.33
       5.827     0.999756         9990      4096.00
       5.827     0.999780         9990      4551.11
       6.159     0.999805         9991      5120.00
       6.159     0.999829         9991      5851.43
       6.159     0.999854         9991      6826.67
       6.159     0.999878         9991      8192.00
       6.159     0.999890         9991      9102.22
       6.859     0.999902         9992     10240.00
       6.859     1.000000         9992          inf
#[Mean    =        1.170, StdDeviation   =        0.560]
#[Max     =        6.856, Total count    =         9992]
#[Buckets =           27, SubBuckets     =         2048]
----------------------------------------------------------
  9994 requests in 10.00s, 1.67MB read
Requests/sec:    999.32
Transfer/sec:    170.78KB
