Running 10s test @ http://localhost
  2 threads and 10 connections
  Thread Stats   Avg      Stdev     Max   +/- Stdev
    Latency     1.28ms  620.20us   5.84ms   75.15%
    Req/Sec       -nan      -nan   0.00      0.00%
  Latency Distribution (HdrHistogram - Recorded Latency)
 50.000%    1.23ms
 75.000%    1.58ms
 90.000%    1.93ms
 99.000%    3.67ms
 99.900%    5.27ms
 99.990%    5.77ms
 99.999%    5.85ms
100.000%    5.85ms

  Detailed Percentile spectrum:
       Value   Percentile   TotalCount 1/(1-Percentile)

       0.225     0.000000            1         1.00
       0.584     0.100000         1001         1.11
       0.760     0.200000         2011         1.25
       0.920     0.300000         2998         1.43
       1.076     0.400000         3998         1.67
       1.232     0.500000         5000         2.00
       1.299     0.550000         5498         2.22
       1.359     0.600000         6001         2.50
       1.426     0.650000         6495         2.86
       1.500     0.700000         6998         3.33
       1.576     0.750000         7495         4.00
       1.616     0.775000         7750         4.44
       1.664     0.800000         7999         5.00
       1.718     0.825000         8248         5.71
       1.783     0.850000         8497         6.67
       1.852     0.875000         8743         8.00
       1.891     0.887500         8870         8.89
       1.929     0.900000         8994        10.00
       1.977     0.912500         9118        11.43
       2.035     0.925000         9245        13.33
       2.099     0.937500         9372        16.00
       2.135     0.943750         9430        17.78
       2.187     0.950000         9494        20.00
       2.239     0.956250         9556        22.86
       2.317     0.962500         9619        26.67
       2.485     0.968750         9681        32.00
       2.583     0.971875         9712        35.56
       2.681     0.975000         9745        40.00
       2.811     0.978125         9774        45.71
       2.987     0.981250         9806        53.33
       3.159     0.984375         9836        64.00
       3.327     0.985938         9852        71.11
       3.433     0.987500         9868        80.00
       3.633     0.989062         9884        91.43
       3.751     0.990625         9899       106.67
       3.993     0.992188         9914       128.00
       4.183     0.992969         9922       142.22
       4.263     0.993750         9930       160.00
       4.347     0.994531         9938       182.86
       4.467     0.995313         9946       213.33
       4.511     0.996094         9953       256.00
       4.611     0.996484         9957       284.44
       4.651     0.996875         9961       320.00
       4.743     0.997266         9965       365.71
       4.847     0.997656         9969       426.67
       4.991     0.998047         9973       512.00
       5.031     0.998242         9975       568.89
       5.103     0.998437         9977       640.00
       5.111     0.998633         9979       731.43
       5.191     0.998828         9981       853.33
       5.399     0.999023         9983      1024.00
       5.419     0.999121         9984      1137.78
       5.431     0.999219         9986      1280.00
       5.431     0.999316         9986      1462.86
       5.515     0.999414         9987      1706.67
       5.647     0.999512         9989      2048.00
       5.647     0.999561         9989      2275.56
       5.647     0.999609         9989      2560.00
       5.647     0.999658         9989      2925.71
       5.675     0.999707         9990      3413.33
       5.675     0.999756         9990      4096.00
       5.675     0.999780         9990      4551.11
       5.771     0.999805         9991      5120.00
       5.771     0.999829         9991      5851.43
       5.771     0.999854         9991      6826.67
       5.771     0.999878         9991      8192.00
       5.771     0.999890         9991      9102.22
       5.847     0.999902         9992     10240.00
       5.847     1.000000         9992          inf
#[Mean    =        1.276, StdDeviation   =        0.620]
#[Max     =        5.844, Total count    =         9992]
#[Buckets =           27, SubBuckets     =         2048]
----------------------------------------------------------
  9994 requests in 10.00s, 1.67MB read
Requests/sec:    999.26
Transfer/sec:    170.77KB
