Running 10s test @ http://localhost
  2 threads and 10 connections
  Thread Stats   Avg      Stdev     Max   +/- Stdev
    Latency     1.44ms    2.05ms  44.93ms   99.05%
    Req/Sec       -nan      -nan   0.00      0.00%
  Latency Distribution (HdrHistogram - Recorded Latency)
 50.000%    1.31ms
 75.000%    1.56ms
 90.000%    1.78ms
 99.000%    3.43ms
 99.900%   38.24ms
 99.990%   44.64ms
 99.999%   44.96ms
100.000%   44.96ms

  Detailed Percentile spectrum:
       Value   Percentile   TotalCount 1/(1-Percentile)

       0.214     0.000000            1         1.00
       0.770     0.100000         1003         1.11
       0.944     0.200000         2004         1.25
       1.083     0.300000         3002         1.43
       1.205     0.400000         3999         1.67
       1.313     0.500000         5004         2.00
       1.363     0.550000         5508         2.22
       1.416     0.600000         6007         2.50
       1.463     0.650000         6504         2.86
       1.512     0.700000         7001         3.33
       1.564     0.750000         7494         4.00
       1.591     0.775000         7755         4.44
       1.620     0.800000         7997         5.00
       1.654     0.825000         8248         5.71
       1.691     0.850000         8498         6.67
       1.728     0.875000         8747         8.00
       1.752     0.887500         8868         8.89
       1.776     0.900000         8997        10.00
       1.804     0.912500         9119        11.43
       1.841     0.925000         9244        13.33
       1.881     0.937500         9371        16.00
       1.907     0.943750         9431        17.78
       1.934     0.950000         9493        20.00
       1.962     0.956250         9555        22.86
       2.005     0.962500         9618        26.67
       2.061     0.968750         9681        32.00
       2.097     0.971875         9711        35.56
       2.169     0.975000         9743        40.00
       2.251     0.978125         9774        45.71
       2.405     0.981250         9805        53.33
       2.677     0.984375         9836        64.00
       2.815     0.985938         9852        71.11
       3.021     0.987500         9868        80.00
       3.285     0.989062         9883        91.43
       3.539     0.990625         9899       106.67
       4.123     0.992188         9915       128.00
       4.435     0.992969         9922       142.22
       5.215     0.993750         9930       160.00
       9.607     0.994531         9938       182.86
      14.183     0.995313         9946       213.33
      19.103     0.996094         9953       256.00
      19.359     0.996484         9957       284.44
      23.743     0.996875         9961       320.00
      24.415     0.997266         9965       365.71
      28.735     0.997656         9969       426.67
      29.263     0.998047         9973       512.00
      33.919     0.998242         9975       568.89
      34.175     0.998437         9977       640.00
      34.591     0.998633         9979       731.43
      38.111     0.998828         9981       853.33
      38.399     0.999023         9983      1024.00
      39.487     0.999121         9984      1137.78
      39.615     0.999219         9987      1280.00
      39.615     0.999316         9987      1462.86
      39.615     0.999414         9987      1706.67
      39.743     0.999512         9988      2048.00
      39.743     0.999561         9988      2275.56
      43.167     0.999609         9989      2560.00
      43.167     0.999658         9989      2925.71
      43.455     0.999707         9990      3413.33
      43.455     0.999756         9990      4096.00
      43.455     0.999780         9990      4551.11
      44.639     0.999805         9991      5120.00
      44.639     0.999829         9991      5851.43
      44.639     0.999854         9991      6826.67
      44.639     0.999878         9991      8192.00
      44.639     0.999890         9991      9102.22
      44.959     0.999902         9992     10240.00
      44.959     1.000000         9992          inf
#[Mean    =        1.444, StdDeviation   =        2.055]
#[Max     =       44.928, Total count    =         9992]
#[Buckets =           27, SubBuckets     =         2048]
----------------------------------------------------------
  9997 requests in 10.00s, 1.67MB read
Requests/sec:    999.56
Transfer/sec:    170.82KB
