Running 10s test @ http://localhost
  2 threads and 10 connections
  Thread Stats   Avg      Stdev     Max   +/- Stdev
    Latency     1.21ms  663.74us  11.42ms   82.85%
    Req/Sec       -nan      -nan   0.00      0.00%
  Latency Distribution (HdrHistogram - Recorded Latency)
 50.000%    1.17ms
 75.000%    1.47ms
 90.000%    1.78ms
 99.000%    2.41ms
 99.900%    8.81ms
 99.990%   11.41ms
 99.999%   11.42ms
100.000%   11.42ms

  Detailed Percentile spectrum:
       Value   Percentile   TotalCount 1/(1-Percentile)

       0.161     0.000000            1         1.00
       0.544     0.100000         1001         1.11
       0.749     0.200000         1999         1.25
       0.922     0.300000         3001         1.43
       1.050     0.400000         4004         1.67
       1.174     0.500000         4998         2.00
       1.235     0.550000         5497         2.22
       1.292     0.600000         6002         2.50
       1.348     0.650000         6497         2.86
       1.411     0.700000         6995         3.33
       1.474     0.750000         7497         4.00
       1.506     0.775000         7744         4.44
       1.544     0.800000         8000         5.00
       1.591     0.825000         8251         5.71
       1.638     0.850000         8494         6.67
       1.703     0.875000         8745         8.00
       1.734     0.887500         8870         8.89
       1.780     0.900000         8996        10.00
       1.823     0.912500         9121        11.43
       1.866     0.925000         9248        13.33
       1.920     0.937500         9370        16.00
       1.949     0.943750         9431        17.78
       1.985     0.950000         9497        20.00
       2.024     0.956250         9556        22.86
       2.059     0.962500         9619        26.67
       2.113     0.968750         9681        32.00
       2.135     0.971875         9712        35.56
       2.163     0.975000         9745        40.00
       2.195     0.978125         9774        45.71
       2.225     0.981250         9805        53.33
       2.277     0.984375         9836        64.00
       2.323     0.985938         9852        71.11
       2.359     0.987500         9869        80.00
       2.385     0.989062         9883        91.43
       2.449     0.990625         9899       106.67
       2.723     0.992188         9914       128.00
       3.015     0.992969         9922       142.22
       3.283     0.993750         9930       160.00
       4.843     0.994531         9938       182.86
       5.295     0.995313         9946       213.33
       5.939     0.996094         9953       256.00
       6.071     0.996484         9957       284.44
       6.767     0.996875         9961       320.00
       7.015     0.997266         9965       365.71
       7.299     0.997656         9969       426.67
       7.927     0.998047         9973       512.00
       7.951     0.998242         9975       568.89
       8.107     0.998437         9977       640.00
       8.439     0.998633         9979       731.43
       8.591     0.998828         9981       853.33
       9.767     0.999023         9983      1024.00
       9.943     0.999121         9984      1137.78
      10.287     0.999219         9985      1280.00
      10.303     0.999316         9986      1462.86
      10.415     0.999414         9987      1706.67
      10.679     0.999512         9988      2048.00
      10.679     0.999561         9988      2275.56
      10.863     0.999609         9989      2560.00
      10.863     0.999658         9989      2925.71
      10.999     0.999707         9990      3413.33
      10.999     0.999756         9990      4096.00
      10.999     0.999780         9990      4551.11
      11.407     0.999805         9991      5120.00
      11.407     0.999829         9991      5851.43
      11.407     0.999854         9991      6826.67
      11.407     0.999878         9991      8192.00
      11.407     0.999890         9991      9102.22
      11.423     0.999902         9992     10240.00
      11.423     1.000000         9992          inf
#[Mean    =        1.205, StdDeviation   =        0.664]
#[Max     =       11.416, Total count    =         9992]
#[Buckets =           27, SubBuckets     =         2048]
----------------------------------------------------------
  9996 requests in 10.00s, 1.67MB read
Requests/sec:    999.45
Transfer/sec:    170.80KB
