Running 10s test @ http://localhost
  2 threads and 10 connections
  Thread Stats   Avg      Stdev     Max   +/- Stdev
    Latency     1.29ms  613.25us   7.60ms   74.96%
    Req/Sec       -nan      -nan   0.00      0.00%
  Latency Distribution (HdrHistogram - Recorded Latency)
 50.000%    1.24ms
 75.000%    1.61ms
 90.000%    1.94ms
 99.000%    3.60ms
 99.900%    5.04ms
 99.990%    7.12ms
 99.999%    7.60ms
100.000%    7.60ms

  Detailed Percentile spectrum:
       Value   Percentile   TotalCount 1/(1-Percentile)

       0.187     0.000000            1         1.00
       0.612     0.100000         1002         1.11
       0.777     0.200000         2001         1.25
       0.924     0.300000         3008         1.43
       1.079     0.400000         3998         1.67
       1.241     0.500000         5006         2.00
       1.319     0.550000         5498         2.22
       1.388     0.600000         6001         2.50
       1.458     0.650000         6500         2.86
       1.526     0.700000         6995         3.33
       1.613     0.750000         7496         4.00
       1.659     0.775000         7744         4.44
       1.706     0.800000         7994         5.00
       1.758     0.825000         8247         5.71
       1.819     0.850000         8498         6.67
       1.878     0.875000         8744         8.00
       1.907     0.887500         8868         8.89
       1.943     0.900000         8995        10.00
       1.989     0.912500         9118        11.43
       2.042     0.925000         9244        13.33
       2.099     0.937500         9370        16.00
       2.131     0.943750         9431        17.78
       2.179     0.950000         9494        20.00
       2.231     0.956250         9555        22.86
       2.309     0.962500         9618        26.67
       2.407     0.968750         9680        32.00
       2.477     0.971875         9711        35.56
       2.545     0.975000         9743        40.00
       2.665     0.978125         9774        45.71
       2.799     0.981250         9805        53.33
       2.983     0.984375         9836        64.00
       3.145     0.985938         9852        71.11
       3.343     0.987500         9868        80.00
       3.483     0.989062         9883        91.43
       3.663     0.990625         9899       106.67
       3.903     0.992188         9914       128.00
       4.077     0.992969         9922       142.22
       4.191     0.993750         9930       160.00
       4.319     0.994531         9939       182.86
       4.399     0.995313         9946       213.33
       4.479     0.996094         9954       256.00
       4.531     0.996484         9957       284.44
       4.579     0.996875         9961       320.00
       4.627     0.997266         9965       365.71
       4.811     0.997656         9969       426.67
       4.927     0.998047         9973       512.00
       4.951     0.998242         9975       568.89
       4.999     0.998437         9977       640.00
       5.003     0.998633         9979       731.43
       5.039     0.998828         9981       853.33
       5.123     0.999023         9983      1024.00
       5.247     0.999121         9984      1137.78
       5.327     0.999219         9985      1280.00
       5.391     0.999316         9986      1462.86
       5.487     0.999414         9987      1706.67
       6.387     0.999512         9988      2048.00
       6.387     0.999561         9988      2275.56
       6.415     0.999609         9989      2560.00
       6.415     0.999658         9989      2925.71
       6.455     0.999707         9990      3413.33
       6.455     0.999756         9990      4096.00
       6.455     0.999780         9990      4551.11
       7.123     0.999805         9991      5120.00
       7.123     0.999829         9991      5851.43
       7.123     0.999854         9991      6826.67
       7.123     0.999878         9991      8192.00
       7.123     0.999890         9991      9102.22
       7.599     0.999902         9992     10240.00
       7.599     1.000000         9992          inf
#[Mean    =        1.291, StdDeviation   =        0.613]
#[Max     =        7.596, Total count    =         9992]
#[Buckets =           27, SubBuckets     =         2048]
----------------------------------------------------------
  9995 requests in 10.00s, 1.67MB read
Requests/sec:    999.37
Transfer/sec:    170.79KB
