Running 10s test @ http://localhost
  2 threads and 10 connections
  Thread Stats   Avg      Stdev     Max   +/- Stdev
    Latency     1.31ms  717.62us  11.43ms   85.33%
    Req/Sec       -nan      -nan   0.00      0.00%
  Latency Distribution (HdrHistogram - Recorded Latency)
 50.000%    1.29ms
 75.000%    1.60ms
 90.000%    1.87ms
 99.000%    4.01ms
 99.900%    9.31ms
 99.990%   11.43ms
 99.999%   11.44ms
100.000%   11.44ms

  Detailed Percentile spectrum:
       Value   Percentile   TotalCount 1/(1-Percentile)

       0.234     0.000000            1         1.00
       0.609     0.100000         1001         1.11
       0.775     0.200000         1999         1.25
       0.939     0.300000         2999         1.43
       1.124     0.400000         4000         1.67
       1.292     0.500000         5001         2.00
       1.368     0.550000         5510         2.22
       1.426     0.600000         6001         2.50
       1.485     0.650000         6501         2.86
       1.543     0.700000         6995         3.33
       1.603     0.750000         7499         4.00
       1.634     0.775000         7751         4.44
       1.666     0.800000         8005         5.00
       1.701     0.825000         8252         5.71
       1.743     0.850000         8495         6.67
       1.798     0.875000         8744         8.00
       1.831     0.887500         8871         8.89
       1.865     0.900000         8994        10.00
       1.899     0.912500         9121        11.43
       1.940     0.925000         9243        13.33
       2.003     0.937500         9370        16.00
       2.041     0.943750         9430        17.78
       2.097     0.950000         9494        20.00
       2.153     0.956250         9556        22.86
       2.231     0.962500         9619        26.67
       2.317     0.968750         9680        32.00
       2.367     0.971875         9711        35.56
       2.429     0.975000         9743        40.00
       2.513     0.978125         9774        45.71
       2.691     0.981250         9805        53.33
       3.139     0.984375         9836        64.00
       3.351     0.985938         9852        71.11
       3.773     0.987500         9868        80.00
       3.967     0.989062         9883        91.43
       4.093     0.990625         9899       106.67
       4.367     0.992188         9914       128.00
       4.443     0.992969         9922       142.22
       4.547     0.993750         9930       160.00
       4.595     0.994531         9938       182.86
       4.907     0.995313         9946       213.33
       6.039     0.996094         9953       256.00
       6.459     0.996484         9957       284.44
       6.815     0.996875         9961       320.00
       7.275     0.997266         9965       365.71
       7.423     0.997656         9969       426.67
       7.835     0.998047         9973       512.00
       8.263     0.998242         9975       568.89
       8.391     0.998437         9977       640.00
       8.503     0.998633         9979       731.43
       8.607     0.998828         9981       853.33
       9.335     0.999023         9983      1024.00
       9.383     0.999121         9984      1137.78
       9.559     0.999219         9985      1280.00
       9.607     0.999316         9986      1462.86
       9.887     0.999414         9987      1706.67
      10.055     0.999512         9988      2048.00
      10.055     0.999561         9988      2275.56
      11.167     0.999609         9989      2560.00
      11.167     0.999658         9989      2925.71
      11.215     0.999707         9990      3413.33
      11.215     0.999756         9990      4096.00
      11.215     0.999780         9990      4551.11
      11.431     0.999805         9991      5120.00
      11.431     0.999829         9991      5851.43
      11.431     0.999854         9991      6826.67
      11.431     0.999878         9991      8192.00
      11.431     0.999890         9991      9102.22
      11.439     0.999902         9992     10240.00
      11.439     1.000000         9992          inf
#[Mean    =        1.308, StdDeviation   =        0.718]
#[Max     =       11.432, Total count    =         9992]
#[Buckets =           27, SubBuckets     =         2048]
----------------------------------------------------------
  9996 requests in 10.00s, 1.67MB read
Requests/sec:    999.39
Transfer/sec:    170.79KB
