Running 10s test @ http://localhost
  2 threads and 10 connections
  Thread Stats   Avg      Stdev     Max   +/- Stdev
    Latency     1.23ms  533.24us   5.19ms   69.62%
    Req/Sec       -nan      -nan   0.00      0.00%
  Latency Distribution (HdrHistogram - Recorded Latency)
 50.000%    1.20ms
 75.000%    1.54ms
 90.000%    1.88ms
 99.000%    2.72ms
 99.900%    4.43ms
 99.990%    5.17ms
 99.999%    5.19ms
100.000%    5.19ms

  Detailed Percentile spectrum:
       Value   Percentile   TotalCount 1/(1-Percentile)

       0.197     0.000000            1         1.00
       0.582     0.100000         1002         1.11
       0.764     0.200000         2004         1.25
       0.917     0.300000         2998         1.43
       1.062     0.400000         4001         1.67
       1.195     0.500000         4997         2.00
       1.263     0.550000         5497         2.22
       1.330     0.600000         6001         2.50
       1.396     0.650000         6498         2.86
       1.466     0.700000         7000         3.33
       1.541     0.750000         7496         4.00
       1.587     0.775000         7748         4.44
       1.639     0.800000         7999         5.00
       1.698     0.825000         8248         5.71
       1.753     0.850000         8495         6.67
       1.822     0.875000         8743         8.00
       1.852     0.887500         8868         8.89
       1.883     0.900000         8995        10.00
       1.924     0.912500         9119        11.43
       1.968     0.925000         9244        13.33
       2.010     0.937500         9368        16.00
       2.040     0.943750         9432        17.78
       2.065     0.950000         9494        20.00
       2.105     0.956250         9557        22.86
       2.143     0.962500         9620        26.67
       2.191     0.968750         9680        32.00
       2.221     0.971875         9712        35.56
       2.261     0.975000         9743        40.00
       2.303     0.978125         9775        45.71
       2.353     0.981250         9805        53.33
       2.443     0.984375         9836        64.00
       2.487     0.985938         9852        71.11
       2.565     0.987500         9868        80.00
       2.687     0.989062         9885        91.43
       2.783     0.990625         9901       106.67
       2.921     0.992188         9914       128.00
       3.017     0.992969         9922       142.22
       3.287     0.993750         9930       160.00
       3.403     0.994531         9938       182.86
       3.605     0.995313         9946       213.33
       3.719     0.996094         9953       256.00
       3.775     0.996484         9957       284.44
       3.861     0.996875         9961       320.00
       3.921     0.997266         9965       365.71
       3.987     0.997656         9969       426.67
       4.091     0.998047         9973       512.00
       4.179     0.998242         9975       568.89
       4.239     0.998437         9977       640.00
       4.275     0.998633         9979       731.43
       4.387     0.998828         9981       853.33
       4.563     0.999023         9983      1024.00
       4.591     0.999121         9984      1137.78
       4.759     0.999219         9985      1280.00
       4.847     0.999316         9986      1462.86
       4.939     0.999414         9987      1706.67
       4.943     0.999512         9988      2048.00
       4.943     0.999561         9988      2275.56
       4.979     0.999609         9989      2560.00
       4.979     0.999658         9989      2925.71
       5.015     0.999707         9990      3413.33
       5.015     0.999756         9990      4096.00
       5.015     0.999780         9990      4551.11
       5.167     0.999805         9991      5120.00
       5.167     0.999829         9991      5851.43
       5.167     0.999854         9991      6826.67
       5.167     0.999878         9991      8192.00
       5.167     0.999890         9991      9102.22
       5.191     0.999902         9992     10240.00
       5.191     1.000000         9992          inf
#[Mean    =        1.230, StdDeviation   =        0.533]
#[Max     =        5.188, Total count    =         9992]
#[Buckets =           27, SubBuckets     =         2048]
----------------------------------------------------------
  9995 requests in 10.00s, 1.67MB read
Requests/sec:    999.29
Transfer/sec:    170.78KB
