Running 10s test @ http://localhost
  2 threads and 10 connections
  Thread Stats   Avg      Stdev     Max   +/- Stdev
    Latency     1.23ms  476.88us   2.92ms   60.81%
    Req/Sec       -nan      -nan   0.00      0.00%
  Latency Distribution (HdrHistogram - Recorded Latency)
 50.000%    1.26ms
 75.000%    1.60ms
 90.000%    1.84ms
 99.000%    2.18ms
 99.900%    2.55ms
 99.990%    2.88ms
 99.999%    2.92ms
100.000%    2.92ms

  Detailed Percentile spectrum:
       Value   Percentile   TotalCount 1/(1-Percentile)

       0.175     0.000000            1         1.00
       0.552     0.100000         1001         1.11
       0.728     0.200000         1999         1.25
       0.947     0.300000         3001         1.43
       1.117     0.400000         3999         1.67
       1.264     0.500000         5001         2.00
       1.333     0.550000         5500         2.22
       1.400     0.600000         6004         2.50
       1.462     0.650000         6496         2.86
       1.529     0.700000         6995         3.33
       1.602     0.750000         7497         4.00
       1.640     0.775000         7751         4.44
       1.680     0.800000         8004         5.00
       1.717     0.825000         8246         5.71
       1.753     0.850000         8495         6.67
       1.798     0.875000         8743         8.00
       1.819     0.887500         8869         8.89
       1.841     0.900000         9001        10.00
       1.864     0.912500         9121        11.43
       1.887     0.925000         9243        13.33
       1.914     0.937500         9371        16.00
       1.930     0.943750         9434        17.78
       1.946     0.950000         9495        20.00
       1.966     0.956250         9558        22.86
       1.984     0.962500         9621        26.67
       2.006     0.968750         9681        32.00
       2.020     0.971875         9711        35.56
       2.035     0.975000         9743        40.00
       2.059     0.978125         9777        45.71
       2.081     0.981250         9805        53.33
       2.113     0.984375         9838        64.00
       2.129     0.985938         9852        71.11
       2.147     0.987500         9869        80.00
       2.165     0.989062         9883        91.43
       2.191     0.990625         9900       106.67
       2.213     0.992188         9914       128.00
       2.231     0.992969         9922       142.22
       2.245     0.993750         9930       160.00
       2.263     0.994531         9938       182.86
       2.289     0.995313         9946       213.33
       2.325     0.996094         9953       256.00
       2.337     0.996484         9957       284.44
       2.359     0.996875         9963       320.00
       2.369     0.997266         9965       365.71
       2.401     0.997656         9970       426.67
       2.419     0.998047         9973       512.00
       2.431     0.998242         9975       568.89
       2.455     0.998437         9977       640.00
       2.479     0.998633         9979       731.43
       2.521     0.998828         9981       853.33
       2.573     0.999023         9983      1024.00
       2.627     0.999121         9984      1137.78
       2.645     0.999219         9985      1280.00
       2.657     0.999316         9986      1462.86
       2.697     0.999414         9987      1706.67
       2.711     0.999512         9988      2048.00
       2.711     0.999561         9988      2275.56
       2.747     0.999609         9989      2560.00
       2.747     0.999658         9989      2925.71
       2.857     0.999707         9990      3413.33
       2.857     0.999756         9990      4096.00
       2.857     0.999780         9990      4551.11
       2.877     0.999805         9991      5120.00
       2.877     0.999829         9991      5851.43
       2.877     0.999854         9991      6826.67
       2.877     0.999878         9991      8192.00
       2.877     0.999890         9991      9102.22
       2.923     0.999902         9992     10240.00
       2.923     1.000000         9992          inf
#[Mean    =        1.229, StdDeviation   =        0.477]
#[Max     =        2.922, Total count    =         9992]
#[Buckets =           27, SubBuckets     =         2048]
----------------------------------------------------------
  9996 requests in 10.00s, 1.67MB read
Requests/sec:    999.51
Transfer/sec:    170.81KB
