Running 10s test @ http://localhost
  2 threads and 10 connections
  Thread Stats   Avg      Stdev     Max   +/- Stdev
    Latency     1.20ms  741.97us  12.43ms   86.34%
    Req/Sec       -nan      -nan   0.00      0.00%
  Latency Distribution (HdrHistogram - Recorded Latency)
 50.000%    1.16ms
 75.000%    1.55ms
 90.000%    1.86ms
 99.000%    2.38ms
 99.900%   10.98ms
 99.990%   12.37ms
 99.999%   12.44ms
100.000%   12.44ms

  Detailed Percentile spectrum:
       Value   Percentile   TotalCount 1/(1-Percentile)

       0.128     0.000000            1         1.00
       0.519     0.100000         1004         1.11
       0.665     0.200000         2000         1.25
       0.798     0.300000         3000         1.43
       0.972     0.400000         4004         1.67
       1.159     0.500000         5000         2.00
       1.250     0.550000         5497         2.22
       1.325     0.600000         5999         2.50
       1.396     0.650000         6495         2.86
       1.470     0.700000         6996         3.33
       1.551     0.750000         7498         4.00
       1.593     0.775000         7751         4.44
       1.637     0.800000         7994         5.00
       1.684     0.825000         8245         5.71
       1.742     0.850000         8498         6.67
       1.800     0.875000         8751         8.00
       1.829     0.887500         8870         8.89
       1.864     0.900000         8993        10.00
       1.896     0.912500         9118        11.43
       1.935     0.925000         9244        13.33
       1.975     0.937500         9369        16.00
       2.003     0.943750         9432        17.78
       2.039     0.950000         9495        20.00
       2.069     0.956250         9557        22.86
       2.105     0.962500         9618        26.67
       2.137     0.968750         9680        32.00
       2.155     0.971875         9712        35.56
       2.177     0.975000         9746        40.00
       2.197     0.978125         9774        45.71
       2.223     0.981250         9805        53.33
       2.251     0.984375         9838        64.00
       2.267     0.985938         9852        71.11
       2.297     0.987500         9868        80.00
       2.355     0.989062         9883        91.43
       2.391     0.990625         9900       106.67
       2.677     0.992188         9914       128.00
       2.887     0.992969         9922       142.22
       3.043     0.993750         9930       160.00
       5.299     0.994531         9938       182.86
       5.827     0.995313         9946       213.33
       6.399     0.996094         9953       256.00
       6.579     0.996484         9957       284.44
       6.783     0.996875         9961       320.00
       7.219     0.997266         9965       365.71
       7.535     0.997656         9969       426.67
       7.919     0.998047         9973       512.00
       8.155     0.998242         9975       568.89
      10.615     0.998437         9977       640.00
      10.735     0.998633         9979       731.43
      10.871     0.998828         9981       853.33
      11.047     0.999023         9983      1024.00
      11.191     0.999121         9984      1137.78
      11.263     0.999219         9985      1280.00
      11.615     0.999316         9986      1462.86
      11.783     0.999414         9987      1706.67
      11.919     0.999512         9988      2048.00
      11.919     0.999561         9988      2275.56
      12.095     0.999609         9989      2560.00
      12.095     0.999658         9989      2925.71
      12.367     0.999707         9991      3413.33
      12.367     0.999756         9991      4096.00
      12.367     0.999780         9991      4551.11
      12.367     0.999805         9991      5120.00
      12.367     0.999829         9991      5851.43
      12.367     0.999854         9991      6826.67
      12.367     0.999878         9991      8192.00
      12.367     0.999890         9991      9102.22
      12.439     0.999902         9992     10240.00
      12.439     1.000000         9992          inf
#[Mean    =        1.202, StdDeviation   =        0.742]
#[Max     =       12.432, Total count    =         9992]
#[Buckets =           27, SubBuckets     =         2048]
----------------------------------------------------------
  9996 requests in 10.00s, 1.67MB read
Requests/sec:    999.42
Transfer/sec:    170.80KB
