Running 10s test @ http://localhost
  2 threads and 10 connections
  Thread Stats   Avg      Stdev     Max   +/- Stdev
    Latency     1.12ms  616.47us   9.70ms   79.12%
    Req/Sec       -nan      -nan   0.00      0.00%
  Latency Distribution (HdrHistogram - Recorded Latency)
 50.000%    1.05ms
 75.000%    1.40ms
 90.000%    1.75ms
 99.000%    3.40ms
 99.900%    6.97ms
 99.990%    9.64ms
 99.999%    9.71ms
100.000%    9.71ms

  Detailed Percentile spectrum:
       Value   Percentile   TotalCount 1/(1-Percentile)

       0.195     0.000000            1         1.00
       0.498     0.100000         1001         1.11
       0.635     0.200000         2007         1.25
       0.763     0.300000         3002         1.43
       0.907     0.400000         4001         1.67
       1.053     0.500000         4998         2.00
       1.119     0.550000         5496         2.22
       1.186     0.600000         5997         2.50
       1.256     0.650000         6502         2.86
       1.327     0.700000         6998         3.33
       1.398     0.750000         7494         4.00
       1.440     0.775000         7748         4.44
       1.487     0.800000         7996         5.00
       1.534     0.825000         8244         5.71
       1.588     0.850000         8500         6.67
       1.651     0.875000         8744         8.00
       1.693     0.887500         8868         8.89
       1.751     0.900000         8993        10.00
       1.805     0.912500         9118        11.43
       1.861     0.925000         9243        13.33
       1.941     0.937500         9370        16.00
       1.982     0.943750         9430        17.78
       2.057     0.950000         9493        20.00
       2.121     0.956250         9555        22.86
       2.195     0.962500         9618        26.67
       2.295     0.968750         9682        32.00
       2.349     0.971875         9712        35.56
       2.433     0.975000         9743        40.00
       2.505     0.978125         9774        45.71
       2.663     0.981250         9805        53.33
       2.921     0.984375         9836        64.00
       3.043     0.985938         9852        71.11
       3.161     0.987500         9868        80.00
       3.309     0.989062         9883        91.43
       3.477     0.990625         9899       106.67
       3.577     0.992188         9914       128.00
       3.643     0.992969         9922       142.22
       3.739     0.993750         9930       160.00
       3.919     0.994531         9938       182.86
       4.045     0.995313         9946       213.33
       4.187     0.996094         9953       256.00
       4.223     0.996484         9957       284.44
       4.363     0.996875         9961       320.00
       4.519     0.997266         9965       365.71
       4.623     0.997656         9969       426.67
       4.999     0.998047         9973       512.00
       5.023     0.998242         9975       568.89
       5.247     0.998437         9977       640.00
       5.787     0.998633         9979       731.43
       6.155     0.998828         9981       853.33
       6.983     0.999023         9983      1024.00
       7.003     0.999121         9984      1137.78
       7.211     0.999219         9985      1280.00
       7.411     0.999316         9986      1462.86
       8.059     0.999414         9987      1706.67
       8.115     0.999512         9988      2048.00
       8.115     0.999561         9988      2275.56
       8.655     0.999609         9989      2560.00
       8.655     0.999658         9989      2925.71
       8.775     0.999707         9990      3413.33
       8.775     0.999756         9990      4096.00
       8.775     0.999780         9990      4551.11
       9.639     0.999805         9991      5120.00
       9.639     0.999829         9991      5851.43
       9.639     0.999854         9991      6826.67
       9.639     0.999878         9991      8192.00
       9.639     0.999890         9991      9102.22
       9.711     0.999902         9992     10240.00
       9.711     1.000000         9992          inf
#[Mean    =        1.123, StdDeviation   =        0.616]
#[Max     =        9.704, Total count    =         9992]
#[Buckets =           27, SubBuckets     =         2048]
----------------------------------------------------------
  9994 requests in 10.00s, 1.67MB read
Requests/sec:    999.28
Transfer/sec:    170.77KB
