Running 10s test @ http://localhost
  2 threads and 10 connections
  Thread Stats   Avg      Stdev     Max   +/- Stdev
    Latency     1.34ms  683.79us  13.82ms   80.79%
    Req/Sec       -nan      -nan   0.00      0.00%
  Latency Distribution (HdrHistogram - Recorded Latency)
 50.000%    1.26ms
 75.000%    1.63ms
 90.000%    1.97ms
 99.000%    4.16ms
 99.900%    6.21ms
 99.990%   10.10ms
 99.999%   13.82ms
100.000%   13.82ms

  Detailed Percentile spectrum:
       Value   Percentile   TotalCount 1/(1-Percentile)

       0.204     0.000000            1         1.00
       0.640     0.100000         1003         1.11
       0.827     0.200000         2002         1.25
       0.992     0.300000         3001         1.43
       1.130     0.400000         4001         1.67
       1.260     0.500000         4997         2.00
       1.326     0.550000         5499         2.22
       1.392     0.600000         6006         2.50
       1.468     0.650000         6495         2.86
       1.543     0.700000         6998         3.33
       1.631     0.750000         7497         4.00
       1.676     0.775000         7748         4.44
       1.734     0.800000         7997         5.00
       1.785     0.825000         8246         5.71
       1.838     0.850000         8497         6.67
       1.890     0.875000         8743         8.00
       1.926     0.887500         8873         8.89
       1.965     0.900000         8995        10.00
       2.016     0.912500         9118        11.43
       2.067     0.925000         9244        13.33
       2.133     0.937500         9368        16.00
       2.179     0.943750         9431        17.78
       2.249     0.950000         9492        20.00
       2.329     0.956250         9554        22.86
       2.451     0.962500         9617        26.67
       2.645     0.968750         9679        32.00
       2.749     0.971875         9711        35.56
       2.921     0.975000         9742        40.00
       3.049     0.978125         9773        45.71
       3.249     0.981250         9804        53.33
       3.489     0.984375         9835        64.00
       3.653     0.985938         9851        71.11
       3.821     0.987500         9868        80.00
       3.965     0.989062         9882        91.43
       4.275     0.990625         9898       106.67
       4.503     0.992188         9913       128.00
       4.563     0.992969         9922       142.22
       4.651     0.993750         9929       160.00
       4.755     0.994531         9937       182.86
       4.907     0.995313         9945       213.33
       4.967     0.996094         9952       256.00
       5.023     0.996484         9956       284.44
       5.071     0.996875         9960       320.00
       5.227     0.997266         9964       365.71
       5.447     0.997656         9968       426.67
       5.563     0.998047         9972       512.00
       5.611     0.998242         9974       568.89
       5.707     0.998437         9976       640.00
       5.743     0.998633         9978       731.43
       6.067     0.998828         9980       853.33
       6.271     0.999023         9982      1024.00
       6.495     0.999121         9983      1137.78
       6.891     0.999219         9984      1280.00
       7.459     0.999316         9985      1462.86
       7.507     0.999414         9986      1706.67
       7.571     0.999512         9987      2048.00
       7.571     0.999561         9987      2275.56
       8.511     0.999609         9988      2560.00
       8.511     0.999658         9988      2925.71
       9.799     0.999707         9989      3413.33
       9.799     0.999756         9989      4096.00
       9.799     0.999780         9989      4551.11
      10.103     0.999805         9990      5120.00
      10.103     0.999829         9990      5851.43
      10.103     0.999854         9990      6826.67
      10.103     0.999878         9990      8192.00
      10.103     0.999890         9990      9102.22
      13.823     0.999902         9991     10240.00
      13.823     1.000000         9991          inf
#[Mean    =        1.336, StdDeviation   =        0.684]
#[Max     =       13.816, Total count    =         9991]
#[Buckets =           27, SubBuckets     =         2048]
----------------------------------------------------------
  9993 requests in 10.00s, 1.67MB read
Requests/sec:    999.21
Transfer/sec:    170.76KB
