Running 10s test @ http://localhost
  2 threads and 10 connections
  Thread Stats   Avg      Stdev     Max   +/- Stdev
    Latency     1.20ms  818.79us  12.58ms   92.41%
    Req/Sec       -nan      -nan   0.00      0.00%
  Latency Distribution (HdrHistogram - Recorded Latency)
 50.000%    1.13ms
 75.000%    1.53ms
 90.000%    1.84ms
 99.000%    2.39ms
 99.900%   11.08ms
 99.990%   12.41ms
 99.999%   12.58ms
100.000%   12.58ms

  Detailed Percentile spectrum:
       Value   Percentile   TotalCount 1/(1-Percentile)

       0.174     0.000000            1         1.00
       0.498     0.100000         1006         1.11
       0.638     0.200000         2001         1.25
       0.778     0.300000         2999         1.43
       0.957     0.400000         4000         1.67
       1.131     0.500000         4998         2.00
       1.213     0.550000         5496         2.22
       1.295     0.600000         5998         2.50
       1.374     0.650000         6495         2.86
       1.451     0.700000         6996         3.33
       1.534     0.750000         7496         4.00
       1.577     0.775000         7751         4.44
       1.624     0.800000         8002         5.00
       1.669     0.825000         8250         5.71
       1.725     0.850000         8497         6.67
       1.783     0.875000         8743         8.00
       1.811     0.887500         8871         8.89
       1.841     0.900000         8994        10.00
       1.874     0.912500         9119        11.43
       1.917     0.925000         9243        13.33
       1.954     0.937500         9368        16.00
       1.977     0.943750         9433        17.78
       2.000     0.950000         9500        20.00
       2.031     0.956250         9555        22.86
       2.057     0.962500         9624        26.67
       2.091     0.968750         9680        32.00
       2.107     0.971875         9711        35.56
       2.131     0.975000         9744        40.00
       2.149     0.978125         9775        45.71
       2.179     0.981250         9805        53.33
       2.211     0.984375         9836        64.00
       2.241     0.985938         9852        71.11
       2.281     0.987500         9868        80.00
       2.329     0.989062         9883        91.43
       2.613     0.990625         9899       106.67
       5.075     0.992188         9914       128.00
       5.615     0.992969         9922       142.22
       5.887     0.993750         9930       160.00
       6.139     0.994531         9938       182.86
       6.655     0.995313         9946       213.33
       7.399     0.996094         9953       256.00
       7.623     0.996484         9957       284.44
       8.067     0.996875         9961       320.00
       9.239     0.997266         9965       365.71
       9.999     0.997656         9969       426.67
      10.135     0.998047         9973       512.00
      10.383     0.998242         9975       568.89
      10.615     0.998437         9977       640.00
      10.719     0.998633         9979       731.43
      11.071     0.998828         9981       853.33
      11.111     0.999023         9983      1024.00
      11.215     0.999121         9984      1137.78
      11.327     0.999219         9985      1280.00
      11.487     0.999316         9986      1462.86
      11.711     0.999414         9987      1706.67
      12.047     0.999512         9988      2048.00
      12.047     0.999561         9988      2275.56
      12.127     0.999609         9989      2560.00
      12.127     0.999658         9989      2925.71
      12.327     0.999707         9990      3413.33
      12.327     0.999756         9990      4096.00
      12.327     0.999780         9990      4551.11
      12.407     0.999805         9991      5120.00
      12.407     0.999829         9991      5851.43
      12.407     0.999854         9991      6826.67
      12.407     0.999878         9991      8192.00
      12.407     0.999890         9991      9102.22
      12.583     0.999902         9992     10240.00
      12.583     1.000000         9992          inf
#[Mean    =        1.195, StdDeviation   =        0.819]
#[Max     =       12.576, Total count    =         9992]
#[Buckets =           27, SubBuckets     =         2048]
----------------------------------------------------------
  9996 requests in 10.00s, 1.67MB read
Requests/sec:    999.46
Transfer/sec:    170.81KB
