Running 10s test @ http://localhost
  2 threads and 10 connections
  Thread Stats   Avg      Stdev     Max   +/- Stdev
    Latency     1.09ms  702.07us  11.84ms   85.60%
    Req/Sec       -nan      -nan   0.00      0.00%
  Latency Distribution (HdrHistogram - Recorded Latency)
 50.000%    1.02ms
 75.000%    1.44ms
 90.000%    1.76ms
 99.000%    2.19ms
 99.900%   10.96ms
 99.990%   11.55ms
 99.999%   11.85ms
100.000%   11.85ms

  Detailed Percentile spectrum:
       Value   Percentile   TotalCount 1/(1-Percentile)

       0.156     0.000000            1         1.00
       0.454     0.100000         1005         1.11
       0.567     0.200000         1999         1.25
       0.700     0.300000         2999         1.43
       0.864     0.400000         3998         1.67
       1.018     0.500000         5001         2.00
       1.100     0.550000         5500         2.22
       1.185     0.600000         5996         2.50
       1.274     0.650000         6501         2.86
       1.357     0.700000         7004         3.33
       1.437     0.750000         7497         4.00
       1.483     0.775000         7747         4.44
       1.521     0.800000         7995         5.00
       1.573     0.825000         8247         5.71
       1.622     0.850000         8496         6.67
       1.680     0.875000         8743         8.00
       1.719     0.887500         8868         8.89
       1.760     0.900000         8996        10.00
       1.800     0.912500         9125        11.43
       1.843     0.925000         9244        13.33
       1.888     0.937500         9370        16.00
       1.907     0.943750         9430        17.78
       1.930     0.950000         9493        20.00
       1.961     0.956250         9557        22.86
       1.984     0.962500         9618        26.67
       2.014     0.968750         9682        32.00
       2.029     0.971875         9714        35.56
       2.045     0.975000         9743        40.00
       2.071     0.978125         9777        45.71
       2.093     0.981250         9806        53.33
       2.117     0.984375         9838        64.00
       2.135     0.985938         9852        71.11
       2.153     0.987500         9868        80.00
       2.173     0.989062         9883        91.43
       2.195     0.990625         9901       106.67
       2.219     0.992188         9914       128.00
       2.251     0.992969         9922       142.22
       2.305     0.993750         9930       160.00
       2.415     0.994531         9938       182.86
       5.647     0.995313         9946       213.33
       6.251     0.996094         9953       256.00
       6.435     0.996484         9957       284.44
       6.595     0.996875         9961       320.00
       6.759     0.997266         9965       365.71
       6.895     0.997656         9969       426.67
       7.191     0.998047         9973       512.00
       7.527     0.998242         9975       568.89
       7.767     0.998437         9977       640.00
      10.615     0.998633         9979       731.43
      10.959     0.998828         9982       853.33
      11.111     0.999023         9983      1024.00
      11.135     0.999121         9984      1137.78
      11.255     0.999219         9985      1280.00
      11.287     0.999316         9986      1462.86
      11.295     0.999414         9987      1706.67
      11.383     0.999512         9989      2048.00
      11.383     0.999561         9989      2275.56
      11.383     0.999609         9989      2560.00
      11.383     0.999658         9989      2925.71
      11.423     0.999707         9990      3413.33
      11.423     0.999756         9990      4096.00
      11.423     0.999780         9990      4551.11
      11.551     0.999805         9991      5120.00
      11.551     0.999829         9991      5851.43
      11.551     0.999854         9991      6826.67
      11.551     0.999878         9991      8192.00
      11.551     0.999890         9991      9102.22
      11.847     0.999902         9992     10240.00
      11.847     1.000000         9992          inf
#[Mean    =        1.092, StdDeviation   =        0.702]
#[Max     =       11.840, Total count    =         9992]
#[Buckets =           27, SubBuckets     =         2048]
----------------------------------------------------------
  9994 requests in 10.00s, 1.67MB read
Requests/sec:    999.34
Transfer/sec:    170.79KB
