Running 10s test @ http://localhost
  2 threads and 10 connections
  Thread Stats   Avg      Stdev     Max   +/- Stdev
    Latency     1.09ms  612.30us  12.21ms   80.89%
    Req/Sec       -nan      -nan   0.00      0.00%
  Latency Distribution (HdrHistogram - Recorded Latency)
 50.000%    1.05ms
 75.000%    1.40ms
 90.000%    1.68ms
 99.000%    2.17ms
 99.900%    9.74ms
 99.990%   12.06ms
 99.999%   12.22ms
100.000%   12.22ms

  Detailed Percentile spectrum:
       Value   Percentile   TotalCount 1/(1-Percentile)

       0.167     0.000000            1         1.00
       0.476     0.100000         1001         1.11
       0.625     0.200000         2002         1.25
       0.767     0.300000         2998         1.43
       0.907     0.400000         4001         1.67
       1.049     0.500000         4998         2.00
       1.124     0.550000         5507         2.22
       1.195     0.600000         6009         2.50
       1.262     0.650000         6498         2.86
       1.332     0.700000         6997         3.33
       1.401     0.750000         7495         4.00
       1.437     0.775000         7748         4.44
       1.475     0.800000         8003         5.00
       1.515     0.825000         8249         5.71
       1.563     0.850000         8494         6.67
       1.619     0.875000         8745         8.00
       1.648     0.887500         8869         8.89
       1.676     0.900000         8994        10.00
       1.713     0.912500         9120        11.43
       1.751     0.925000         9246        13.33
       1.792     0.937500         9370        16.00
       1.811     0.943750         9432        17.78
       1.829     0.950000         9497        20.00
       1.849     0.956250         9556        22.86
       1.880     0.962500         9618        26.67
       1.919     0.968750         9682        32.00
       1.942     0.971875         9711        35.56
       1.962     0.975000         9745        40.00
       1.981     0.978125         9776        45.71
       2.004     0.981250         9805        53.33
       2.053     0.984375         9836        64.00
       2.077     0.985938         9854        71.11
       2.093     0.987500         9868        80.00
       2.129     0.989062         9883        91.43
       2.181     0.990625         9900       106.67
       2.233     0.992188         9914       128.00
       2.263     0.992969         9923       142.22
       2.281     0.993750         9930       160.00
       2.317     0.994531         9938       182.86
       2.403     0.995313         9946       213.33
       2.643     0.996094         9953       256.00
       4.819     0.996484         9957       284.44
       5.395     0.996875         9961       320.00
       5.855     0.997266         9965       365.71
       6.023     0.997656         9969       426.67
       6.707     0.998047         9973       512.00
       6.899     0.998242         9975       568.89
       7.115     0.998437         9977       640.00
       7.315     0.998633         9979       731.43
       9.583     0.998828         9981       853.33
      10.079     0.999023         9983      1024.00
      10.151     0.999121         9984      1137.78
      10.199     0.999219         9985      1280.00
      10.359     0.999316         9986      1462.86
      10.535     0.999414         9987      1706.67
      10.703     0.999512         9988      2048.00
      10.703     0.999561         9988      2275.56
      10.767     0.999609         9989      2560.00
      10.767     0.999658         9989      2925.71
      11.111     0.999707         9990      3413.33
      11.111     0.999756         9990      4096.00
      11.111     0.999780         9990      4551.11
      12.055     0.999805         9991      5120.00
      12.055     0.999829         9991      5851.43
      12.055     0.999854         9991      6826.67
      12.055     0.999878         9991      8192.00
      12.055     0.999890         9991      9102.22
      12.215     0.999902         9992     10240.00
      12.215     1.000000         9992          inf
#[Mean    =        1.088, StdDeviation   =        0.612]
#[Max     =       12.208, Total count    =         9992]
#[Buckets =           27, SubBuckets     =         2048]
----------------------------------------------------------
  9994 requests in 10.00s, 1.67MB read
Requests/sec:    999.19
Transfer/sec:    170.76KB
