Running 10s test @ http://localhost
  2 threads and 10 connections
  Thread Stats   Avg      Stdev     Max   +/- Stdev
    Latency     1.18ms  685.27us  10.55ms   87.06%
    Req/Sec       -nan      -nan   0.00      0.00%
  Latency Distribution (HdrHistogram - Recorded Latency)
 50.000%    1.11ms
 75.000%    1.47ms
 90.000%    1.73ms
 99.000%    3.51ms
 99.900%    9.27ms
 99.990%   10.45ms
 99.999%   10.56ms
100.000%   10.56ms

  Detailed Percentile spectrum:
       Value   Percentile   TotalCount 1/(1-Percentile)

       0.139     0.000000            1         1.00
       0.551     0.100000         1005         1.11
       0.703     0.200000         2005         1.25
       0.834     0.300000         3004         1.43
       0.971     0.400000         4000         1.67
       1.110     0.500000         4998         2.00
       1.184     0.550000         5497         2.22
       1.249     0.600000         6003         2.50
       1.319     0.650000         6495         2.86
       1.392     0.700000         7000         3.33
       1.467     0.750000         7497         4.00
       1.507     0.775000         7746         4.44
       1.543     0.800000         7994         5.00
       1.581     0.825000         8250         5.71
       1.621     0.850000         8494         6.67
       1.669     0.875000         8748         8.00
       1.698     0.887500         8871         8.89
       1.733     0.900000         8993        10.00
       1.773     0.912500         9120        11.43
       1.820     0.925000         9249        13.33
       1.868     0.937500         9371        16.00
       1.902     0.943750         9430        17.78
       1.950     0.950000         9493        20.00
       2.014     0.956250         9555        22.86
       2.101     0.962500         9619        26.67
       2.177     0.968750         9682        32.00
       2.219     0.971875         9711        35.56
       2.285     0.975000         9744        40.00
       2.359     0.978125         9774        45.71
       2.435     0.981250         9805        53.33
       2.625     0.984375         9836        64.00
       2.759     0.985938         9852        71.11
       2.901     0.987500         9868        80.00
       3.331     0.989062         9883        91.43
       3.823     0.990625         9899       106.67
       4.119     0.992188         9914       128.00
       4.491     0.992969         9922       142.22
       4.623     0.993750         9931       160.00
       4.731     0.994531         9938       182.86
       4.819     0.995313         9946       213.33
       5.323     0.996094         9953       256.00
       6.331     0.996484         9957       284.44
       6.515     0.996875         9961       320.00
       6.743     0.997266         9965       365.71
       7.099     0.997656         9969       426.67
       7.359     0.998047         9973       512.00
       7.619     0.998242         9975       568.89
       8.983     0.998437         9977       640.00
       9.055     0.998633         9979       731.43
       9.231     0.998828         9981       853.33
       9.359     0.999023         9983      1024.00
       9.607     0.999121         9984      1137.78
       9.647     0.999219         9985      1280.00
       9.711     0.999316         9986      1462.86
       9.895     0.999414         9987      1706.67
       9.927     0.999512         9988      2048.00
       9.927     0.999561         9988      2275.56
      10.039     0.999609         9989      2560.00
      10.039     0.999658         9989      2925.71
      10.215     0.999707         9990      3413.33
      10.215     0.999756         9990      4096.00
      10.215     0.999780         9990      4551.11
      10.447     0.999805         9991      5120.00
      10.447     0.999829         9991      5851.43
      10.447     0.999854         9991      6826.67
      10.447     0.999878         9991      8192.00
      10.447     0.999890         9991      9102.22
      10.559     0.999902         9992     10240.00
      10.559     1.000000         9992          inf
#[Mean    =        1.178, StdDeviation   =        0.685]
#[Max     =       10.552, Total count    =         9992]
#[Buckets =           27, SubBuckets     =         2048]
----------------------------------------------------------
  9994 requests in 10.00s, 1.67MB read
Requests/sec:    999.29
Transfer/sec:    170.78KB
