Running 10s test @ http://localhost
  2 threads and 10 connections
  Thread Stats   Avg      Stdev     Max   +/- Stdev
    Latency     1.14ms  637.78us  11.03ms   73.29%
    Req/Sec       -nan      -nan   0.00      0.00%
  Latency Distribution (HdrHistogram - Recorded Latency)
 50.000%    1.15ms
 75.000%    1.52ms
 90.000%    1.81ms
 99.000%    2.28ms
 99.900%    8.27ms
 99.990%    8.79ms
 99.999%   11.04ms
100.000%   11.04ms

  Detailed Percentile spectrum:
       Value   Percentile   TotalCount 1/(1-Percentile)

       0.120     0.000000            1         1.00
       0.421     0.100000         1005         1.11
       0.577     0.200000         2007         1.25
       0.739     0.300000         3002         1.43
       0.923     0.400000         4003         1.67
       1.146     0.500000         5000         2.00
       1.233     0.550000         5498         2.22
       1.304     0.600000         6004         2.50
       1.369     0.650000         6495         2.86
       1.444     0.700000         6995         3.33
       1.520     0.750000         7496         4.00
       1.562     0.775000         7747         4.44
       1.606     0.800000         7997         5.00
       1.654     0.825000         8245         5.71
       1.704     0.850000         8498         6.67
       1.760     0.875000         8745         8.00
       1.788     0.887500         8870         8.89
       1.814     0.900000         8993        10.00
       1.843     0.912500         9121        11.43
       1.873     0.925000         9243        13.33
       1.905     0.937500         9368        16.00
       1.925     0.943750         9435        17.78
       1.946     0.950000         9494        20.00
       1.970     0.956250         9555        22.86
       2.003     0.962500         9618        26.67
       2.041     0.968750         9682        32.00
       2.063     0.971875         9714        35.56
       2.085     0.975000         9748        40.00
       2.109     0.978125         9775        45.71
       2.147     0.981250         9806        53.33
       2.177     0.984375         9837        64.00
       2.195     0.985938         9852        71.11
       2.227     0.987500         9868        80.00
       2.251     0.989062         9883        91.43
       2.301     0.990625         9899       106.67
       2.363     0.992188         9914       128.00
       2.401     0.992969         9922       142.22
       2.459     0.993750         9930       160.00
       2.563     0.994531         9938       182.86
       2.849     0.995313         9946       213.33
       3.497     0.996094         9953       256.00
       3.577     0.996484         9957       284.44
       4.887     0.996875         9961       320.00
       5.623     0.997266         9965       365.71
       6.519     0.997656         9969       426.67
       7.127     0.998047         9973       512.00
       7.463     0.998242         9975       568.89
       8.083     0.998437         9977       640.00
       8.187     0.998633         9979       731.43
       8.223     0.998828         9981       853.33
       8.295     0.999023         9983      1024.00
       8.327     0.999121         9984      1137.78
       8.335     0.999219         9985      1280.00
       8.351     0.999316         9986      1462.86
       8.367     0.999414         9987      1706.67
       8.423     0.999512         9988      2048.00
       8.423     0.999561         9988      2275.56
       8.567     0.999609         9989      2560.00
       8.567     0.999658         9989      2925.71
       8.679     0.999707         9990      3413.33
       8.679     0.999756         9990      4096.00
       8.679     0.999780         9990      4551.11
       8.791     0.999805         9991      5120.00
       8.791     0.999829         9991      5851.43
       8.791     0.999854         9991      6826.67
       8.791     0.999878         9991      8192.00
       8.791     0.999890         9991      9102.22
      11.039     0.999902         9992     10240.00
      11.039     1.000000         9992          inf
#[Mean    =        1.136, StdDeviation   =        0.638]
#[Max     =       11.032, Total count    =         9992]
#[Buckets =           27, SubBuckets     =         2048]
----------------------------------------------------------
  9997 requests in 10.00s, 1.67MB read
Requests/sec:    999.57
Transfer/sec:    170.82KB
