Running 10s test @ http://localhost
  2 threads and 10 connections
  Thread Stats   Avg      Stdev     Max   +/- Stdev
    Latency     1.12ms  677.72us  12.04ms   85.38%
    Req/Sec       -nan      -nan   0.00      0.00%
  Latency Distribution (HdrHistogram - Recorded Latency)
 50.000%    1.09ms
 75.000%    1.44ms
 90.000%    1.69ms
 99.000%    2.20ms
 99.900%   10.14ms
 99.990%   11.92ms
 99.999%   12.05ms
100.000%   12.05ms

  Detailed Percentile spectrum:
       Value   Percentile   TotalCount 1/(1-Percentile)

       0.151     0.000000            1         1.00
       0.482     0.100000         1002         1.11
       0.655     0.200000         2003         1.25
       0.802     0.300000         3001         1.43
       0.944     0.400000         4001         1.67
       1.093     0.500000         4997         2.00
       1.158     0.550000         5496         2.22
       1.226     0.600000         5998         2.50
       1.303     0.650000         6497         2.86
       1.370     0.700000         6997         3.33
       1.436     0.750000         7494         4.00
       1.472     0.775000         7746         4.44
       1.509     0.800000         8000         5.00
       1.546     0.825000         8244         5.71
       1.590     0.850000         8494         6.67
       1.637     0.875000         8744         8.00
       1.662     0.887500         8870         8.89
       1.691     0.900000         8993        10.00
       1.725     0.912500         9119        11.43
       1.761     0.925000         9250        13.33
       1.803     0.937500         9371        16.00
       1.825     0.943750         9432        17.78
       1.855     0.950000         9493        20.00
       1.883     0.956250         9556        22.86
       1.912     0.962500         9619        26.67
       1.946     0.968750         9681        32.00
       1.963     0.971875         9711        35.56
       1.986     0.975000         9745        40.00
       2.005     0.978125         9774        45.71
       2.034     0.981250         9805        53.33
       2.067     0.984375         9836        64.00
       2.101     0.985938         9852        71.11
       2.127     0.987500         9869        80.00
       2.163     0.989062         9883        91.43
       2.219     0.990625         9899       106.67
       2.305     0.992188         9914       128.00
       2.349     0.992969         9922       142.22
       2.695     0.993750         9930       160.00
       4.287     0.994531         9938       182.86
       5.627     0.995313         9946       213.33
       6.311     0.996094         9953       256.00
       6.559     0.996484         9957       284.44
       6.823     0.996875         9961       320.00
       6.967     0.997266         9965       365.71
       7.247     0.997656         9969       426.67
       7.531     0.998047         9973       512.00
       8.071     0.998242         9975       568.89
       8.399     0.998437         9977       640.00
       8.711     0.998633         9979       731.43
      10.047     0.998828         9981       853.33
      10.279     0.999023         9983      1024.00
      10.511     0.999121         9984      1137.78
      11.007     0.999219         9985      1280.00
      11.039     0.999316         9986      1462.86
      11.047     0.999414         9987      1706.67
      11.223     0.999512         9988      2048.00
      11.223     0.999561         9988      2275.56
      11.319     0.999609         9989      2560.00
      11.319     0.999658         9989      2925.71
      11.863     0.999707         9990      3413.33
      11.863     0.999756         9990      4096.00
      11.863     0.999780         9990      4551.11
      11.919     0.999805         9991      5120.00
      11.919     0.999829         9991      5851.43
      11.919     0.999854         9991      6826.67
      11.919     0.999878         9991      8192.00
      11.919     0.999890         9991      9102.22
      12.047     0.999902         9992     10240.00
      12.047     1.000000         9992          inf
#[Mean    =        1.124, StdDeviation   =        0.678]
#[Max     =       12.040, Total count    =         9992]
#[Buckets =           27, SubBuckets     =         2048]
----------------------------------------------------------
  9995 requests in 10.00s, 1.67MB read
Requests/sec:    999.30
Transfer/sec:    170.78KB
