Running 10s test @ http://localhost
  2 threads and 10 connections
  Thread Stats   Avg      Stdev     Max   +/- Stdev
    Latency     1.32ms    1.98ms  42.21ms   98.95%
    Req/Sec       -nan      -nan   0.00      0.00%
  Latency Distribution (HdrHistogram - Recorded Latency)
 50.000%    1.20ms
 75.000%    1.48ms
 90.000%    1.72ms
 99.000%    5.09ms
 99.900%   36.35ms
 99.990%   41.76ms
 99.999%   42.24ms
100.000%   42.24ms

  Detailed Percentile spectrum:
       Value   Percentile   TotalCount 1/(1-Percentile)

       0.155     0.000000            1         1.00
       0.528     0.100000         1003         1.11
       0.775     0.200000         2003         1.25
       0.942     0.300000         2998         1.43
       1.080     0.400000         3999         1.67
       1.202     0.500000         5003         2.00
       1.259     0.550000         5502         2.22
       1.312     0.600000         6004         2.50
       1.364     0.650000         6496         2.86
       1.422     0.700000         6996         3.33
       1.481     0.750000         7502         4.00
       1.512     0.775000         7745         4.44
       1.548     0.800000         7995         5.00
       1.588     0.825000         8245         5.71
       1.632     0.850000         8499         6.67
       1.673     0.875000         8753         8.00
       1.698     0.887500         8874         8.89
       1.717     0.900000         8994        10.00
       1.742     0.912500         9118        11.43
       1.773     0.925000         9247        13.33
       1.810     0.937500         9368        16.00
       1.826     0.943750         9433        17.78
       1.847     0.950000         9493        20.00
       1.871     0.956250         9558        22.86
       1.900     0.962500         9622        26.67
       1.930     0.968750         9682        32.00
       1.944     0.971875         9713        35.56
       1.968     0.975000         9744        40.00
       1.995     0.978125         9775        45.71
       2.030     0.981250         9806        53.33
       2.083     0.984375         9837        64.00
       2.123     0.985938         9852        71.11
       2.207     0.987500         9868        80.00
       2.665     0.989062         9883        91.43
       5.731     0.990625         9899       106.67
       7.147     0.992188         9914       128.00
       7.555     0.992969         9922       142.22
       9.583     0.993750         9930       160.00
      11.215     0.994531         9938       182.86
      12.367     0.995313         9947       213.33
      16.815     0.996094         9953       256.00
      17.359     0.996484         9957       284.44
      21.999     0.996875         9961       320.00
      24.431     0.997266         9965       365.71
      27.135     0.997656         9969       426.67
      27.599     0.998047         9973       512.00
      31.743     0.998242         9975       568.89
      31.951     0.998437         9977       640.00
      32.111     0.998633         9979       731.43
      35.999     0.998828         9981       853.33
      36.479     0.999023         9983      1024.00
      36.703     0.999121         9984      1137.78
      36.767     0.999219         9985      1280.00
      36.831     0.999316         9986      1462.86
      37.151     0.999414         9987      1706.67
      37.279     0.999512         9988      2048.00
      37.279     0.999561         9988      2275.56
      41.311     0.999609         9989      2560.00
      41.311     0.999658         9989      2925.71
      41.471     0.999707         9990      3413.33
      41.471     0.999756         9990      4096.00
      41.471     0.999780         9990      4551.11
      41.759     0.999805         9991      5120.00
      41.759     0.999829         9991      5851.43
      41.759     0.999854         9991      6826.67
      41.759     0.999878         9991      8192.00
      41.759     0.999890         9991      9102.22
      42.239     0.999902         9992     10240.00
      42.239     1.000000         9992          inf
#[Mean    =        1.319, StdDeviation   =        1.980]
#[Max     =       42.208, Total count    =         9992]
#[Buckets =           27, SubBuckets     =         2048]
----------------------------------------------------------
  9996 requests in 10.00s, 1.67MB read
Requests/sec:    999.49
Transfer/sec:    170.81KB
