Running 10s test @ http://localhost
  2 threads and 10 connections
  Thread Stats   Avg      Stdev     Max   +/- Stdev
    Latency     1.14ms  648.93us  11.49ms   85.28%
    Req/Sec       -nan      -nan   0.00      0.00%
  Latency Distribution (HdrHistogram - Recorded Latency)
 50.000%    1.12ms
 75.000%    1.42ms
 90.000%    1.68ms
 99.000%    2.16ms
 99.900%    9.07ms
 99.990%   11.49ms
 99.999%   11.49ms
100.000%   11.49ms

  Detailed Percentile spectrum:
       Value   Percentile   TotalCount 1/(1-Percentile)

       0.141     0.000000            1         1.00
       0.512     0.100000         1003         1.11
       0.681     0.200000         2005         1.25
       0.847     0.300000         2999         1.43
       0.998     0.400000         3999         1.67
       1.119     0.500000         4999         2.00
       1.179     0.550000         5496         2.22
       1.237     0.600000         6003         2.50
       1.299     0.650000         6499         2.86
       1.359     0.700000         6996         3.33
       1.425     0.750000         7498         4.00
       1.459     0.775000         7744         4.44
       1.494     0.800000         7996         5.00
       1.537     0.825000         8248         5.71
       1.580     0.850000         8496         6.67
       1.624     0.875000         8749         8.00
       1.649     0.887500         8870         8.89
       1.676     0.900000         8995        10.00
       1.714     0.912500         9121        11.43
       1.745     0.925000         9246        13.33
       1.780     0.937500         9371        16.00
       1.799     0.943750         9434        17.78
       1.819     0.950000         9494        20.00
       1.840     0.956250         9557        22.86
       1.871     0.962500         9619        26.67
       1.906     0.968750         9685        32.00
       1.922     0.971875         9712        35.56
       1.942     0.975000         9746        40.00
       1.960     0.978125         9774        45.71
       2.009     0.981250         9806        53.33
       2.033     0.984375         9836        64.00
       2.061     0.985938         9852        71.11
       2.095     0.987500         9869        80.00
       2.151     0.989062         9883        91.43
       2.187     0.990625         9900       106.67
       2.247     0.992188         9914       128.00
       2.299     0.992969         9922       142.22
       2.401     0.993750         9930       160.00
       3.471     0.994531         9938       182.86
       5.071     0.995313         9946       213.33
       6.311     0.996094         9953       256.00
       6.547     0.996484         9957       284.44
       6.719     0.996875         9961       320.00
       6.907     0.997266         9965       365.71
       7.079     0.997656         9969       426.67
       7.567     0.998047         9973       512.00
       7.731     0.998242         9975       568.89
       7.739     0.998437         9977       640.00
       7.799     0.998633         9979       731.43
       8.551     0.998828         9981       853.33
      10.719     0.999023         9983      1024.00
      10.807     0.999121         9984      1137.78
      10.975     0.999219         9985      1280.00
      10.991     0.999316         9986      1462.86
      11.007     0.999414         9987      1706.67
      11.191     0.999512         9988      2048.00
      11.191     0.999561         9988      2275.56
      11.327     0.999609         9989      2560.00
      11.327     0.999658         9989      2925.71
      11.479     0.999707         9990      3413.33
      11.479     0.999756         9990      4096.00
      11.479     0.999780         9990      4551.11
      11.495     0.999805         9992      5120.00
      11.495     1.000000         9992          inf
#[Mean    =        1.139, StdDeviation   =        0.649]
#[Max     =       11.488, Total count    =         9992]
#[Buckets =           27, SubBuckets     =         2048]
----------------------------------------------------------
  9994 requests in 10.00s, 1.67MB read
Requests/sec:    999.29
Transfer/sec:    170.78KB
