Running 10s test @ http://localhost
  2 threads and 10 connections
  Thread Stats   Avg      Stdev     Max   +/- Stdev
    Latency     1.29ms    2.47ms  46.88ms   98.61%
    Req/Sec       -nan      -nan   0.00      0.00%
  Latency Distribution (HdrHistogram - Recorded Latency)
 50.000%    1.06ms
 75.000%    1.41ms
 90.000%    1.73ms
 99.000%    7.35ms
 99.900%   40.70ms
 99.990%   46.01ms
 99.999%   46.91ms
100.000%   46.91ms

  Detailed Percentile spectrum:
       Value   Percentile   TotalCount 1/(1-Percentile)

       0.087     0.000000            1         1.00
       0.454     0.100000         1004         1.11
       0.597     0.200000         2000         1.25
       0.743     0.300000         3001         1.43
       0.894     0.400000         3998         1.67
       1.057     0.500000         4998         2.00
       1.132     0.550000         5503         2.22
       1.203     0.600000         5999         2.50
       1.269     0.650000         6500         2.86
       1.338     0.700000         6999         3.33
       1.407     0.750000         7498         4.00
       1.446     0.775000         7744         4.44
       1.489     0.800000         8000         5.00
       1.536     0.825000         8244         5.71
       1.591     0.850000         8494         6.67
       1.656     0.875000         8744         8.00
       1.688     0.887500         8870         8.89
       1.733     0.900000         8993        10.00
       1.781     0.912500         9119        11.43
       1.827     0.925000         9243        13.33
       1.880     0.937500         9370        16.00
       1.912     0.943750         9433        17.78
       1.940     0.950000         9495        20.00
       1.976     0.956250         9560        22.86
       2.020     0.962500         9620        26.67
       2.079     0.968750         9682        32.00
       2.117     0.971875         9711        35.56
       2.169     0.975000         9744        40.00
       2.243     0.978125         9774        45.71
       2.325     0.981250         9805        53.33
       2.757     0.984375         9836        64.00
       3.613     0.985938         9852        71.11
       5.739     0.987500         9868        80.00
       6.767     0.989062         9883        91.43
       7.619     0.990625         9899       106.67
      10.455     0.992188         9914       128.00
      11.535     0.992969         9922       142.22
      12.919     0.993750         9931       160.00
      17.007     0.994531         9938       182.86
      21.519     0.995313         9946       213.33
      26.335     0.996094         9953       256.00
      27.503     0.996484         9957       284.44
      28.399     0.996875         9961       320.00
      31.791     0.997266         9965       365.71
      32.927     0.997656         9969       426.67
      36.351     0.998047         9973       512.00
      37.343     0.998242         9977       568.89
      37.343     0.998437         9977       640.00
      37.823     0.998633         9979       731.43
      38.271     0.998828         9981       853.33
      41.375     0.999023         9983      1024.00
      41.471     0.999121         9984      1137.78
      41.599     0.999219         9985      1280.00
      41.663     0.999316         9986      1462.86
      42.047     0.999414         9987      1706.67
      42.143     0.999512         9988      2048.00
      42.143     0.999561         9988      2275.56
      42.559     0.999609         9989      2560.00
      42.559     0.999658         9989      2925.71
      45.727     0.999707         9990      3413.33
      45.727     0.999756         9990      4096.00
      45.727     0.999780         9990      4551.11
      46.015     0.999805         9991      5120.00
      46.015     0.999829         9991      5851.43
      46.015     0.999854         9991      6826.67
      46.015     0.999878         9991      8192.00
      46.015     0.999890         9991      9102.22
      46.911     0.999902         9992     10240.00
      46.911     1.000000         9992          inf
#[Mean    =        1.288, StdDeviation   =        2.474]
#[Max     =       46.880, Total count    =         9992]
#[Buckets =           27, SubBuckets     =         2048]
----------------------------------------------------------
  9994 requests in 10.00s, 1.67MB read
Requests/sec:    999.24
Transfer/sec:    170.77KB
