Running 10s test @ http://localhost
  2 threads and 10 connections
  Thread Stats   Avg      Stdev     Max   +/- Stdev
    Latency     1.08ms  675.95us  11.69ms   84.87%
    Req/Sec       -nan      -nan   0.00      0.00%
  Latency Distribution (HdrHistogram - Recorded Latency)
 50.000%    0.99ms
 75.000%    1.45ms
 90.000%    1.72ms
 99.000%    2.24ms
 99.900%   10.26ms
 99.990%   11.57ms
 99.999%   11.69ms
100.000%   11.69ms

  Detailed Percentile spectrum:
       Value   Percentile   TotalCount 1/(1-Percentile)

       0.154     0.000000            1         1.00
       0.450     0.100000         1004         1.11
       0.562     0.200000         2003         1.25
       0.660     0.300000         3002         1.43
       0.792     0.400000         4005         1.67
       0.989     0.500000         4999         2.00
       1.105     0.550000         5501         2.22
       1.205     0.600000         5997         2.50
       1.305     0.650000         6497         2.86
       1.383     0.700000         6995         3.33
       1.454     0.750000         7497         4.00
       1.489     0.775000         7752         4.44
       1.529     0.800000         7997         5.00
       1.570     0.825000         8252         5.71
       1.613     0.850000         8501         6.67
       1.659     0.875000         8744         8.00
       1.687     0.887500         8871         8.89
       1.716     0.900000         8997        10.00
       1.748     0.912500         9120        11.43
       1.783     0.925000         9243        13.33
       1.826     0.937500         9369        16.00
       1.852     0.943750         9432        17.78
       1.884     0.950000         9493        20.00
       1.928     0.956250         9557        22.86
       1.965     0.962500         9618        26.67
       2.015     0.968750         9681        32.00
       2.038     0.971875         9711        35.56
       2.061     0.975000         9743        40.00
       2.095     0.978125         9776        45.71
       2.135     0.981250         9805        53.33
       2.171     0.984375         9836        64.00
       2.191     0.985938         9853        71.11
       2.213     0.987500         9871        80.00
       2.229     0.989062         9883        91.43
       2.265     0.990625         9899       106.67
       2.315     0.992188         9914       128.00
       2.351     0.992969         9922       142.22
       2.409     0.993750         9930       160.00
       3.555     0.994531         9938       182.86
       4.351     0.995313         9946       213.33
       5.183     0.996094         9953       256.00
       5.359     0.996484         9957       284.44
       5.627     0.996875         9961       320.00
       5.807     0.997266         9965       365.71
       6.195     0.997656         9969       426.67
       6.779     0.998047         9973       512.00
       6.999     0.998242         9975       568.89
       7.759     0.998437         9977       640.00
       9.815     0.998633         9979       731.43
      10.215     0.998828         9981       853.33
      10.343     0.999023         9983      1024.00
      10.383     0.999121         9984      1137.78
      10.455     0.999219         9985      1280.00
      10.495     0.999316         9986      1462.86
      10.575     0.999414         9987      1706.67
      10.791     0.999512         9988      2048.00
      10.791     0.999561         9988      2275.56
      10.927     0.999609         9989      2560.00
      10.927     0.999658         9989      2925.71
      11.143     0.999707         9990      3413.33
      11.143     0.999756         9990      4096.00
      11.143     0.999780         9990      4551.11
      11.567     0.999805         9991      5120.00
      11.567     0.999829         9991      5851.43
      11.567     0.999854         9991      6826.67
      11.567     0.999878         9991      8192.00
      11.567     0.999890         9991      9102.22
      11.695     0.999902         9992     10240.00
      11.695     1.000000         9992          inf
#[Mean    =        1.075, StdDeviation   =        0.676]
#[Max     =       11.688, Total count    =         9992]
#[Buckets =           27, SubBuckets     =         2048]
----------------------------------------------------------
  9996 requests in 10.00s, 1.67MB read
Requests/sec:    999.50
Transfer/sec:    170.81KB
