Running 10s test @ http://localhost
  2 threads and 10 connections
  Thread Stats   Avg      Stdev     Max   +/- Stdev
    Latency     1.14ms  800.64us  11.69ms   92.40%
    Req/Sec       -nan      -nan   0.00      0.00%
  Latency Distribution (HdrHistogram - Recorded Latency)
 50.000%    1.02ms
 75.000%    1.40ms
 90.000%    1.78ms
 99.000%    2.92ms
 99.900%   11.12ms
 99.990%   11.69ms
 99.999%   11.69ms
100.000%   11.69ms

  Detailed Percentile spectrum:
       Value   Percentile   TotalCount 1/(1-Percentile)

       0.184     0.000000            1         1.00
       0.502     0.100000         1000         1.11
       0.661     0.200000         2002         1.25
       0.791     0.300000         3000         1.43
       0.913     0.400000         3997         1.67
       1.024     0.500000         5000         2.00
       1.084     0.550000         5497         2.22
       1.153     0.600000         6006         2.50
       1.231     0.650000         6496         2.86
       1.312     0.700000         7000         3.33
       1.404     0.750000         7495         4.00
       1.455     0.775000         7744         4.44
       1.511     0.800000         7997         5.00
       1.576     0.825000         8245         5.71
       1.640     0.850000         8501         6.67
       1.704     0.875000         8745         8.00
       1.739     0.887500         8868         8.89
       1.779     0.900000         8999        10.00
       1.814     0.912500         9123        11.43
       1.853     0.925000         9245        13.33
       1.902     0.937500         9371        16.00
       1.936     0.943750         9431        17.78
       1.971     0.950000         9494        20.00
       1.999     0.956250         9556        22.86
       2.030     0.962500         9618        26.67
       2.069     0.968750         9680        32.00
       2.095     0.971875         9711        35.56
       2.133     0.975000         9745        40.00
       2.159     0.978125         9775        45.71
       2.205     0.981250         9805        53.33
       2.273     0.984375         9837        64.00
       2.307     0.985938         9852        71.11
       2.345     0.987500         9868        80.00
       2.423     0.989062         9883        91.43
       3.521     0.990625         9899       106.67
       5.047     0.992188         9914       128.00
       5.423     0.992969         9922       142.22
       5.635     0.993750         9930       160.00
       6.063     0.994531         9938       182.86
       6.827     0.995313         9946       213.33
       7.487     0.996094         9953       256.00
       7.643     0.996484         9957       284.44
       8.171     0.996875         9961       320.00
       9.367     0.997266         9965       365.71
       9.519     0.997656         9969       426.67
       9.903     0.998047         9973       512.00
      10.231     0.998242         9975       568.89
      10.687     0.998437         9977       640.00
      10.823     0.998633         9979       731.43
      11.047     0.998828         9981       853.33
      11.279     0.999023         9983      1024.00
      11.343     0.999121         9984      1137.78
      11.367     0.999219         9985      1280.00
      11.551     0.999316         9986      1462.86
      11.567     0.999414         9988      1706.67
      11.567     0.999512         9988      2048.00
      11.567     0.999561         9988      2275.56
      11.655     0.999609         9989      2560.00
      11.655     0.999658         9989      2925.71
      11.671     0.999707         9990      3413.33
      11.671     0.999756         9990      4096.00
      11.671     0.999780         9990      4551.11
      11.687     0.999805         9991      5120.00
      11.687     0.999829         9991      5851.43
      11.687     0.999854         9991      6826.67
      11.687     0.999878         9991      8192.00
      11.687     0.999890         9991      9102.22
      11.695     0.999902         9992     10240.00
      11.695     1.000000         9992          inf
#[Mean    =        1.139, StdDeviation   =        0.801]
#[Max     =       11.688, Total count    =         9992]
#[Buckets =           27, SubBuckets     =         2048]
----------------------------------------------------------
  9995 requests in 10.00s, 1.67MB read
Requests/sec:    999.40
Transfer/sec:    170.80KB
