Running 10s test @ http://localhost
  2 threads and 10 connections
  Thread Stats   Avg      Stdev     Max   +/- Stdev
    Latency     1.18ms  761.12us  11.89ms   89.26%
    Req/Sec       -nan      -nan   0.00      0.00%
  Latency Distribution (HdrHistogram - Recorded Latency)
 50.000%    1.13ms
 75.000%    1.50ms
 90.000%    1.79ms
 99.000%    2.35ms
 99.900%   10.96ms
 99.990%   11.88ms
 99.999%   11.90ms
100.000%   11.90ms

  Detailed Percentile spectrum:
       Value   Percentile   TotalCount 1/(1-Percentile)

       0.186     0.000000            1         1.00
       0.508     0.100000         1001         1.11
       0.671     0.200000         2000         1.25
       0.822     0.300000         3000         1.43
       0.975     0.400000         4001         1.67
       1.127     0.500000         5000         2.00
       1.198     0.550000         5499         2.22
       1.270     0.600000         6003         2.50
       1.346     0.650000         6499         2.86
       1.425     0.700000         6998         3.33
       1.501     0.750000         7500         4.00
       1.545     0.775000         7746         4.44
       1.585     0.800000         7995         5.00
       1.631     0.825000         8252         5.71
       1.674     0.850000         8498         6.67
       1.723     0.875000         8744         8.00
       1.756     0.887500         8870         8.89
       1.787     0.900000         8993        10.00
       1.824     0.912500         9123        11.43
       1.859     0.925000         9243        13.33
       1.906     0.937500         9370        16.00
       1.930     0.943750         9430        17.78
       1.958     0.950000         9494        20.00
       1.981     0.956250         9557        22.86
       2.013     0.962500         9618        26.67
       2.055     0.968750         9681        32.00
       2.079     0.971875         9714        35.56
       2.107     0.975000         9744        40.00
       2.133     0.978125         9776        45.71
       2.163     0.981250         9806        53.33
       2.215     0.984375         9838        64.00
       2.243     0.985938         9852        71.11
       2.285     0.987500         9868        80.00
       2.327     0.989062         9883        91.43
       2.379     0.990625         9899       106.67
       2.561     0.992188         9914       128.00
       2.847     0.992969         9922       142.22
       4.979     0.993750         9930       160.00
       6.335     0.994531         9938       182.86
       6.695     0.995313         9947       213.33
       7.083     0.996094         9954       256.00
       7.331     0.996484         9957       284.44
       7.615     0.996875         9961       320.00
       8.255     0.997266         9965       365.71
       8.775     0.997656         9969       426.67
       9.039     0.998047         9973       512.00
      10.623     0.998242         9975       568.89
      10.711     0.998437         9977       640.00
      10.767     0.998633         9979       731.43
      10.871     0.998828         9981       853.33
      10.975     0.999023         9983      1024.00
      11.311     0.999121         9984      1137.78
      11.455     0.999219         9985      1280.00
      11.471     0.999316         9987      1462.86
      11.471     0.999414         9987      1706.67
      11.479     0.999512         9988      2048.00
      11.479     0.999561         9988      2275.56
      11.535     0.999609         9989      2560.00
      11.535     0.999658         9989      2925.71
      11.679     0.999707         9990      3413.33
      11.679     0.999756         9990      4096.00
      11.679     0.999780         9990      4551.11
      11.879     0.999805         9991      5120.00
      11.879     0.999829         9991      5851.43
      11.879     0.999854         9991      6826.67
      11.879     0.999878         9991      8192.00
      11.879     0.999890         9991      9102.22
      11.895     0.999902         9992     10240.00
      11.895     1.000000         9992          inf
#[Mean    =        1.180, StdDeviation   =        0.761]
#[Max     =       11.888, Total count    =         9992]
#[Buckets =           27, SubBuckets     =         2048]
----------------------------------------------------------
  9996 requests in 10.00s, 1.67MB read
Requests/sec:    999.40
Transfer/sec:    170.80KB
