Running 10s test @ http://localhost
  2 threads and 10 connections
  Thread Stats   Avg      Stdev     Max   +/- Stdev
    Latency     1.21ms  594.81us   6.26ms   73.48%
    Req/Sec       -nan      -nan   0.00      0.00%
  Latency Distribution (HdrHistogram - Recorded Latency)
 50.000%    1.14ms
 75.000%    1.52ms
 90.000%    1.89ms
 99.000%    3.38ms
 99.900%    4.80ms
 99.990%    6.25ms
 99.999%    6.27ms
100.000%    6.27ms

  Detailed Percentile spectrum:
       Value   Percentile   TotalCount 1/(1-Percentile)

       0.158     0.000000            1         1.00
       0.537     0.100000         1005         1.11
       0.723     0.200000         2007         1.25
       0.865     0.300000         3005         1.43
       0.997     0.400000         4004         1.67
       1.139     0.500000         4998         2.00
       1.213     0.550000         5496         2.22
       1.286     0.600000         5997         2.50
       1.360     0.650000         6500         2.86
       1.437     0.700000         6997         3.33
       1.522     0.750000         7496         4.00
       1.566     0.775000         7749         4.44
       1.618     0.800000         7996         5.00
       1.670     0.825000         8246         5.71
       1.734     0.850000         8496         6.67
       1.808     0.875000         8746         8.00
       1.846     0.887500         8871         8.89
       1.890     0.900000         8994        10.00
       1.936     0.912500         9119        11.43
       1.982     0.925000         9243        13.33
       2.046     0.937500         9369        16.00
       2.095     0.943750         9434        17.78
       2.131     0.950000         9493        20.00
       2.181     0.956250         9555        22.86
       2.247     0.962500         9618        26.67
       2.335     0.968750         9680        32.00
       2.391     0.971875         9711        35.56
       2.455     0.975000         9744        40.00
       2.531     0.978125         9774        45.71
       2.705     0.981250         9805        53.33
       2.889     0.984375         9836        64.00
       2.975     0.985938         9852        71.11
       3.085     0.987500         9868        80.00
       3.243     0.989062         9883        91.43
       3.427     0.990625         9899       106.67
       3.673     0.992188         9914       128.00
       3.729     0.992969         9922       142.22
       3.851     0.993750         9930       160.00
       4.037     0.994531         9938       182.86
       4.085     0.995313         9946       213.33
       4.163     0.996094         9953       256.00
       4.271     0.996484         9957       284.44
       4.307     0.996875         9961       320.00
       4.379     0.997266         9965       365.71
       4.447     0.997656         9970       426.67
       4.491     0.998047         9973       512.00
       4.515     0.998242         9975       568.89
       4.595     0.998437         9977       640.00
       4.699     0.998633         9979       731.43
       4.739     0.998828         9981       853.33
       4.863     0.999023         9983      1024.00
       4.867     0.999121         9984      1137.78
       4.887     0.999219         9985      1280.00
       4.895     0.999316         9986      1462.86
       5.015     0.999414         9987      1706.67
       5.035     0.999512         9988      2048.00
       5.035     0.999561         9988      2275.56
       5.407     0.999609         9989      2560.00
       5.407     0.999658         9989      2925.71
       5.959     0.999707         9990      3413.33
       5.959     0.999756         9990      4096.00
       5.959     0.999780         9990      4551.11
       6.251     0.999805         9991      5120.00
       6.251     0.999829         9991      5851.43
       6.251     0.999854         9991      6826.67
       6.251     0.999878         9991      8192.00
       6.251     0.999890         9991      9102.22
       6.267     0.999902         9992     10240.00
       6.267     1.000000         9992          inf
#[Mean    =        1.206, StdDeviation   =        0.595]
#[Max     =        6.264, Total count    =         9992]
#[Buckets =           27, SubBuckets     =         2048]
----------------------------------------------------------
  9995 requests in 10.00s, 1.67MB read
Requests/sec:    999.40
Transfer/sec:    170.80KB
