Running 10s test @ http://localhost
  2 threads and 10 connections
  Thread Stats   Avg      Stdev     Max   +/- Stdev
    Latency     1.13ms  521.29us   7.45ms   65.24%
    Req/Sec       -nan      -nan   0.00      0.00%
  Latency Distribution (HdrHistogram - Recorded Latency)
 50.000%    1.09ms
 75.000%    1.53ms
 90.000%    1.77ms
 99.000%    2.20ms
 99.900%    2.98ms
 99.990%    7.44ms
 99.999%    7.45ms
100.000%    7.45ms

  Detailed Percentile spectrum:
       Value   Percentile   TotalCount 1/(1-Percentile)

       0.197     0.000000            1         1.00
       0.494     0.100000         1006         1.11
       0.637     0.200000         2002         1.25
       0.754     0.300000         3004         1.43
       0.885     0.400000         3997         1.67
       1.087     0.500000         5002         2.00
       1.195     0.550000         5497         2.22
       1.294     0.600000         5997         2.50
       1.384     0.650000         6495         2.86
       1.463     0.700000         7001         3.33
       1.535     0.750000         7501         4.00
       1.570     0.775000         7753         4.44
       1.608     0.800000         8001         5.00
       1.647     0.825000         8250         5.71
       1.684     0.850000         8496         6.67
       1.728     0.875000         8746         8.00
       1.749     0.887500         8868         8.89
       1.774     0.900000         8993        10.00
       1.798     0.912500         9118        11.43
       1.832     0.925000         9244        13.33
       1.864     0.937500         9371        16.00
       1.882     0.943750         9431        17.78
       1.901     0.950000         9495        20.00
       1.928     0.956250         9555        22.86
       1.959     0.962500         9619        26.67
       1.991     0.968750         9680        32.00
       2.009     0.971875         9711        35.56
       2.037     0.975000         9744        40.00
       2.063     0.978125         9775        45.71
       2.089     0.981250         9805        53.33
       2.115     0.984375         9836        64.00
       2.135     0.985938         9852        71.11
       2.155     0.987500         9870        80.00
       2.185     0.989062         9887        91.43
       2.213     0.990625         9901       106.67
       2.253     0.992188         9914       128.00
       2.275     0.992969         9922       142.22
       2.303     0.993750         9930       160.00
       2.341     0.994531         9938       182.86
       2.389     0.995313         9947       213.33
       2.409     0.996094         9953       256.00
       2.425     0.996484         9957       284.44
       2.475     0.996875         9961       320.00
       2.501     0.997266         9965       365.71
       2.529     0.997656         9969       426.67
       2.605     0.998047         9973       512.00
       2.613     0.998242         9975       568.89
       2.619     0.998437         9977       640.00
       2.629     0.998633         9979       731.43
       2.805     0.998828         9981       853.33
       4.647     0.999023         9983      1024.00
       4.719     0.999121         9984      1137.78
       5.175     0.999219         9985      1280.00
       6.755     0.999316         9986      1462.86
       6.815     0.999414         9987      1706.67
       6.827     0.999512         9988      2048.00
       6.827     0.999561         9988      2275.56
       6.863     0.999609         9989      2560.00
       6.863     0.999658         9989      2925.71
       7.383     0.999707         9990      3413.33
       7.383     0.999756         9990      4096.00
       7.383     0.999780         9990      4551.11
       7.443     0.999805         9991      5120.00
       7.443     0.999829         9991      5851.43
       7.443     0.999854         9991      6826.67
       7.443     0.999878         9991      8192.00
       7.443     0.999890         9991      9102.22
       7.451     0.999902         9992     10240.00
       7.451     1.000000         9992          inf
#[Mean    =        1.126, StdDeviation   =        0.521]
#[Max     =        7.448, Total count    =         9992]
#[Buckets =           27, SubBuckets     =         2048]
----------------------------------------------------------
  9995 requests in 10.00s, 1.67MB read
Requests/sec:    999.36
Transfer/sec:    170.79KB
