Running 10s test @ http://localhost
  2 threads and 10 connections
  Thread Stats   Avg      Stdev     Max   +/- Stdev
    Latency     1.27ms  567.96us   5.94ms   74.12%
    Req/Sec       -nan      -nan   0.00      0.00%
  Latency Distribution (HdrHistogram - Recorded Latency)
 50.000%    1.21ms
 75.000%    1.53ms
 90.000%    1.94ms
 99.000%    3.22ms
 99.900%    4.83ms
 99.990%    5.88ms
 99.999%    5.95ms
100.000%    5.95ms

  Detailed Percentile spectrum:
       Value   Percentile   TotalCount 1/(1-Percentile)

       0.163     0.000000            1         1.00
       0.635     0.100000         1002         1.11
       0.820     0.200000         2004         1.25
       0.973     0.300000         3004         1.43
       1.096     0.400000         4007         1.67
       1.207     0.500000         5005         2.00
       1.262     0.550000         5501         2.22
       1.319     0.600000         6003         2.50
       1.376     0.650000         6500         2.86
       1.442     0.700000         6997         3.33
       1.528     0.750000         7499         4.00
       1.574     0.775000         7745         4.44
       1.634     0.800000         7994         5.00
       1.693     0.825000         8247         5.71
       1.769     0.850000         8496         6.67
       1.844     0.875000         8744         8.00
       1.890     0.887500         8868         8.89
       1.939     0.900000         8994        10.00
       2.006     0.912500         9118        11.43
       2.083     0.925000         9245        13.33
       2.153     0.937500         9368        16.00
       2.189     0.943750         9430        17.78
       2.231     0.950000         9496        20.00
       2.273     0.956250         9555        22.86
       2.347     0.962500         9620        26.67
       2.421     0.968750         9681        32.00
       2.475     0.971875         9711        35.56
       2.527     0.975000         9743        40.00
       2.635     0.978125         9775        45.71
       2.731     0.981250         9805        53.33
       2.843     0.984375         9836        64.00
       2.917     0.985938         9852        71.11
       3.053     0.987500         9869        80.00
       3.137     0.989062         9883        91.43
       3.269     0.990625         9899       106.67
       3.533     0.992188         9915       128.00
       3.661     0.992969         9923       142.22
       3.775     0.993750         9932       160.00
       3.849     0.994531         9938       182.86
       3.903     0.995313         9946       213.33
       4.029     0.996094         9953       256.00
       4.127     0.996484         9957       284.44
       4.175     0.996875         9961       320.00
       4.255     0.997266         9965       365.71
       4.343     0.997656         9969       426.67
       4.487     0.998047         9973       512.00
       4.591     0.998242         9975       568.89
       4.683     0.998437         9977       640.00
       4.727     0.998633         9979       731.43
       4.823     0.998828         9981       853.33
       4.855     0.999023         9983      1024.00
       4.859     0.999121         9984      1137.78
       5.083     0.999219         9985      1280.00
       5.167     0.999316         9986      1462.86
       5.567     0.999414         9987      1706.67
       5.771     0.999512         9988      2048.00
       5.771     0.999561         9988      2275.56
       5.779     0.999609         9989      2560.00
       5.779     0.999658         9989      2925.71
       5.863     0.999707         9990      3413.33
       5.863     0.999756         9990      4096.00
       5.863     0.999780         9990      4551.11
       5.875     0.999805         9991      5120.00
       5.875     0.999829         9991      5851.43
       5.875     0.999854         9991      6826.67
       5.875     0.999878         9991      8192.00
       5.875     0.999890         9991      9102.22
       5.947     0.999902         9992     10240.00
       5.947     1.000000         9992          inf
#[Mean    =        1.273, StdDeviation   =        0.568]
#[Max     =        5.944, Total count    =         9992]
#[Buckets =           27, SubBuckets     =         2048]
----------------------------------------------------------
  9996 requests in 10.00s, 1.67MB read
Requests/sec:    999.46
Transfer/sec:    170.81KB
