Running 10s test @ http://localhost
  2 threads and 10 connections
  Thread Stats   Avg      Stdev     Max   +/- Stdev
    Latency     1.07ms  507.41us  11.64ms   67.75%
    Req/Sec       -nan      -nan   0.00      0.00%
  Latency Distribution (HdrHistogram - Recorded Latency)
 50.000%    1.07ms
 75.000%    1.43ms
 90.000%    1.66ms
 99.000%    2.13ms
 99.900%    3.60ms
 99.990%   10.97ms
 99.999%   11.65ms
100.000%   11.65ms

  Detailed Percentile spectrum:
       Value   Percentile   TotalCount 1/(1-Percentile)

       0.194     0.000000            1         1.00
       0.456     0.100000         1001         1.11
       0.589     0.200000         2001         1.25
       0.724     0.300000         2999         1.43
       0.886     0.400000         3998         1.67
       1.067     0.500000         4996         2.00
       1.160     0.550000         5503         2.22
       1.237     0.600000         5998         2.50
       1.309     0.650000         6504         2.86
       1.375     0.700000         7003         3.33
       1.435     0.750000         7498         4.00
       1.463     0.775000         7744         4.44
       1.498     0.800000         7997         5.00
       1.529     0.825000         8251         5.71
       1.565     0.850000         8494         6.67
       1.611     0.875000         8755         8.00
       1.632     0.887500         8868         8.89
       1.660     0.900000         8997        10.00
       1.686     0.912500         9119        11.43
       1.723     0.925000         9247        13.33
       1.762     0.937500         9376        16.00
       1.788     0.943750         9430        17.78
       1.817     0.950000         9495        20.00
       1.853     0.956250         9556        22.86
       1.884     0.962500         9618        26.67
       1.929     0.968750         9681        32.00
       1.953     0.971875         9711        35.56
       1.986     0.975000         9743        40.00
       2.021     0.978125         9774        45.71
       2.053     0.981250         9805        53.33
       2.077     0.984375         9836        64.00
       2.093     0.985938         9852        71.11
       2.111     0.987500         9868        80.00
       2.121     0.989062         9884        91.43
       2.145     0.990625         9900       106.67
       2.175     0.992188         9914       128.00
       2.189     0.992969         9922       142.22
       2.217     0.993750         9930       160.00
       2.241     0.994531         9938       182.86
       2.257     0.995313         9946       213.33
       2.293     0.996094         9954       256.00
       2.301     0.996484         9957       284.44
       2.317     0.996875         9961       320.00
       2.333     0.997266         9967       365.71
       2.349     0.997656         9969       426.67
       2.359     0.998047         9974       512.00
       2.385     0.998242         9975       568.89
       2.439     0.998437         9977       640.00
       2.973     0.998633         9979       731.43
       3.169     0.998828         9981       853.33
       3.689     0.999023         9983      1024.00
       5.395     0.999121         9984      1137.78
       5.459     0.999219         9985      1280.00
       5.691     0.999316         9986      1462.86
       6.143     0.999414         9987      1706.67
       6.495     0.999512         9988      2048.00
       6.495     0.999561         9988      2275.56
       6.931     0.999609         9989      2560.00
       6.931     0.999658         9989      2925.71
       7.471     0.999707         9990      3413.33
       7.471     0.999756         9990      4096.00
       7.471     0.999780         9990      4551.11
      10.967     0.999805         9991      5120.00
      10.967     0.999829         9991      5851.43
      10.967     0.999854         9991      6826.67
      10.967     0.999878         9991      8192.00
      10.967     0.999890         9991      9102.22
      11.647     0.999902         9992     10240.00
      11.647     1.000000         9992          inf
#[Mean    =        1.073, StdDeviation   =        0.507]
#[Max     =       11.640, Total count    =         9992]
#[Buckets =           27, SubBuckets     =         2048]
----------------------------------------------------------
  9995 requests in 10.00s, 1.67MB read
Requests/sec:    999.35
Transfer/sec:    170.79KB
