Running 10s test @ http://localhost
  2 threads and 10 connections
  Thread Stats   Avg      Stdev     Max   +/- Stdev
    Latency     1.24ms  621.19us  11.66ms   74.91%
    Req/Sec       -nan      -nan   0.00      0.00%
  Latency Distribution (HdrHistogram - Recorded Latency)
 50.000%    1.21ms
 75.000%    1.56ms
 90.000%    1.90ms
 99.000%    3.36ms
 99.900%    5.98ms
 99.990%   10.94ms
 99.999%   11.66ms
100.000%   11.66ms

  Detailed Percentile spectrum:
       Value   Percentile   TotalCount 1/(1-Percentile)

       0.201     0.000000            1         1.00
       0.552     0.100000         1002         1.11
       0.714     0.200000         2003         1.25
       0.888     0.300000         3000         1.43
       1.060     0.400000         4006         1.67
       1.207     0.500000         5000         2.00
       1.276     0.550000         5503         2.22
       1.346     0.600000         5997         2.50
       1.408     0.650000         6504         2.86
       1.483     0.700000         7000         3.33
       1.563     0.750000         7499         4.00
       1.603     0.775000         7744         4.44
       1.653     0.800000         7996         5.00
       1.705     0.825000         8244         5.71
       1.758     0.850000         8496         6.67
       1.823     0.875000         8744         8.00
       1.859     0.887500         8870         8.89
       1.897     0.900000         8993        10.00
       1.938     0.912500         9119        11.43
       1.990     0.925000         9245        13.33
       2.053     0.937500         9371        16.00
       2.087     0.943750         9433        17.78
       2.127     0.950000         9496        20.00
       2.169     0.956250         9555        22.86
       2.243     0.962500         9618        26.67
       2.333     0.968750         9680        32.00
       2.391     0.971875         9712        35.56
       2.477     0.975000         9743        40.00
       2.599     0.978125         9774        45.71
       2.743     0.981250         9805        53.33
       2.941     0.984375         9836        64.00
       3.035     0.985938         9852        71.11
       3.165     0.987500         9868        80.00
       3.307     0.989062         9883        91.43
       3.425     0.990625         9900       106.67
       3.639     0.992188         9914       128.00
       3.689     0.992969         9922       142.22
       3.781     0.993750         9930       160.00
       3.993     0.994531         9938       182.86
       4.183     0.995313         9946       213.33
       4.299     0.996094         9953       256.00
       4.399     0.996484         9957       284.44
       4.491     0.996875         9961       320.00
       4.575     0.997266         9965       365.71
       4.723     0.997656         9969       426.67
       4.799     0.998047         9973       512.00
       4.975     0.998242         9975       568.89
       4.991     0.998437         9977       640.00
       5.167     0.998633         9979       731.43
       5.947     0.998828         9981       853.33
       6.011     0.999023         9983      1024.00
       6.275     0.999121         9984      1137.78
       6.479     0.999219         9985      1280.00
       6.507     0.999316         9986      1462.86
       6.875     0.999414         9987      1706.67
       6.907     0.999512         9988      2048.00
       6.907     0.999561         9988      2275.56
       7.087     0.999609         9989      2560.00
       7.087     0.999658         9989      2925.71
       7.751     0.999707         9990      3413.33
       7.751     0.999756         9990      4096.00
       7.751     0.999780         9990      4551.11
      10.935     0.999805         9991      5120.00
      10.935     0.999829         9991      5851.43
      10.935     0.999854         9991      6826.67
      10.935     0.999878         9991      8192.00
      10.935     0.999890         9991      9102.22
      11.663     0.999902         9992     10240.00
      11.663     1.000000         9992          inf
#[Mean    =        1.245, StdDeviation   =        0.621]
#[Max     =       11.656, Total count    =         9992]
#[Buckets =           27, SubBuckets     =         2048]
----------------------------------------------------------
  9996 requests in 10.00s, 1.67MB read
Requests/sec:    999.40
Transfer/sec:    170.80KB
