Running 10s test @ http://localhost
  2 threads and 10 connections
  Thread Stats   Avg      Stdev     Max   +/- Stdev
    Latency     1.16ms  446.13us   5.62ms   67.78%
    Req/Sec       -nan      -nan   0.00      0.00%
  Latency Distribution (HdrHistogram - Recorded Latency)
 50.000%    1.20ms
 75.000%    1.47ms
 90.000%    1.69ms
 99.000%    2.12ms
 99.900%    2.50ms
 99.990%    5.34ms
 99.999%    5.62ms
100.000%    5.62ms

  Detailed Percentile spectrum:
       Value   Percentile   TotalCount 1/(1-Percentile)

       0.192     0.000000            2         1.00
       0.515     0.100000         1000         1.11
       0.768     0.200000         2005         1.25
       0.930     0.300000         3005         1.43
       1.072     0.400000         3999         1.67
       1.195     0.500000         4998         2.00
       1.253     0.550000         5496         2.22
       1.308     0.600000         6006         2.50
       1.361     0.650000         6495         2.86
       1.416     0.700000         6996         3.33
       1.474     0.750000         7498         4.00
       1.501     0.775000         7748         4.44
       1.535     0.800000         7999         5.00
       1.569     0.825000         8246         5.71
       1.605     0.850000         8499         6.67
       1.643     0.875000         8745         8.00
       1.668     0.887500         8874         8.89
       1.694     0.900000         8997        10.00
       1.726     0.912500         9120        11.43
       1.759     0.925000         9248        13.33
       1.798     0.937500         9368        16.00
       1.821     0.943750         9431        17.78
       1.839     0.950000         9493        20.00
       1.863     0.956250         9556        22.86
       1.894     0.962500         9618        26.67
       1.928     0.968750         9680        32.00
       1.943     0.971875         9712        35.56
       1.965     0.975000         9743        40.00
       1.982     0.978125         9776        45.71
       2.003     0.981250         9806        53.33
       2.040     0.984375         9836        64.00
       2.063     0.985938         9852        71.11
       2.089     0.987500         9868        80.00
       2.109     0.989062         9884        91.43
       2.127     0.990625         9899       106.67
       2.147     0.992188         9915       128.00
       2.155     0.992969         9922       142.22
       2.169     0.993750         9930       160.00
       2.181     0.994531         9938       182.86
       2.201     0.995313         9946       213.33
       2.249     0.996094         9953       256.00
       2.261     0.996484         9957       284.44
       2.307     0.996875         9961       320.00
       2.327     0.997266         9965       365.71
       2.351     0.997656         9969       426.67
       2.373     0.998047         9973       512.00
       2.405     0.998242         9975       568.89
       2.431     0.998437         9977       640.00
       2.449     0.998633         9979       731.43
       2.461     0.998828         9981       853.33
       2.505     0.999023         9983      1024.00
       2.521     0.999121         9984      1137.78
       2.577     0.999219         9985      1280.00
       2.625     0.999316         9986      1462.86
       4.695     0.999414         9987      1706.67
       4.915     0.999512         9988      2048.00
       4.915     0.999561         9988      2275.56
       5.207     0.999609         9989      2560.00
       5.207     0.999658         9989      2925.71
       5.283     0.999707         9990      3413.33
       5.283     0.999756         9990      4096.00
       5.283     0.999780         9990      4551.11
       5.339     0.999805         9991      5120.00
       5.339     0.999829         9991      5851.43
       5.339     0.999854         9991      6826.67
       5.339     0.999878         9991      8192.00
       5.339     0.999890         9991      9102.22
       5.619     0.999902         9992     10240.00
       5.619     1.000000         9992          inf
#[Mean    =        1.162, StdDeviation   =        0.446]
#[Max     =        5.616, Total count    =         9992]
#[Buckets =           27, SubBuckets     =         2048]
----------------------------------------------------------
  9994 requests in 10.00s, 1.67MB read
Requests/sec:    999.21
Transfer/sec:    170.76KB
