Running 10s test @ http://localhost
  2 threads and 10 connections
  Thread Stats   Avg      Stdev     Max   +/- Stdev
    Latency     1.56ms  786.79us   7.00ms   74.53%
    Req/Sec       -nan      -nan   0.00      0.00%
  Latency Distribution (HdrHistogram - Recorded Latency)
 50.000%    1.40ms
 75.000%    1.89ms
 90.000%    2.61ms
 99.000%    4.14ms
 99.900%    6.26ms
 99.990%    7.00ms
 99.999%    7.00ms
100.000%    7.00ms

  Detailed Percentile spectrum:
       Value   Percentile   TotalCount 1/(1-Percentile)

       0.256     0.000000            1         1.00
       0.746     0.100000          999         1.11
       0.931     0.200000         2002         1.25
       1.088     0.300000         2998         1.43
       1.237     0.400000         3998         1.67
       1.399     0.500000         4997         2.00
       1.481     0.550000         5500         2.22
       1.571     0.600000         5998         2.50
       1.663     0.650000         6494         2.86
       1.766     0.700000         6998         3.33
       1.892     0.750000         7497         4.00
       1.977     0.775000         7746         4.44
       2.073     0.800000         7994         5.00
       2.185     0.825000         8246         5.71
       2.311     0.850000         8493         6.67
       2.445     0.875000         8744         8.00
       2.527     0.887500         8867         8.89
       2.613     0.900000         8993        10.00
       2.715     0.912500         9120        11.43
       2.819     0.925000         9241        13.33
       2.927     0.937500         9366        16.00
       2.989     0.943750         9432        17.78
       3.041     0.950000         9491        20.00
       3.117     0.956250         9554        22.86
       3.189     0.962500         9617        26.67
       3.277     0.968750         9678        32.00
       3.321     0.971875         9710        35.56
       3.379     0.975000         9741        40.00
       3.453     0.978125         9773        45.71
       3.585     0.981250         9803        53.33
       3.729     0.984375         9834        64.00
       3.853     0.985938         9851        71.11
       3.939     0.987500         9866        80.00
       4.075     0.989062         9881        91.43
       4.203     0.990625         9897       106.67
       4.327     0.992188         9912       128.00
       4.467     0.992969         9920       142.22
       4.571     0.993750         9928       160.00
       4.679     0.994531         9936       182.86
       4.899     0.995313         9944       213.33
       5.247     0.996094         9951       256.00
       5.359     0.996484         9955       284.44
       5.479     0.996875         9959       320.00
       5.567     0.997266         9963       365.71
       5.659     0.997656         9967       426.67
       5.903     0.998047         9971       512.00
       5.987     0.998242         9973       568.89
       6.019     0.998437         9975       640.00
       6.163     0.998633         9977       731.43
       6.243     0.998828         9979       853.33
       6.279     0.999023         9981      1024.00
       6.427     0.999121         9982      1137.78
       6.435     0.999219         9984      1280.00
       6.435     0.999316         9984      1462.86
       6.479     0.999414         9985      1706.67
       6.603     0.999512         9986      2048.00
       6.603     0.999561         9986      2275.56
       6.671     0.999609         9987      2560.00
       6.671     0.999658         9987      2925.71
       6.867     0.999707         9988      3413.33
       6.867     0.999756         9988      4096.00
       6.867     0.999780         9988      4551.11
       6.999     0.999805         9990      5120.00
       6.999     1.000000         9990          inf
#[Mean    =        1.557, StdDeviation   =        0.787]
#[Max     =        6.996, Total count    =         9990]
#[Buckets =           27, SubBuckets     =         2048]
----------------------------------------------------------
  9996 requests in 10.00s, 1.67MB read
Requests/sec:    999.46
Transfer/sec:    170.81KB
