Running 10s test @ http://localhost
  2 threads and 10 connections
  Thread Stats   Avg      Stdev     Max   +/- Stdev
    Latency     1.29ms  623.59us   8.16ms   77.11%
    Req/Sec       -nan      -nan   0.00      0.00%
  Latency Distribution (HdrHistogram - Recorded Latency)
 50.000%    1.24ms
 75.000%    1.59ms
 90.000%    1.92ms
 99.000%    3.89ms
 99.900%    5.44ms
 99.990%    7.74ms
 99.999%    8.16ms
100.000%    8.16ms

  Detailed Percentile spectrum:
       Value   Percentile   TotalCount 1/(1-Percentile)

       0.175     0.000000            1         1.00
       0.607     0.100000         1004         1.11
       0.818     0.200000         2002         1.25
       0.974     0.300000         3004         1.43
       1.112     0.400000         3997         1.67
       1.241     0.500000         4999         2.00
       1.305     0.550000         5504         2.22
       1.365     0.600000         6002         2.50
       1.432     0.650000         6503         2.86
       1.507     0.700000         6997         3.33
       1.590     0.750000         7495         4.00
       1.635     0.775000         7745         4.44
       1.684     0.800000         7995         5.00
       1.735     0.825000         8249         5.71
       1.789     0.850000         8493         6.67
       1.853     0.875000         8746         8.00
       1.885     0.887500         8868         8.89
       1.923     0.900000         8995        10.00
       1.962     0.912500         9118        11.43
       2.009     0.925000         9243        13.33
       2.071     0.937500         9367        16.00
       2.119     0.943750         9432        17.78
       2.151     0.950000         9492        20.00
       2.207     0.956250         9555        22.86
       2.269     0.962500         9617        26.67
       2.379     0.968750         9680        32.00
       2.475     0.971875         9711        35.56
       2.565     0.975000         9742        40.00
       2.689     0.978125         9773        45.71
       2.983     0.981250         9804        53.33
       3.283     0.984375         9835        64.00
       3.535     0.985938         9851        71.11
       3.657     0.987500         9867        80.00
       3.805     0.989062         9882        91.43
       3.943     0.990625         9900       106.67
       4.135     0.992188         9913       128.00
       4.203     0.992969         9921       142.22
       4.255     0.993750         9930       160.00
       4.387     0.994531         9938       182.86
       4.467     0.995313         9945       213.33
       4.555     0.996094         9952       256.00
       4.603     0.996484         9958       284.44
       4.659     0.996875         9960       320.00
       4.779     0.997266         9964       365.71
       4.831     0.997656         9969       426.67
       5.007     0.998047         9972       512.00
       5.047     0.998242         9974       568.89
       5.059     0.998437         9976       640.00
       5.223     0.998633         9978       731.43
       5.355     0.998828         9980       853.33
       5.691     0.999023         9982      1024.00
       5.795     0.999121         9983      1137.78
       5.799     0.999219         9984      1280.00
       6.019     0.999316         9985      1462.86
       6.219     0.999414         9986      1706.67
       6.239     0.999512         9987      2048.00
       6.239     0.999561         9987      2275.56
       6.751     0.999609         9988      2560.00
       6.751     0.999658         9988      2925.71
       7.623     0.999707         9989      3413.33
       7.623     0.999756         9989      4096.00
       7.623     0.999780         9989      4551.11
       7.735     0.999805         9990      5120.00
       7.735     0.999829         9990      5851.43
       7.735     0.999854         9990      6826.67
       7.735     0.999878         9990      8192.00
       7.735     0.999890         9990      9102.22
       8.159     0.999902         9991     10240.00
       8.159     1.000000         9991          inf
#[Mean    =        1.295, StdDeviation   =        0.624]
#[Max     =        8.156, Total count    =         9991]
#[Buckets =           27, SubBuckets     =         2048]
----------------------------------------------------------
  9994 requests in 10.00s, 1.67MB read
Requests/sec:    999.36
Transfer/sec:    170.79KB
