Running 10s test @ http://localhost
  2 threads and 10 connections
  Thread Stats   Avg      Stdev     Max   +/- Stdev
    Latency     1.27ms  842.60us  24.24ms   90.02%
    Req/Sec       -nan      -nan   0.00      0.00%
  Latency Distribution (HdrHistogram - Recorded Latency)
 50.000%    1.18ms
 75.000%    1.61ms
 90.000%    1.98ms
 99.000%    3.28ms
 99.900%   12.94ms
 99.990%   23.82ms
 99.999%   24.25ms
100.000%   24.25ms

  Detailed Percentile spectrum:
       Value   Percentile   TotalCount 1/(1-Percentile)

       0.231     0.000000            1         1.00
       0.550     0.100000         1001         1.11
       0.717     0.200000         2005         1.25
       0.873     0.300000         3003         1.43
       1.024     0.400000         3997         1.67
       1.181     0.500000         5001         2.00
       1.263     0.550000         5500         2.22
       1.347     0.600000         5997         2.50
       1.429     0.650000         6495         2.86
       1.511     0.700000         6997         3.33
       1.611     0.750000         7498         4.00
       1.661     0.775000         7752         4.44
       1.716     0.800000         7995         5.00
       1.776     0.825000         8248         5.71
       1.833     0.850000         8497         6.67
       1.899     0.875000         8744         8.00
       1.937     0.887500         8870         8.89
       1.975     0.900000         8997        10.00
       2.025     0.912500         9119        11.43
       2.075     0.925000         9247        13.33
       2.141     0.937500         9371        16.00
       2.173     0.943750         9433        17.78
       2.207     0.950000         9494        20.00
       2.251     0.956250         9555        22.86
       2.291     0.962500         9620        26.67
       2.335     0.968750         9681        32.00
       2.389     0.971875         9712        35.56
       2.435     0.975000         9744        40.00
       2.489     0.978125         9775        45.71
       2.597     0.981250         9805        53.33
       2.739     0.984375         9836        64.00
       2.873     0.985938         9853        71.11
       2.951     0.987500         9868        80.00
       3.101     0.989062         9883        91.43
       3.351     0.990625         9899       106.67
       3.533     0.992188         9914       128.00
       3.757     0.992969         9922       142.22
       3.899     0.993750         9930       160.00
       4.131     0.994531         9938       182.86
       4.299     0.995313         9947       213.33
       4.411     0.996094         9953       256.00
       4.623     0.996484         9957       284.44
       4.679     0.996875         9961       320.00
       4.971     0.997266         9965       365.71
       5.159     0.997656         9969       426.67
       5.511     0.998047         9973       512.00
       7.367     0.998242         9975       568.89
       7.971     0.998437         9977       640.00
       8.423     0.998633         9979       731.43
      12.927     0.998828         9981       853.33
      13.055     0.999023         9983      1024.00
      13.471     0.999121         9984      1137.78
      14.431     0.999219         9985      1280.00
      14.711     0.999316         9986      1462.86
      15.007     0.999414         9987      1706.67
      19.039     0.999512         9988      2048.00
      19.039     0.999561         9988      2275.56
      19.183     0.999609         9989      2560.00
      19.183     0.999658         9989      2925.71
      22.495     0.999707         9990      3413.33
      22.495     0.999756         9990      4096.00
      22.495     0.999780         9990      4551.11
      23.823     0.999805         9991      5120.00
      23.823     0.999829         9991      5851.43
      23.823     0.999854         9991      6826.67
      23.823     0.999878         9991      8192.00
      23.823     0.999890         9991      9102.22
      24.255     0.999902         9992     10240.00
      24.255     1.000000         9992          inf
#[Mean    =        1.269, StdDeviation   =        0.843]
#[Max     =       24.240, Total count    =         9992]
#[Buckets =           27, SubBuckets     =         2048]
----------------------------------------------------------
  9994 requests in 10.00s, 1.67MB read
Requests/sec:    999.28
Transfer/sec:    170.78KB
