Running 10s test @ http://localhost
  2 threads and 10 connections
  Thread Stats   Avg      Stdev     Max   +/- Stdev
    Latency     1.13ms  429.45us   2.58ms   64.96%
    Req/Sec       -nan      -nan   0.00      0.00%
  Latency Distribution (HdrHistogram - Recorded Latency)
 50.000%    1.16ms
 75.000%    1.44ms
 90.000%    1.65ms
 99.000%    2.06ms
 99.900%    2.42ms
 99.990%    2.55ms
 99.999%    2.59ms
100.000%    2.59ms

  Detailed Percentile spectrum:
       Value   Percentile   TotalCount 1/(1-Percentile)

       0.137     0.000000            1         1.00
       0.510     0.100000         1001         1.11
       0.708     0.200000         2000         1.25
       0.882     0.300000         3007         1.43
       1.033     0.400000         4002         1.67
       1.165     0.500000         4999         2.00
       1.227     0.550000         5499         2.22
       1.282     0.600000         5996         2.50
       1.339     0.650000         6497         2.86
       1.390     0.700000         7006         3.33
       1.441     0.750000         7496         4.00
       1.470     0.775000         7748         4.44
       1.499     0.800000         7995         5.00
       1.529     0.825000         8244         5.71
       1.565     0.850000         8499         6.67
       1.605     0.875000         8744         8.00
       1.624     0.887500         8871         8.89
       1.650     0.900000         8996        10.00
       1.679     0.912500         9122        11.43
       1.710     0.925000         9247        13.33
       1.742     0.937500         9368        16.00
       1.762     0.943750         9430        17.78
       1.787     0.950000         9495        20.00
       1.815     0.956250         9556        22.86
       1.846     0.962500         9620        26.67
       1.878     0.968750         9680        32.00
       1.901     0.971875         9711        35.56
       1.921     0.975000         9745        40.00
       1.946     0.978125         9774        45.71
       1.969     0.981250         9806        53.33
       1.994     0.984375         9836        64.00
       2.012     0.985938         9852        71.11
       2.031     0.987500         9868        80.00
       2.057     0.989062         9888        91.43
       2.075     0.990625         9903       106.67
       2.095     0.992188         9914       128.00
       2.107     0.992969         9923       142.22
       2.123     0.993750         9930       160.00
       2.147     0.994531         9938       182.86
       2.185     0.995313         9946       213.33
       2.235     0.996094         9954       256.00
       2.245     0.996484         9957       284.44
       2.267     0.996875         9961       320.00
       2.291     0.997266         9965       365.71
       2.299     0.997656         9969       426.67
       2.325     0.998047         9973       512.00
       2.345     0.998242         9975       568.89
       2.369     0.998437         9977       640.00
       2.375     0.998633         9979       731.43
       2.387     0.998828         9981       853.33
       2.427     0.999023         9983      1024.00
       2.429     0.999121         9984      1137.78
       2.445     0.999219         9985      1280.00
       2.453     0.999316         9986      1462.86
       2.469     0.999414         9987      1706.67
       2.479     0.999512         9988      2048.00
       2.479     0.999561         9988      2275.56
       2.493     0.999609         9989      2560.00
       2.493     0.999658         9989      2925.71
       2.509     0.999707         9990      3413.33
       2.509     0.999756         9990      4096.00
       2.509     0.999780         9990      4551.11
       2.549     0.999805         9991      5120.00
       2.549     0.999829         9991      5851.43
       2.549     0.999854         9991      6826.67
       2.549     0.999878         9991      8192.00
       2.549     0.999890         9991      9102.22
       2.585     0.999902         9992     10240.00
       2.585     1.000000         9992          inf
#[Mean    =        1.127, StdDeviation   =        0.429]
#[Max     =        2.584, Total count    =         9992]
#[Buckets =           27, SubBuckets     =         2048]
----------------------------------------------------------
  9996 requests in 10.00s, 1.67MB read
Requests/sec:    999.45
Transfer/sec:    170.80KB
