Running 10s test @ http://localhost
  2 threads and 10 connections
  Thread Stats   Avg      Stdev     Max   +/- Stdev
    Latency     1.04ms  487.28us   4.92ms   65.45%
    Req/Sec       -nan      -nan   0.00      0.00%
  Latency Distribution (HdrHistogram - Recorded Latency)
 50.000%    1.02ms
 75.000%    1.37ms
 90.000%    1.72ms
 99.000%    2.21ms
 99.900%    2.71ms
 99.990%    4.57ms
 99.999%    4.93ms
100.000%    4.93ms

  Detailed Percentile spectrum:
       Value   Percentile   TotalCount 1/(1-Percentile)

       0.119     0.000000            1         1.00
       0.448     0.100000         1001         1.11
       0.572     0.200000         2001         1.25
       0.696     0.300000         3002         1.43
       0.852     0.400000         3998         1.67
       1.016     0.500000         4999         2.00
       1.085     0.550000         5500         2.22
       1.152     0.600000         5997         2.50
       1.222     0.650000         6495         2.86
       1.294     0.700000         6995         3.33
       1.373     0.750000         7496         4.00
       1.415     0.775000         7752         4.44
       1.461     0.800000         7997         5.00
       1.507     0.825000         8246         5.71
       1.558     0.850000         8494         6.67
       1.627     0.875000         8745         8.00
       1.679     0.887500         8868         8.89
       1.723     0.900000         8995        10.00
       1.773     0.912500         9118        11.43
       1.823     0.925000         9244        13.33
       1.879     0.937500         9369        16.00
       1.911     0.943750         9432        17.78
       1.940     0.950000         9493        20.00
       1.967     0.956250         9555        22.86
       1.993     0.962500         9620        26.67
       2.033     0.968750         9680        32.00
       2.057     0.971875         9713        35.56
       2.079     0.975000         9743        40.00
       2.099     0.978125         9775        45.71
       2.121     0.981250         9805        53.33
       2.155     0.984375         9839        64.00
       2.173     0.985938         9853        71.11
       2.185     0.987500         9868        80.00
       2.203     0.989062         9883        91.43
       2.221     0.990625         9900       106.67
       2.251     0.992188         9914       128.00
       2.257     0.992969         9924       142.22
       2.265     0.993750         9930       160.00
       2.279     0.994531         9939       182.86
       2.301     0.995313         9946       213.33
       2.313     0.996094         9953       256.00
       2.351     0.996484         9957       284.44
       2.361     0.996875         9961       320.00
       2.387     0.997266         9965       365.71
       2.427     0.997656         9970       426.67
       2.501     0.998047         9973       512.00
       2.599     0.998242         9975       568.89
       2.615     0.998437         9977       640.00
       2.659     0.998633         9979       731.43
       2.687     0.998828         9981       853.33
       2.709     0.999023         9983      1024.00
       2.725     0.999121         9984      1137.78
       2.757     0.999219         9985      1280.00
       2.787     0.999316         9986      1462.86
       2.843     0.999414         9987      1706.67
       2.979     0.999512         9988      2048.00
       2.979     0.999561         9988      2275.56
       3.099     0.999609         9989      2560.00
       3.099     0.999658         9989      2925.71
       4.143     0.999707         9990      3413.33
       4.143     0.999756         9990      4096.00
       4.143     0.999780         9990      4551.11
       4.567     0.999805         9991      5120.00
       4.567     0.999829         9991      5851.43
       4.567     0.999854         9991      6826.67
       4.567     0.999878         9991      8192.00
       4.567     0.999890         9991      9102.22
       4.927     0.999902         9992     10240.00
       4.927     1.000000         9992          inf
#[Mean    =        1.044, StdDeviation   =        0.487]
#[Max     =        4.924, Total count    =         9992]
#[Buckets =           27, SubBuckets     =         2048]
----------------------------------------------------------
  9997 requests in 10.00s, 1.67MB read
Requests/sec:    999.58
Transfer/sec:    170.83KB
