Running 10s test @ http://localhost
  2 threads and 10 connections
  Thread Stats   Avg      Stdev     Max   +/- Stdev
    Latency     1.23ms  571.05us   5.80ms   74.24%
    Req/Sec       -nan      -nan   0.00      0.00%
  Latency Distribution (HdrHistogram - Recorded Latency)
 50.000%    1.18ms
 75.000%    1.51ms
 90.000%    1.86ms
 99.000%    3.42ms
 99.900%    4.78ms
 99.990%    5.68ms
 99.999%    5.80ms
100.000%    5.80ms

  Detailed Percentile spectrum:
       Value   Percentile   TotalCount 1/(1-Percentile)

       0.193     0.000000            1         1.00
       0.593     0.100000         1002         1.11
       0.756     0.200000         2004         1.25
       0.910     0.300000         2999         1.43
       1.052     0.400000         4003         1.67
       1.178     0.500000         5005         2.00
       1.241     0.550000         5501         2.22
       1.304     0.600000         6003         2.50
       1.368     0.650000         6498         2.86
       1.436     0.700000         6998         3.33
       1.508     0.750000         7498         4.00
       1.552     0.775000         7747         4.44
       1.599     0.800000         7998         5.00
       1.652     0.825000         8252         5.71
       1.705     0.850000         8494         6.67
       1.783     0.875000         8747         8.00
       1.819     0.887500         8871         8.89
       1.860     0.900000         8993        10.00
       1.913     0.912500         9120        11.43
       1.968     0.925000         9245        13.33
       2.035     0.937500         9368        16.00
       2.081     0.943750         9433        17.78
       2.129     0.950000         9495        20.00
       2.189     0.956250         9555        22.86
       2.253     0.962500         9620        26.67
       2.313     0.968750         9681        32.00
       2.365     0.971875         9711        35.56
       2.437     0.975000         9744        40.00
       2.535     0.978125         9774        45.71
       2.667     0.981250         9805        53.33
       2.927     0.984375         9836        64.00
       3.047     0.985938         9852        71.11
       3.221     0.987500         9868        80.00
       3.341     0.989062         9883        91.43
       3.495     0.990625         9899       106.67
       3.715     0.992188         9914       128.00
       3.807     0.992969         9922       142.22
       3.955     0.993750         9930       160.00
       4.023     0.994531         9938       182.86
       4.079     0.995313         9946       213.33
       4.147     0.996094         9953       256.00
       4.195     0.996484         9957       284.44
       4.255     0.996875         9964       320.00
       4.263     0.997266         9966       365.71
       4.279     0.997656         9969       426.67
       4.367     0.998047         9973       512.00
       4.387     0.998242         9975       568.89
       4.395     0.998437         9977       640.00
       4.471     0.998633         9979       731.43
       4.675     0.998828         9981       853.33
       4.787     0.999023         9983      1024.00
       4.895     0.999121         9984      1137.78
       4.939     0.999219         9985      1280.00
       4.947     0.999316         9986      1462.86
       4.967     0.999414         9987      1706.67
       5.031     0.999512         9988      2048.00
       5.031     0.999561         9988      2275.56
       5.087     0.999609         9989      2560.00
       5.087     0.999658         9989      2925.71
       5.535     0.999707         9990      3413.33
       5.535     0.999756         9990      4096.00
       5.535     0.999780         9990      4551.11
       5.675     0.999805         9991      5120.00
       5.675     0.999829         9991      5851.43
       5.675     0.999854         9991      6826.67
       5.675     0.999878         9991      8192.00
       5.675     0.999890         9991      9102.22
       5.799     0.999902         9992     10240.00
       5.799     1.000000         9992          inf
#[Mean    =        1.230, StdDeviation   =        0.571]
#[Max     =        5.796, Total count    =         9992]
#[Buckets =           27, SubBuckets     =         2048]
----------------------------------------------------------
  9996 requests in 10.00s, 1.67MB read
Requests/sec:    999.36
Transfer/sec:    170.79KB
