Running 10s test @ http://localhost
  2 threads and 10 connections
  Thread Stats   Avg      Stdev     Max   +/- Stdev
    Latency     1.18ms  501.57us   3.12ms   60.67%
    Req/Sec       -nan      -nan   0.00      0.00%
  Latency Distribution (HdrHistogram - Recorded Latency)
 50.000%    1.10ms
 75.000%    1.61ms
 90.000%    1.86ms
 99.000%    2.27ms
 99.900%    2.65ms
 99.990%    3.05ms
 99.999%    3.12ms
100.000%    3.12ms

  Detailed Percentile spectrum:
       Value   Percentile   TotalCount 1/(1-Percentile)

       0.192     0.000000            1         1.00
       0.565     0.100000         1004         1.11
       0.696     0.200000         2000         1.25
       0.805     0.300000         3005         1.43
       0.930     0.400000         4004         1.67
       1.096     0.500000         4998         2.00
       1.208     0.550000         5498         2.22
       1.313     0.600000         6002         2.50
       1.422     0.650000         6495         2.86
       1.516     0.700000         6996         3.33
       1.613     0.750000         7497         4.00
       1.660     0.775000         7748         4.44
       1.697     0.800000         7996         5.00
       1.739     0.825000         8249         5.71
       1.777     0.850000         8496         6.67
       1.822     0.875000         8744         8.00
       1.846     0.887500         8869         8.89
       1.864     0.900000         8995        10.00
       1.891     0.912500         9118        11.43
       1.919     0.925000         9250        13.33
       1.949     0.937500         9371        16.00
       1.969     0.943750         9431        17.78
       1.985     0.950000         9493        20.00
       2.007     0.956250         9557        22.86
       2.034     0.962500         9621        26.67
       2.069     0.968750         9680        32.00
       2.089     0.971875         9711        35.56
       2.111     0.975000         9744        40.00
       2.137     0.978125         9777        45.71
       2.161     0.981250         9806        53.33
       2.191     0.984375         9836        64.00
       2.209     0.985938         9852        71.11
       2.229     0.987500         9868        80.00
       2.249     0.989062         9883        91.43
       2.285     0.990625         9900       106.67
       2.311     0.992188         9914       128.00
       2.323     0.992969         9922       142.22
       2.343     0.993750         9931       160.00
       2.363     0.994531         9938       182.86
       2.391     0.995313         9946       213.33
       2.413     0.996094         9953       256.00
       2.435     0.996484         9957       284.44
       2.441     0.996875         9961       320.00
       2.475     0.997266         9965       365.71
       2.491     0.997656         9969       426.67
       2.517     0.998047         9973       512.00
       2.561     0.998242         9976       568.89
       2.577     0.998437         9977       640.00
       2.625     0.998633         9979       731.43
       2.649     0.998828         9982       853.33
       2.665     0.999023         9983      1024.00
       2.685     0.999121         9984      1137.78
       2.693     0.999219         9985      1280.00
       2.745     0.999316         9986      1462.86
       2.795     0.999414         9987      1706.67
       2.839     0.999512         9988      2048.00
       2.839     0.999561         9988      2275.56
       2.897     0.999609         9989      2560.00
       2.897     0.999658         9989      2925.71
       2.979     0.999707         9990      3413.33
       2.979     0.999756         9990      4096.00
       2.979     0.999780         9990      4551.11
       3.051     0.999805         9991      5120.00
       3.051     0.999829         9991      5851.43
       3.051     0.999854         9991      6826.67
       3.051     0.999878         9991      8192.00
       3.051     0.999890         9991      9102.22
       3.119     0.999902         9992     10240.00
       3.119     1.000000         9992          inf
#[Mean    =        1.178, StdDeviation   =        0.502]
#[Max     =        3.118, Total count    =         9992]
#[Buckets =           27, SubBuckets     =         2048]
----------------------------------------------------------
  9994 requests in 10.00s, 1.67MB read
Requests/sec:    999.26
Transfer/sec:    170.77KB
