Running 10s test @ http://localhost
  2 threads and 10 connections
  Thread Stats   Avg      Stdev     Max   +/- Stdev
    Latency     1.11ms  458.94us   2.56ms   63.68%
    Req/Sec       -nan      -nan   0.00      0.00%
  Latency Distribution (HdrHistogram - Recorded Latency)
 50.000%    1.15ms
 75.000%    1.44ms
 90.000%    1.69ms
 99.000%    2.16ms
 99.900%    2.39ms
 99.990%    2.52ms
 99.999%    2.56ms
100.000%    2.56ms

  Detailed Percentile spectrum:
       Value   Percentile   TotalCount 1/(1-Percentile)

       0.154     0.000000            1         1.00
       0.473     0.100000         1002         1.11
       0.637     0.200000         2004         1.25
       0.799     0.300000         3003         1.43
       0.982     0.400000         4000         1.67
       1.147     0.500000         5003         2.00
       1.215     0.550000         5497         2.22
       1.276     0.600000         6009         2.50
       1.328     0.650000         6505         2.86
       1.379     0.700000         7000         3.33
       1.440     0.750000         7514         4.00
       1.469     0.775000         7751         4.44
       1.499     0.800000         7994         5.00
       1.537     0.825000         8249         5.71
       1.582     0.850000         8496         6.67
       1.637     0.875000         8747         8.00
       1.665     0.887500         8872         8.89
       1.693     0.900000         8993        10.00
       1.722     0.912500         9123        11.43
       1.759     0.925000         9243        13.33
       1.799     0.937500         9368        16.00
       1.824     0.943750         9430        17.78
       1.846     0.950000         9497        20.00
       1.872     0.956250         9556        22.86
       1.900     0.962500         9621        26.67
       1.934     0.968750         9682        32.00
       1.956     0.971875         9713        35.56
       1.985     0.975000         9747        40.00
       2.010     0.978125         9775        45.71
       2.036     0.981250         9806        53.33
       2.069     0.984375         9837        64.00
       2.097     0.985938         9853        71.11
       2.115     0.987500         9868        80.00
       2.145     0.989062         9886        91.43
       2.165     0.990625         9899       106.67
       2.187     0.992188         9914       128.00
       2.209     0.992969         9923       142.22
       2.217     0.993750         9930       160.00
       2.229     0.994531         9938       182.86
       2.241     0.995313         9946       213.33
       2.273     0.996094         9953       256.00
       2.281     0.996484         9957       284.44
       2.311     0.996875         9961       320.00
       2.329     0.997266         9966       365.71
       2.333     0.997656         9969       426.67
       2.343     0.998047         9973       512.00
       2.351     0.998242         9975       568.89
       2.357     0.998437         9977       640.00
       2.371     0.998633         9979       731.43
       2.393     0.998828         9981       853.33
       2.425     0.999023         9983      1024.00
       2.435     0.999121         9984      1137.78
       2.445     0.999219         9986      1280.00
       2.445     0.999316         9986      1462.86
       2.473     0.999414         9987      1706.67
       2.477     0.999512         9988      2048.00
       2.477     0.999561         9988      2275.56
       2.501     0.999609         9989      2560.00
       2.501     0.999658         9989      2925.71
       2.507     0.999707         9990      3413.33
       2.507     0.999756         9990      4096.00
       2.507     0.999780         9990      4551.11
       2.523     0.999805         9991      5120.00
       2.523     0.999829         9991      5851.43
       2.523     0.999854         9991      6826.67
       2.523     0.999878         9991      8192.00
       2.523     0.999890         9991      9102.22
       2.563     0.999902         9992     10240.00
       2.563     1.000000         9992          inf
#[Mean    =        1.107, StdDeviation   =        0.459]
#[Max     =        2.562, Total count    =         9992]
#[Buckets =           27, SubBuckets     =         2048]
----------------------------------------------------------
  9996 requests in 10.00s, 1.67MB read
Requests/sec:    999.49
Transfer/sec:    170.81KB
