Running 10s test @ http://localhost
  2 threads and 10 connections
  Thread Stats   Avg      Stdev     Max   +/- Stdev
    Latency     1.21ms  581.92us   8.02ms   72.82%
    Req/Sec       -nan      -nan   0.00      0.00%
  Latency Distribution (HdrHistogram - Recorded Latency)
 50.000%    1.17ms
 75.000%    1.54ms
 90.000%    1.87ms
 99.000%    2.95ms
 99.900%    5.49ms
 99.990%    7.58ms
 99.999%    8.03ms
100.000%    8.03ms

  Detailed Percentile spectrum:
       Value   Percentile   TotalCount 1/(1-Percentile)

       0.152     0.000000            1         1.00
       0.543     0.100000         1007         1.11
       0.728     0.200000         2000         1.25
       0.890     0.300000         3004         1.43
       1.030     0.400000         3999         1.67
       1.172     0.500000         5000         2.00
       1.241     0.550000         5505         2.22
       1.310     0.600000         6000         2.50
       1.378     0.650000         6498         2.86
       1.450     0.700000         6995         3.33
       1.537     0.750000         7496         4.00
       1.583     0.775000         7745         4.44
       1.628     0.800000         7998         5.00
       1.689     0.825000         8247         5.71
       1.744     0.850000         8501         6.67
       1.804     0.875000         8746         8.00
       1.834     0.887500         8869         8.89
       1.867     0.900000         8994        10.00
       1.901     0.912500         9119        11.43
       1.950     0.925000         9246        13.33
       1.993     0.937500         9372        16.00
       2.017     0.943750         9433        17.78
       2.053     0.950000         9494        20.00
       2.091     0.956250         9564        22.86
       2.139     0.962500         9618        26.67
       2.187     0.968750         9680        32.00
       2.229     0.971875         9713        35.56
       2.263     0.975000         9744        40.00
       2.313     0.978125         9774        45.71
       2.391     0.981250         9805        53.33
       2.543     0.984375         9836        64.00
       2.643     0.985938         9852        71.11
       2.771     0.987500         9869        80.00
       2.875     0.989062         9883        91.43
       3.075     0.990625         9899       106.67
       3.307     0.992188         9914       128.00
       3.379     0.992969         9922       142.22
       3.519     0.993750         9930       160.00
       3.787     0.994531         9938       182.86
       3.933     0.995313         9946       213.33
       4.139     0.996094         9953       256.00
       4.239     0.996484         9957       284.44
       4.387     0.996875         9961       320.00
       4.563     0.997266         9966       365.71
       4.659     0.997656         9970       426.67
       4.807     0.998047         9973       512.00
       4.943     0.998242         9975       568.89
       5.063     0.998437         9977       640.00
       5.227     0.998633         9979       731.43
       5.307     0.998828         9981       853.33
       5.723     0.999023         9983      1024.00
       5.747     0.999121         9984      1137.78
       6.627     0.999219         9985      1280.00
       7.059     0.999316         9986      1462.86
       7.079     0.999414         9987      1706.67
       7.143     0.999512         9988      2048.00
       7.143     0.999561         9988      2275.56
       7.347     0.999609         9989      2560.00
       7.347     0.999658         9989      2925.71
       7.451     0.999707         9990      3413.33
       7.451     0.999756         9990      4096.00
       7.451     0.999780         9990      4551.11
       7.579     0.999805         9991      5120.00
       7.579     0.999829         9991      5851.43
       7.579     0.999854         9991      6826.67
       7.579     0.999878         9991      8192.00
       7.579     0.999890         9991      9102.22
       8.027     0.999902         9992     10240.00
       8.027     1.000000         9992          inf
#[Mean    =        1.214, StdDeviation   =        0.582]
#[Max     =        8.024, Total count    =         9992]
#[Buckets =           27, SubBuckets     =         2048]
----------------------------------------------------------
  9994 requests in 10.00s, 1.67MB read
Requests/sec:    999.32
Transfer/sec:    170.78KB
