Running 10s test @ http://localhost
  2 threads and 10 connections
  Thread Stats   Avg      Stdev     Max   +/- Stdev
    Latency     1.23ms    1.18ms  29.25ms   99.31%
    Req/Sec       -nan      -nan   0.00      0.00%
  Latency Distribution (HdrHistogram - Recorded Latency)
 50.000%    1.16ms
 75.000%    1.54ms
 90.000%    1.84ms
 99.000%    2.31ms
 99.900%   23.26ms
 99.990%   28.93ms
 99.999%   29.26ms
100.000%   29.26ms

  Detailed Percentile spectrum:
       Value   Percentile   TotalCount 1/(1-Percentile)

       0.170     0.000000            1         1.00
       0.525     0.100000         1011         1.11
       0.681     0.200000         1999         1.25
       0.843     0.300000         3010         1.43
       0.997     0.400000         3999         1.67
       1.159     0.500000         4996         2.00
       1.235     0.550000         5504         2.22
       1.311     0.600000         5998         2.50
       1.383     0.650000         6497         2.86
       1.464     0.700000         7001         3.33
       1.540     0.750000         7499         4.00
       1.581     0.775000         7747         4.44
       1.623     0.800000         7995         5.00
       1.676     0.825000         8250         5.71
       1.720     0.850000         8498         6.67
       1.776     0.875000         8743         8.00
       1.806     0.887500         8872         8.89
       1.838     0.900000         8997        10.00
       1.874     0.912500         9124        11.43
       1.906     0.925000         9245        13.33
       1.946     0.937500         9368        16.00
       1.970     0.943750         9435        17.78
       1.993     0.950000         9494        20.00
       2.014     0.956250         9556        22.86
       2.043     0.962500         9620        26.67
       2.077     0.968750         9685        32.00
       2.097     0.971875         9711        35.56
       2.123     0.975000         9744        40.00
       2.137     0.978125         9775        45.71
       2.165     0.981250         9806        53.33
       2.207     0.984375         9837        64.00
       2.233     0.985938         9852        71.11
       2.259     0.987500         9870        80.00
       2.285     0.989062         9884        91.43
       2.337     0.990625         9899       106.67
       2.379     0.992188         9915       128.00
       2.399     0.992969         9922       142.22
       2.485     0.993750         9930       160.00
       2.753     0.994531         9938       182.86
       4.319     0.995313         9946       213.33
       5.567     0.996094         9953       256.00
       8.083     0.996484         9957       284.44
       9.279     0.996875         9961       320.00
       9.607     0.997266         9965       365.71
      13.919     0.997656         9969       426.67
      14.607     0.998047         9973       512.00
      18.943     0.998242         9975       568.89
      19.055     0.998437         9977       640.00
      19.727     0.998633         9979       731.43
      23.215     0.998828         9981       853.33
      23.583     0.999023         9983      1024.00
      23.727     0.999121         9984      1137.78
      23.855     0.999219         9985      1280.00
      24.303     0.999316         9986      1462.86
      24.639     0.999414         9987      1706.67
      24.863     0.999512         9988      2048.00
      24.863     0.999561         9988      2275.56
      27.919     0.999609         9989      2560.00
      27.919     0.999658         9989      2925.71
      28.543     0.999707         9990      3413.33
      28.543     0.999756         9990      4096.00
      28.543     0.999780         9990      4551.11
      28.927     0.999805         9991      5120.00
      28.927     0.999829         9991      5851.43
      28.927     0.999854         9991      6826.67
      28.927     0.999878         9991      8192.00
      28.927     0.999890         9991      9102.22
      29.263     0.999902         9992     10240.00
      29.263     1.000000         9992          inf
#[Mean    =        1.229, StdDeviation   =        1.180]
#[Max     =       29.248, Total count    =         9992]
#[Buckets =           27, SubBuckets     =         2048]
----------------------------------------------------------
  9994 requests in 10.00s, 1.67MB read
Requests/sec:    999.34
Transfer/sec:    170.79KB
