Running 10s test @ http://localhost
  2 threads and 10 connections
  Thread Stats   Avg      Stdev     Max   +/- Stdev
    Latency     1.49ms    1.29ms  21.01ms   94.77%
    Req/Sec       -nan      -nan   0.00      0.00%
  Latency Distribution (HdrHistogram - Recorded Latency)
 50.000%    1.26ms
 75.000%    1.63ms
 90.000%    2.13ms
 99.000%    7.26ms
 99.900%   15.94ms
 99.990%   20.48ms
 99.999%   21.02ms
100.000%   21.02ms

  Detailed Percentile spectrum:
       Value   Percentile   TotalCount 1/(1-Percentile)

       0.215     0.000000            1         1.00
       0.691     0.100000         1003         1.11
       0.875     0.200000         2004         1.25
       1.018     0.300000         3007         1.43
       1.135     0.400000         4003         1.67
       1.264     0.500000         4996         2.00
       1.329     0.550000         5497         2.22
       1.398     0.600000         5999         2.50
       1.469     0.650000         6496         2.86
       1.545     0.700000         6997         3.33
       1.635     0.750000         7498         4.00
       1.682     0.775000         7744         4.44
       1.738     0.800000         7994         5.00
       1.800     0.825000         8249         5.71
       1.877     0.850000         8495         6.67
       1.982     0.875000         8745         8.00
       2.053     0.887500         8870         8.89
       2.135     0.900000         8994        10.00
       2.237     0.912500         9118        11.43
       2.373     0.925000         9245        13.33
       2.597     0.937500         9369        16.00
       2.711     0.943750         9430        17.78
       2.869     0.950000         9493        20.00
       3.115     0.956250         9555        22.86
       3.421     0.962500         9618        26.67
       3.789     0.968750         9680        32.00
       3.937     0.971875         9711        35.56
       4.215     0.975000         9744        40.00
       4.543     0.978125         9774        45.71
       4.939     0.981250         9805        53.33
       5.651     0.984375         9836        64.00
       6.139     0.985938         9853        71.11
       6.475     0.987500         9868        80.00
       6.935     0.989062         9883        91.43
       7.559     0.990625         9899       106.67
       8.271     0.992188         9914       128.00
       8.599     0.992969         9922       142.22
       8.999     0.993750         9930       160.00
       9.535     0.994531         9938       182.86
      10.351     0.995313         9946       213.33
      10.887     0.996094         9953       256.00
      11.063     0.996484         9957       284.44
      11.311     0.996875         9961       320.00
      11.591     0.997266         9965       365.71
      13.167     0.997656         9969       426.67
      13.767     0.998047         9973       512.00
      15.287     0.998242         9975       568.89
      15.375     0.998437         9977       640.00
      15.391     0.998633         9979       731.43
      15.919     0.998828         9981       853.33
      18.383     0.999023         9983      1024.00
      18.399     0.999121         9984      1137.78
      18.607     0.999219         9985      1280.00
      18.975     0.999316         9986      1462.86
      20.287     0.999414         9987      1706.67
      20.367     0.999512         9988      2048.00
      20.367     0.999561         9988      2275.56
      20.415     0.999609         9989      2560.00
      20.415     0.999658         9989      2925.71
      20.431     0.999707         9990      3413.33
      20.431     0.999756         9990      4096.00
      20.431     0.999780         9990      4551.11
      20.479     0.999805         9991      5120.00
      20.479     0.999829         9991      5851.43
      20.479     0.999854         9991      6826.67
      20.479     0.999878         9991      8192.00
      20.479     0.999890         9991      9102.22
      21.023     0.999902         9992     10240.00
      21.023     1.000000         9992          inf
#[Mean    =        1.489, StdDeviation   =        1.291]
#[Max     =       21.008, Total count    =         9992]
#[Buckets =           27, SubBuckets     =         2048]
----------------------------------------------------------
  9996 requests in 10.00s, 1.67MB read
Requests/sec:    999.35
Transfer/sec:    170.79KB
