Running 10s test @ http://localhost
  2 threads and 10 connections
  Thread Stats   Avg      Stdev     Max   +/- Stdev
    Latency     1.08ms  473.12us   3.31ms   60.64%
    Req/Sec       -nan      -nan   0.00      0.00%
  Latency Distribution (HdrHistogram - Recorded Latency)
 50.000%    1.04ms
 75.000%    1.48ms
 90.000%    1.71ms
 99.000%    2.10ms
 99.900%    2.49ms
 99.990%    3.05ms
 99.999%    3.32ms
100.000%    3.32ms

  Detailed Percentile spectrum:
       Value   Percentile   TotalCount 1/(1-Percentile)

       0.185     0.000000            1         1.00
       0.484     0.100000         1011         1.11
       0.612     0.200000         2000         1.25
       0.743     0.300000         3003         1.43
       0.869     0.400000         3998         1.67
       1.038     0.500000         4997         2.00
       1.156     0.550000         5498         2.22
       1.247     0.600000         5996         2.50
       1.330     0.650000         6496         2.86
       1.409     0.700000         7000         3.33
       1.481     0.750000         7498         4.00
       1.517     0.775000         7758         4.44
       1.551     0.800000         7994         5.00
       1.585     0.825000         8248         5.71
       1.623     0.850000         8501         6.67
       1.662     0.875000         8745         8.00
       1.686     0.887500         8871         8.89
       1.709     0.900000         8993        10.00
       1.736     0.912500         9119        11.43
       1.771     0.925000         9245        13.33
       1.802     0.937500         9368        16.00
       1.817     0.943750         9434        17.78
       1.836     0.950000         9493        20.00
       1.854     0.956250         9555        22.86
       1.880     0.962500         9620        26.67
       1.907     0.968750         9681        32.00
       1.922     0.971875         9712        35.56
       1.941     0.975000         9743        40.00
       1.965     0.978125         9777        45.71
       1.998     0.981250         9807        53.33
       2.024     0.984375         9836        64.00
       2.045     0.985938         9852        71.11
       2.063     0.987500         9869        80.00
       2.089     0.989062         9883        91.43
       2.113     0.990625         9900       106.67
       2.169     0.992188         9914       128.00
       2.181     0.992969         9922       142.22
       2.199     0.993750         9930       160.00
       2.221     0.994531         9938       182.86
       2.269     0.995313         9946       213.33
       2.293     0.996094         9954       256.00
       2.299     0.996484         9958       284.44
       2.325     0.996875         9961       320.00
       2.333     0.997266         9966       365.71
       2.343     0.997656         9969       426.67
       2.365     0.998047         9973       512.00
       2.389     0.998242         9975       568.89
       2.407     0.998437         9977       640.00
       2.433     0.998633         9979       731.43
       2.461     0.998828         9981       853.33
       2.527     0.999023         9983      1024.00
       2.535     0.999121         9984      1137.78
       2.795     0.999219         9985      1280.00
       2.819     0.999316         9986      1462.86
       2.899     0.999414         9987      1706.67
       2.913     0.999512         9988      2048.00
       2.913     0.999561         9988      2275.56
       2.925     0.999609         9989      2560.00
       2.925     0.999658         9989      2925.71
       2.945     0.999707         9990      3413.33
       2.945     0.999756         9990      4096.00
       2.945     0.999780         9990      4551.11
       3.047     0.999805         9991      5120.00
       3.047     0.999829         9991      5851.43
       3.047     0.999854         9991      6826.67
       3.047     0.999878         9991      8192.00
       3.047     0.999890         9991      9102.22
       3.315     0.999902         9992     10240.00
       3.315     1.000000         9992          inf
#[Mean    =        1.084, StdDeviation   =        0.473]
#[Max     =        3.314, Total count    =         9992]
#[Buckets =           27, SubBuckets     =         2048]
----------------------------------------------------------
  9994 requests in 10.00s, 1.67MB read
Requests/sec:    999.38
Transfer/sec:    170.79KB
