Running 10s test @ http://localhost
  2 threads and 10 connections
  Thread Stats   Avg      Stdev     Max   +/- Stdev
    Latency     1.15ms  503.18us   6.03ms   64.52%
    Req/Sec       -nan      -nan   0.00      0.00%
  Latency Distribution (HdrHistogram - Recorded Latency)
 50.000%    1.12ms
 75.000%    1.51ms
 90.000%    1.80ms
 99.000%    2.26ms
 99.900%    3.71ms
 99.990%    6.03ms
 99.999%    6.03ms
100.000%    6.03ms

  Detailed Percentile spectrum:
       Value   Percentile   TotalCount 1/(1-Percentile)

       0.177     0.000000            1         1.00
       0.506     0.100000         1001         1.11
       0.676     0.200000         2002         1.25
       0.837     0.300000         3003         1.43
       0.981     0.400000         3997         1.67
       1.116     0.500000         4998         2.00
       1.187     0.550000         5496         2.22
       1.271     0.600000         6002         2.50
       1.350     0.650000         6498         2.86
       1.433     0.700000         6998         3.33
       1.513     0.750000         7496         4.00
       1.556     0.775000         7748         4.44
       1.601     0.800000         7994         5.00
       1.647     0.825000         8247         5.71
       1.694     0.850000         8500         6.67
       1.747     0.875000         8745         8.00
       1.777     0.887500         8871         8.89
       1.802     0.900000         8996        10.00
       1.837     0.912500         9122        11.43
       1.872     0.925000         9243        13.33
       1.916     0.937500         9368        16.00
       1.945     0.943750         9434        17.78
       1.964     0.950000         9496        20.00
       1.996     0.956250         9556        22.86
       2.026     0.962500         9618        26.67
       2.061     0.968750         9680        32.00
       2.081     0.971875         9712        35.56
       2.111     0.975000         9748        40.00
       2.137     0.978125         9776        45.71
       2.169     0.981250         9807        53.33
       2.195     0.984375         9837        64.00
       2.207     0.985938         9855        71.11
       2.225     0.987500         9868        80.00
       2.245     0.989062         9886        91.43
       2.271     0.990625         9899       106.67
       2.315     0.992188         9914       128.00
       2.331     0.992969         9922       142.22
       2.351     0.993750         9932       160.00
       2.389     0.994531         9938       182.86
       2.437     0.995313         9946       213.33
       2.485     0.996094         9953       256.00
       2.509     0.996484         9957       284.44
       2.547     0.996875         9961       320.00
       2.583     0.997266         9965       365.71
       2.691     0.997656         9969       426.67
       2.759     0.998047         9973       512.00
       2.891     0.998242         9975       568.89
       3.095     0.998437         9977       640.00
       3.261     0.998633         9979       731.43
       3.389     0.998828         9981       853.33
       3.789     0.999023         9983      1024.00
       3.919     0.999121         9984      1137.78
       4.027     0.999219         9985      1280.00
       4.123     0.999316         9986      1462.86
       4.539     0.999414         9987      1706.67
       5.487     0.999512         9988      2048.00
       5.487     0.999561         9988      2275.56
       5.751     0.999609         9989      2560.00
       5.751     0.999658         9989      2925.71
       6.015     0.999707         9990      3413.33
       6.015     0.999756         9990      4096.00
       6.015     0.999780         9990      4551.11
       6.031     0.999805         9992      5120.00
       6.031     1.000000         9992          inf
#[Mean    =        1.151, StdDeviation   =        0.503]
#[Max     =        6.028, Total count    =         9992]
#[Buckets =           27, SubBuckets     =         2048]
----------------------------------------------------------
  9996 requests in 10.00s, 1.67MB read
Requests/sec:    999.45
Transfer/sec:    170.80KB
