Running 10s test @ http://localhost
  2 threads and 10 connections
  Thread Stats   Avg      Stdev     Max   +/- Stdev
    Latency     1.26ms  613.41us   7.94ms   76.88%
    Req/Sec       -nan      -nan   0.00      0.00%
  Latency Distribution (HdrHistogram - Recorded Latency)
 50.000%    1.19ms
 75.000%    1.62ms
 90.000%    1.89ms
 99.000%    3.67ms
 99.900%    4.98ms
 99.990%    7.74ms
 99.999%    7.94ms
100.000%    7.94ms

  Detailed Percentile spectrum:
       Value   Percentile   TotalCount 1/(1-Percentile)

       0.184     0.000000            1         1.00
       0.600     0.100000         1004         1.11
       0.762     0.200000         2001         1.25
       0.897     0.300000         3003         1.43
       1.033     0.400000         4000         1.67
       1.188     0.500000         4998         2.00
       1.273     0.550000         5496         2.22
       1.358     0.600000         6000         2.50
       1.447     0.650000         6499         2.86
       1.526     0.700000         6996         3.33
       1.616     0.750000         7497         4.00
       1.656     0.775000         7747         4.44
       1.698     0.800000         8001         5.00
       1.739     0.825000         8247         5.71
       1.783     0.850000         8497         6.67
       1.834     0.875000         8744         8.00
       1.863     0.887500         8870         8.89
       1.892     0.900000         8999        10.00
       1.928     0.912500         9120        11.43
       1.965     0.925000         9247        13.33
       2.013     0.937500         9369        16.00
       2.049     0.943750         9433        17.78
       2.097     0.950000         9497        20.00
       2.153     0.956250         9555        22.86
       2.215     0.962500         9619        26.67
       2.325     0.968750         9683        32.00
       2.393     0.971875         9711        35.56
       2.489     0.975000         9743        40.00
       2.629     0.978125         9774        45.71
       2.813     0.981250         9806        53.33
       3.041     0.984375         9836        64.00
       3.235     0.985938         9852        71.11
       3.463     0.987500         9868        80.00
       3.585     0.989062         9883        91.43
       3.745     0.990625         9899       106.67
       3.889     0.992188         9914       128.00
       3.963     0.992969         9923       142.22
       4.019     0.993750         9930       160.00
       4.067     0.994531         9938       182.86
       4.195     0.995313         9947       213.33
       4.311     0.996094         9953       256.00
       4.355     0.996484         9960       284.44
       4.379     0.996875         9961       320.00
       4.491     0.997266         9965       365.71
       4.587     0.997656         9970       426.67
       4.675     0.998047         9974       512.00
       4.723     0.998242         9975       568.89
       4.759     0.998437         9977       640.00
       4.835     0.998633         9979       731.43
       4.955     0.998828         9981       853.33
       5.051     0.999023         9983      1024.00
       5.955     0.999121         9984      1137.78
       6.415     0.999219         9985      1280.00
       6.539     0.999316         9986      1462.86
       7.291     0.999414         9987      1706.67
       7.391     0.999512         9988      2048.00
       7.391     0.999561         9988      2275.56
       7.619     0.999609         9989      2560.00
       7.619     0.999658         9989      2925.71
       7.627     0.999707         9990      3413.33
       7.627     0.999756         9990      4096.00
       7.627     0.999780         9990      4551.11
       7.739     0.999805         9991      5120.00
       7.739     0.999829         9991      5851.43
       7.739     0.999854         9991      6826.67
       7.739     0.999878         9991      8192.00
       7.739     0.999890         9991      9102.22
       7.943     0.999902         9992     10240.00
       7.943     1.000000         9992          inf
#[Mean    =        1.262, StdDeviation   =        0.613]
#[Max     =        7.940, Total count    =         9992]
#[Buckets =           27, SubBuckets     =         2048]
----------------------------------------------------------
  9997 requests in 10.00s, 1.67MB read
Requests/sec:    999.62
Transfer/sec:    170.83KB
