Running 10s test @ http://localhost
  2 threads and 10 connections
  Thread Stats   Avg      Stdev     Max   +/- Stdev
    Latency     1.34ms  548.01us   8.49ms   64.61%
    Req/Sec       -nan      -nan   0.00      0.00%
  Latency Distribution (HdrHistogram - Recorded Latency)
 50.000%    1.38ms
 75.000%    1.75ms
 90.000%    2.01ms
 99.000%    2.42ms
 99.900%    3.24ms
 99.990%    8.42ms
 99.999%    8.49ms
100.000%    8.49ms

  Detailed Percentile spectrum:
       Value   Percentile   TotalCount 1/(1-Percentile)

       0.187     0.000000            1         1.00
       0.593     0.100000         1000         1.11
       0.803     0.200000         2000         1.25
       1.017     0.300000         3004         1.43
       1.213     0.400000         4001         1.67
       1.378     0.500000         4998         2.00
       1.456     0.550000         5500         2.22
       1.528     0.600000         5996         2.50
       1.599     0.650000         6498         2.86
       1.673     0.700000         6996         3.33
       1.746     0.750000         7503         4.00
       1.785     0.775000         7744         4.44
       1.823     0.800000         7996         5.00
       1.866     0.825000         8248         5.71
       1.912     0.850000         8494         6.67
       1.959     0.875000         8748         8.00
       1.985     0.887500         8874         8.89
       2.007     0.900000         8997        10.00
       2.041     0.912500         9120        11.43
       2.073     0.925000         9256        13.33
       2.109     0.937500         9373        16.00
       2.127     0.943750         9431        17.78
       2.151     0.950000         9496        20.00
       2.171     0.956250         9555        22.86
       2.197     0.962500         9618        26.67
       2.233     0.968750         9680        32.00
       2.249     0.971875         9713        35.56
       2.265     0.975000         9746        40.00
       2.287     0.978125         9776        45.71
       2.315     0.981250         9805        53.33
       2.343     0.984375         9837        64.00
       2.359     0.985938         9852        71.11
       2.375     0.987500         9869        80.00
       2.403     0.989062         9883        91.43
       2.433     0.990625         9900       106.67
       2.463     0.992188         9914       128.00
       2.485     0.992969         9923       142.22
       2.507     0.993750         9931       160.00
       2.535     0.994531         9938       182.86
       2.579     0.995313         9946       213.33
       2.633     0.996094         9953       256.00
       2.655     0.996484         9957       284.44
       2.685     0.996875         9961       320.00
       2.763     0.997266         9966       365.71
       2.811     0.997656         9969       426.67
       2.933     0.998047         9973       512.00
       2.991     0.998242         9975       568.89
       3.121     0.998437         9977       640.00
       3.207     0.998633         9979       731.43
       3.237     0.998828         9981       853.33
       3.315     0.999023         9983      1024.00
       3.327     0.999121         9984      1137.78
       3.339     0.999219         9985      1280.00
       3.443     0.999316         9986      1462.86
       3.499     0.999414         9987      1706.67
       3.567     0.999512         9988      2048.00
       3.567     0.999561         9988      2275.56
       8.043     0.999609         9989      2560.00
       8.043     0.999658         9989      2925.71
       8.423     0.999707         9991      3413.33
       8.423     0.999756         9991      4096.00
       8.423     0.999780         9991      4551.11
       8.423     0.999805         9991      5120.00
       8.423     0.999829         9991      5851.43
       8.423     0.999854         9991      6826.67
       8.423     0.999878         9991      8192.00
       8.423     0.999890         9991      9102.22
       8.495     0.999902         9992     10240.00
       8.495     1.000000         9992          inf
#[Mean    =        1.343, StdDeviation   =        0.548]
#[Max     =        8.488, Total count    =         9992]
#[Buckets =           27, SubBuckets     =         2048]
----------------------------------------------------------
  9998 requests in 10.00s, 1.67MB read
Requests/sec:    999.59
Transfer/sec:    170.83KB
