Running 10s test @ http://localhost
  2 threads and 10 connections
  Thread Stats   Avg      Stdev     Max   +/- Stdev
    Latency     1.32ms  634.39us   8.80ms   75.20%
    Req/Sec       -nan      -nan   0.00      0.00%
  Latency Distribution (HdrHistogram - Recorded Latency)
 50.000%    1.28ms
 75.000%    1.62ms
 90.000%    1.98ms
 99.000%    3.63ms
 99.900%    6.05ms
 99.990%    8.55ms
 99.999%    8.81ms
100.000%    8.81ms

  Detailed Percentile spectrum:
       Value   Percentile   TotalCount 1/(1-Percentile)

       0.191     0.000000            1         1.00
       0.600     0.100000         1000         1.11
       0.788     0.200000         2001         1.25
       0.967     0.300000         3006         1.43
       1.140     0.400000         3998         1.67
       1.276     0.500000         4996         2.00
       1.343     0.550000         5497         2.22
       1.411     0.600000         6000         2.50
       1.477     0.650000         6497         2.86
       1.544     0.700000         6999         3.33
       1.623     0.750000         7496         4.00
       1.672     0.775000         7744         4.44
       1.719     0.800000         7996         5.00
       1.769     0.825000         8249         5.71
       1.825     0.850000         8495         6.67
       1.895     0.875000         8745         8.00
       1.938     0.887500         8871         8.89
       1.975     0.900000         8994        10.00
       2.030     0.912500         9120        11.43
       2.093     0.925000         9243        13.33
       2.179     0.937500         9368        16.00
       2.227     0.943750         9432        17.78
       2.277     0.950000         9495        20.00
       2.331     0.956250         9555        22.86
       2.403     0.962500         9618        26.67
       2.515     0.968750         9680        32.00
       2.589     0.971875         9711        35.56
       2.679     0.975000         9743        40.00
       2.781     0.978125         9774        45.71
       2.927     0.981250         9805        53.33
       3.173     0.984375         9836        64.00
       3.291     0.985938         9852        71.11
       3.443     0.987500         9868        80.00
       3.545     0.989062         9883        91.43
       3.715     0.990625         9899       106.67
       3.807     0.992188         9914       128.00
       3.865     0.992969         9922       142.22
       3.957     0.993750         9930       160.00
       4.047     0.994531         9938       182.86
       4.191     0.995313         9946       213.33
       4.267     0.996094         9953       256.00
       4.359     0.996484         9957       284.44
       4.479     0.996875         9961       320.00
       4.583     0.997266         9965       365.71
       4.703     0.997656         9969       426.67
       4.975     0.998047         9973       512.00
       5.023     0.998242         9975       568.89
       5.059     0.998437         9977       640.00
       5.115     0.998633         9979       731.43
       5.331     0.998828         9981       853.33
       6.319     0.999023         9983      1024.00
       6.375     0.999121         9984      1137.78
       6.643     0.999219         9985      1280.00
       7.047     0.999316         9986      1462.86
       7.087     0.999414         9987      1706.67
       7.251     0.999512         9988      2048.00
       7.251     0.999561         9988      2275.56
       7.299     0.999609         9989      2560.00
       7.299     0.999658         9989      2925.71
       7.351     0.999707         9990      3413.33
       7.351     0.999756         9990      4096.00
       7.351     0.999780         9990      4551.11
       8.551     0.999805         9991      5120.00
       8.551     0.999829         9991      5851.43
       8.551     0.999854         9991      6826.67
       8.551     0.999878         9991      8192.00
       8.551     0.999890         9991      9102.22
       8.807     0.999902         9992     10240.00
       8.807     1.000000         9992          inf
#[Mean    =        1.316, StdDeviation   =        0.634]
#[Max     =        8.800, Total count    =         9992]
#[Buckets =           27, SubBuckets     =         2048]
----------------------------------------------------------
  9996 requests in 10.00s, 1.67MB read
Requests/sec:    999.46
Transfer/sec:    170.81KB
