Running 10s test @ http://localhost
  2 threads and 10 connections
  Thread Stats   Avg      Stdev     Max   +/- Stdev
    Latency     1.11ms  531.80us  10.14ms   75.40%
    Req/Sec       -nan      -nan   0.00      0.00%
  Latency Distribution (HdrHistogram - Recorded Latency)
 50.000%    1.09ms
 75.000%    1.42ms
 90.000%    1.68ms
 99.000%    2.29ms
 99.900%    6.90ms
 99.990%    9.58ms
 99.999%   10.15ms
100.000%   10.15ms

  Detailed Percentile spectrum:
       Value   Percentile   TotalCount 1/(1-Percentile)

       0.190     0.000000            1         1.00
       0.533     0.100000         1009         1.11
       0.668     0.200000         2003         1.25
       0.798     0.300000         3000         1.43
       0.928     0.400000         3999         1.67
       1.085     0.500000         4998         2.00
       1.163     0.550000         5502         2.22
       1.231     0.600000         6004         2.50
       1.295     0.650000         6501         2.86
       1.357     0.700000         6999         3.33
       1.422     0.750000         7494         4.00
       1.457     0.775000         7744         4.44
       1.495     0.800000         7996         5.00
       1.531     0.825000         8249         5.71
       1.572     0.850000         8496         6.67
       1.623     0.875000         8746         8.00
       1.648     0.887500         8868         8.89
       1.684     0.900000         8993        10.00
       1.731     0.912500         9119        11.43
       1.785     0.925000         9243        13.33
       1.847     0.937500         9368        16.00
       1.886     0.943750         9430        17.78
       1.924     0.950000         9493        20.00
       1.966     0.956250         9555        22.86
       2.021     0.962500         9619        26.67
       2.081     0.968750         9681        32.00
       2.107     0.971875         9711        35.56
       2.135     0.975000         9743        40.00
       2.155     0.978125         9774        45.71
       2.187     0.981250         9805        53.33
       2.215     0.984375         9837        64.00
       2.227     0.985938         9853        71.11
       2.243     0.987500         9869        80.00
       2.271     0.989062         9883        91.43
       2.293     0.990625         9899       106.67
       2.333     0.992188         9914       128.00
       2.347     0.992969         9922       142.22
       2.365     0.993750         9930       160.00
       2.411     0.994531         9938       182.86
       2.461     0.995313         9947       213.33
       2.541     0.996094         9953       256.00
       2.597     0.996484         9957       284.44
       2.659     0.996875         9961       320.00
       2.959     0.997266         9965       365.71
       3.373     0.997656         9969       426.67
       4.343     0.998047         9973       512.00
       4.703     0.998242         9975       568.89
       5.015     0.998437         9977       640.00
       6.099     0.998633         9979       731.43
       6.655     0.998828         9981       853.33
       6.907     0.999023         9983      1024.00
       6.943     0.999121         9984      1137.78
       7.151     0.999219         9985      1280.00
       7.547     0.999316         9986      1462.86
       7.755     0.999414         9987      1706.67
       8.319     0.999512         9988      2048.00
       8.319     0.999561         9988      2275.56
       8.879     0.999609         9989      2560.00
       8.879     0.999658         9989      2925.71
       9.079     0.999707         9990      3413.33
       9.079     0.999756         9990      4096.00
       9.079     0.999780         9990      4551.11
       9.583     0.999805         9991      5120.00
       9.583     0.999829         9991      5851.43
       9.583     0.999854         9991      6826.67
       9.583     0.999878         9991      8192.00
       9.583     0.999890         9991      9102.22
      10.151     0.999902         9992     10240.00
      10.151     1.000000         9992          inf
#[Mean    =        1.115, StdDeviation   =        0.532]
#[Max     =       10.144, Total count    =         9992]
#[Buckets =           27, SubBuckets     =         2048]
----------------------------------------------------------
  9994 requests in 10.00s, 1.67MB read
Requests/sec:    999.26
Transfer/sec:    170.77KB
