Running 10s test @ http://localhost
  2 threads and 10 connections
  Thread Stats   Avg      Stdev     Max   +/- Stdev
    Latency     1.07ms  496.49us   2.63ms   61.70%
    Req/Sec       -nan      -nan   0.00      0.00%
  Latency Distribution (HdrHistogram - Recorded Latency)
 50.000%    1.03ms
 75.000%    1.45ms
 90.000%    1.75ms
 99.000%    2.16ms
 99.900%    2.45ms
 99.990%    2.59ms
 99.999%    2.63ms
100.000%    2.63ms

  Detailed Percentile spectrum:
       Value   Percentile   TotalCount 1/(1-Percentile)

       0.159     0.000000            1         1.00
       0.445     0.100000         1004         1.11
       0.566     0.200000         2005         1.25
       0.696     0.300000         3001         1.43
       0.838     0.400000         4001         1.67
       1.035     0.500000         4998         2.00
       1.135     0.550000         5497         2.22
       1.225     0.600000         6002         2.50
       1.308     0.650000         6499         2.86
       1.378     0.700000         7000         3.33
       1.453     0.750000         7503         4.00
       1.490     0.775000         7745         4.44
       1.531     0.800000         7995         5.00
       1.574     0.825000         8244         5.71
       1.635     0.850000         8498         6.67
       1.696     0.875000         8745         8.00
       1.727     0.887500         8870         8.89
       1.754     0.900000         8994        10.00
       1.786     0.912500         9118        11.43
       1.818     0.925000         9245        13.33
       1.859     0.937500         9371        16.00
       1.882     0.943750         9432        17.78
       1.903     0.950000         9494        20.00
       1.933     0.956250         9555        22.86
       1.959     0.962500         9620        26.67
       1.995     0.968750         9681        32.00
       2.008     0.971875         9712        35.56
       2.028     0.975000         9745        40.00
       2.053     0.978125         9777        45.71
       2.077     0.981250         9813        53.33
       2.099     0.984375         9837        64.00
       2.113     0.985938         9852        71.11
       2.129     0.987500         9868        80.00
       2.149     0.989062         9884        91.43
       2.167     0.990625         9899       106.67
       2.201     0.992188         9915       128.00
       2.215     0.992969         9923       142.22
       2.225     0.993750         9931       160.00
       2.243     0.994531         9938       182.86
       2.255     0.995313         9946       213.33
       2.291     0.996094         9953       256.00
       2.303     0.996484         9957       284.44
       2.331     0.996875         9961       320.00
       2.353     0.997266         9966       365.71
       2.387     0.997656         9969       426.67
       2.393     0.998047         9973       512.00
       2.405     0.998242         9975       568.89
       2.413     0.998437         9977       640.00
       2.437     0.998633         9979       731.43
       2.447     0.998828         9982       853.33
       2.453     0.999023         9983      1024.00
       2.465     0.999121         9985      1137.78
       2.465     0.999219         9985      1280.00
       2.473     0.999316         9986      1462.86
       2.489     0.999414         9987      1706.67
       2.507     0.999512         9988      2048.00
       2.507     0.999561         9988      2275.56
       2.547     0.999609         9989      2560.00
       2.547     0.999658         9989      2925.71
       2.557     0.999707         9990      3413.33
       2.557     0.999756         9990      4096.00
       2.557     0.999780         9990      4551.11
       2.589     0.999805         9991      5120.00
       2.589     0.999829         9991      5851.43
       2.589     0.999854         9991      6826.67
       2.589     0.999878         9991      8192.00
       2.589     0.999890         9991      9102.22
       2.633     0.999902         9992     10240.00
       2.633     1.000000         9992          inf
#[Mean    =        1.066, StdDeviation   =        0.496]
#[Max     =        2.632, Total count    =         9992]
#[Buckets =           27, SubBuckets     =         2048]
----------------------------------------------------------
  9996 requests in 10.00s, 1.67MB read
Requests/sec:    999.52
Transfer/sec:    170.82KB
