Running 10s test @ http://localhost
  2 threads and 10 connections
  Thread Stats   Avg      Stdev     Max   +/- Stdev
    Latency     1.19ms  502.31us   5.02ms   73.25%
    Req/Sec       -nan      -nan   0.00      0.00%
  Latency Distribution (HdrHistogram - Recorded Latency)
 50.000%    1.17ms
 75.000%    1.48ms
 90.000%    1.75ms
 99.000%    3.02ms
 99.900%    4.34ms
 99.990%    4.99ms
 99.999%    5.02ms
100.000%    5.02ms

  Detailed Percentile spectrum:
       Value   Percentile   TotalCount 1/(1-Percentile)

       0.213     0.000000            1         1.00
       0.615     0.100000         1001         1.11
       0.773     0.200000         1992         1.25
       0.917     0.300000         2988         1.43
       1.038     0.400000         3985         1.67
       1.166     0.500000         4987         2.00
       1.227     0.550000         5485         2.22
       1.287     0.600000         5981         2.50
       1.348     0.650000         6475         2.86
       1.410     0.700000         6976         3.33
       1.476     0.750000         7472         4.00
       1.511     0.775000         7719         4.44
       1.547     0.800000         7969         5.00
       1.582     0.825000         8222         5.71
       1.627     0.850000         8468         6.67
       1.687     0.875000         8716         8.00
       1.719     0.887500         8844         8.89
       1.752     0.900000         8967        10.00
       1.785     0.912500         9089        11.43
       1.824     0.925000         9213        13.33
       1.863     0.937500         9338        16.00
       1.892     0.943750         9400        17.78
       1.923     0.950000         9464        20.00
       1.956     0.956250         9525        22.86
       1.993     0.962500         9587        26.67
       2.026     0.968750         9649        32.00
       2.063     0.971875         9680        35.56
       2.101     0.975000         9711        40.00
       2.169     0.978125         9744        45.71
       2.235     0.981250         9774        53.33
       2.345     0.984375         9805        64.00
       2.437     0.985938         9820        71.11
       2.625     0.987500         9836        80.00
       2.831     0.989062         9852        91.43
       3.199     0.990625         9867       106.67
       3.437     0.992188         9883       128.00
       3.537     0.992969         9890       142.22
       3.705     0.993750         9898       160.00
       3.783     0.994531         9906       182.86
       3.851     0.995313         9914       213.33
       3.939     0.996094         9922       256.00
       3.973     0.996484         9925       284.44
       4.011     0.996875         9929       320.00
       4.023     0.997266         9933       365.71
       4.067     0.997656         9937       426.67
       4.119     0.998047         9941       512.00
       4.171     0.998242         9943       568.89
       4.191     0.998437         9945       640.00
       4.215     0.998633         9947       731.43
       4.303     0.998828         9949       853.33
       4.359     0.999023         9951      1024.00
       4.515     0.999121         9952      1137.78
       4.591     0.999219         9953      1280.00
       4.715     0.999316         9954      1462.86
       4.735     0.999414         9955      1706.67
       4.759     0.999512         9956      2048.00
       4.759     0.999561         9956      2275.56
       4.795     0.999609         9957      2560.00
       4.795     0.999658         9957      2925.71
       4.963     0.999707         9958      3413.33
       4.963     0.999756         9958      4096.00
       4.963     0.999780         9958      4551.11
       4.995     0.999805         9959      5120.00
       4.995     0.999829         9959      5851.43
       4.995     0.999854         9959      6826.67
       4.995     0.999878         9959      8192.00
       4.995     0.999890         9959      9102.22
       5.023     0.999902         9960     10240.00
       5.023     1.000000         9960          inf
#[Mean    =        1.195, StdDeviation   =        0.502]
#[Max     =        5.020, Total count    =         9960]
#[Buckets =           27, SubBuckets     =         2048]
----------------------------------------------------------
  9964 requests in 9.97s, 1.66MB read
Requests/sec:    999.27
Transfer/sec:    170.77KB
