Running 10s test @ http://localhost
  2 threads and 10 connections
  Thread Stats   Avg      Stdev     Max   +/- Stdev
    Latency     1.28ms  657.72us   7.47ms   79.58%
    Req/Sec       -nan      -nan   0.00      0.00%
  Latency Distribution (HdrHistogram - Recorded Latency)
 50.000%    1.14ms
 75.000%    1.63ms
 90.000%    1.96ms
 99.000%    3.98ms
 99.900%    5.85ms
 99.990%    7.41ms
 99.999%    7.47ms
100.000%    7.47ms

  Detailed Percentile spectrum:
       Value   Percentile   TotalCount 1/(1-Percentile)

       0.221     0.000000            1         1.00
       0.621     0.100000         1002         1.11
       0.766     0.200000         1999         1.25
       0.875     0.300000         3007         1.43
       0.995     0.400000         3997         1.67
       1.145     0.500000         4996         2.00
       1.236     0.550000         5500         2.22
       1.333     0.600000         5999         2.50
       1.434     0.650000         6502         2.86
       1.528     0.700000         6997         3.33
       1.629     0.750000         7494         4.00
       1.680     0.775000         7746         4.44
       1.726     0.800000         7998         5.00
       1.775     0.825000         8245         5.71
       1.829     0.850000         8495         6.67
       1.886     0.875000         8747         8.00
       1.918     0.887500         8872         8.89
       1.959     0.900000         8993        10.00
       2.007     0.912500         9121        11.43
       2.069     0.925000         9246        13.33
       2.137     0.937500         9368        16.00
       2.181     0.943750         9432        17.78
       2.225     0.950000         9493        20.00
       2.293     0.956250         9556        22.86
       2.369     0.962500         9618        26.67
       2.487     0.968750         9681        32.00
       2.581     0.971875         9711        35.56
       2.709     0.975000         9743        40.00
       2.855     0.978125         9775        45.71
       3.059     0.981250         9805        53.33
       3.319     0.984375         9836        64.00
       3.449     0.985938         9852        71.11
       3.731     0.987500         9868        80.00
       3.901     0.989062         9883        91.43
       4.033     0.990625         9899       106.67
       4.243     0.992188         9914       128.00
       4.279     0.992969         9922       142.22
       4.399     0.993750         9930       160.00
       4.459     0.994531         9938       182.86
       4.559     0.995313         9946       213.33
       4.731     0.996094         9953       256.00
       4.795     0.996484         9957       284.44
       4.923     0.996875         9962       320.00
       4.971     0.997266         9965       365.71
       5.079     0.997656         9969       426.67
       5.279     0.998047         9973       512.00
       5.547     0.998242         9975       568.89
       5.631     0.998437         9977       640.00
       5.723     0.998633         9979       731.43
       5.835     0.998828         9981       853.33
       5.871     0.999023         9983      1024.00
       5.963     0.999121         9984      1137.78
       5.987     0.999219         9985      1280.00
       6.371     0.999316         9986      1462.86
       6.479     0.999414         9987      1706.67
       6.751     0.999512         9988      2048.00
       6.751     0.999561         9988      2275.56
       6.851     0.999609         9989      2560.00
       6.851     0.999658         9989      2925.71
       7.067     0.999707         9990      3413.33
       7.067     0.999756         9990      4096.00
       7.067     0.999780         9990      4551.11
       7.411     0.999805         9991      5120.00
       7.411     0.999829         9991      5851.43
       7.411     0.999854         9991      6826.67
       7.411     0.999878         9991      8192.00
       7.411     0.999890         9991      9102.22
       7.475     0.999902         9992     10240.00
       7.475     1.000000         9992          inf
#[Mean    =        1.275, StdDeviation   =        0.658]
#[Max     =        7.472, Total count    =         9992]
#[Buckets =           27, SubBuckets     =         2048]
----------------------------------------------------------
  9995 requests in 10.00s, 1.67MB read
Requests/sec:    999.29
Transfer/sec:    170.78KB
