Running 10s test @ http://localhost
  2 threads and 10 connections
  Thread Stats   Avg      Stdev     Max   +/- Stdev
    Latency     1.18ms  644.53us  13.24ms   84.34%
    Req/Sec       -nan      -nan   0.00      0.00%
  Latency Distribution (HdrHistogram - Recorded Latency)
 50.000%    1.07ms
 75.000%    1.43ms
 90.000%    1.76ms
 99.000%    3.74ms
 99.900%    5.95ms
 99.990%   10.60ms
 99.999%   13.25ms
100.000%   13.25ms

  Detailed Percentile spectrum:
       Value   Percentile   TotalCount 1/(1-Percentile)

       0.183     0.000000            1         1.00
       0.579     0.100000         1001         1.11
       0.716     0.200000         2008         1.25
       0.837     0.300000         3003         1.43
       0.945     0.400000         4005         1.67
       1.065     0.500000         4998         2.00
       1.137     0.550000         5496         2.22
       1.212     0.600000         5997         2.50
       1.286     0.650000         6502         2.86
       1.354     0.700000         6995         3.33
       1.429     0.750000         7495         4.00
       1.473     0.775000         7746         4.44
       1.514     0.800000         7999         5.00
       1.559     0.825000         8246         5.71
       1.611     0.850000         8495         6.67
       1.675     0.875000         8743         8.00
       1.713     0.887500         8869         8.89
       1.757     0.900000         8994        10.00
       1.805     0.912500         9119        11.43
       1.868     0.925000         9244        13.33
       1.987     0.937500         9368        16.00
       2.081     0.943750         9432        17.78
       2.153     0.950000         9493        20.00
       2.247     0.956250         9555        22.86
       2.351     0.962500         9618        26.67
       2.433     0.968750         9680        32.00
       2.493     0.971875         9711        35.56
       2.609     0.975000         9743        40.00
       2.741     0.978125         9774        45.71
       2.873     0.981250         9805        53.33
       3.053     0.984375         9836        64.00
       3.231     0.985938         9853        71.11
       3.429     0.987500         9868        80.00
       3.637     0.989062         9883        91.43
       3.797     0.990625         9900       106.67
       4.115     0.992188         9914       128.00
       4.279     0.992969         9922       142.22
       4.379     0.993750         9930       160.00
       4.471     0.994531         9938       182.86
       4.607     0.995313         9946       213.33
       4.795     0.996094         9953       256.00
       4.979     0.996484         9957       284.44
       5.091     0.996875         9961       320.00
       5.243     0.997266         9965       365.71
       5.311     0.997656         9969       426.67
       5.539     0.998047         9973       512.00
       5.551     0.998242         9975       568.89
       5.711     0.998437         9977       640.00
       5.739     0.998633         9979       731.43
       5.787     0.998828         9981       853.33
       6.007     0.999023         9983      1024.00
       6.087     0.999121         9984      1137.78
       6.539     0.999219         9985      1280.00
       6.543     0.999316         9986      1462.86
       8.119     0.999414         9987      1706.67
       8.943     0.999512         9988      2048.00
       8.943     0.999561         9988      2275.56
       9.047     0.999609         9989      2560.00
       9.047     0.999658         9989      2925.71
       9.495     0.999707         9990      3413.33
       9.495     0.999756         9990      4096.00
       9.495     0.999780         9990      4551.11
      10.599     0.999805         9991      5120.00
      10.599     0.999829         9991      5851.43
      10.599     0.999854         9991      6826.67
      10.599     0.999878         9991      8192.00
      10.599     0.999890         9991      9102.22
      13.247     0.999902         9992     10240.00
      13.247     1.000000         9992          inf
#[Mean    =        1.175, StdDeviation   =        0.645]
#[Max     =       13.240, Total count    =         9992]
#[Buckets =           27, SubBuckets     =         2048]
----------------------------------------------------------
  9995 requests in 10.00s, 1.67MB read
Requests/sec:    999.36
Transfer/sec:    170.79KB
