Running 10s test @ http://localhost
  2 threads and 10 connections
  Thread Stats   Avg      Stdev     Max   +/- Stdev
    Latency     1.34ms  604.81us   8.19ms   80.34%
    Req/Sec       -nan      -nan   0.00      0.00%
  Latency Distribution (HdrHistogram - Recorded Latency)
 50.000%    1.28ms
 75.000%    1.63ms
 90.000%    1.91ms
 99.000%    3.87ms
 99.900%    5.74ms
 99.990%    7.82ms
 99.999%    8.20ms
100.000%    8.20ms

  Detailed Percentile spectrum:
       Value   Percentile   TotalCount 1/(1-Percentile)

       0.235     0.000000            1         1.00
       0.719     0.100000         1004         1.11
       0.881     0.200000         1999         1.25
       1.017     0.300000         3005         1.43
       1.146     0.400000         3998         1.67
       1.280     0.500000         4999         2.00
       1.345     0.550000         5497         2.22
       1.413     0.600000         5996         2.50
       1.485     0.650000         6497         2.86
       1.552     0.700000         7001         3.33
       1.632     0.750000         7501         4.00
       1.668     0.775000         7748         4.44
       1.709     0.800000         7997         5.00
       1.751     0.825000         8247         5.71
       1.793     0.850000         8500         6.67
       1.845     0.875000         8746         8.00
       1.876     0.887500         8869         8.89
       1.909     0.900000         8998        10.00
       1.948     0.912500         9118        11.43
       2.004     0.925000         9244        13.33
       2.081     0.937500         9369        16.00
       2.127     0.943750         9432        17.78
       2.185     0.950000         9494        20.00
       2.257     0.956250         9556        22.86
       2.355     0.962500         9621        26.67
       2.475     0.968750         9681        32.00
       2.549     0.971875         9711        35.56
       2.623     0.975000         9743        40.00
       2.805     0.978125         9774        45.71
       3.053     0.981250         9805        53.33
       3.327     0.984375         9836        64.00
       3.517     0.985938         9852        71.11
       3.663     0.987500         9868        80.00
       3.807     0.989062         9883        91.43
       3.943     0.990625         9899       106.67
       4.123     0.992188         9914       128.00
       4.191     0.992969         9924       142.22
       4.255     0.993750         9931       160.00
       4.339     0.994531         9938       182.86
       4.487     0.995313         9946       213.33
       4.555     0.996094         9954       256.00
       4.575     0.996484         9957       284.44
       4.603     0.996875         9961       320.00
       4.695     0.997266         9965       365.71
       4.811     0.997656         9969       426.67
       4.871     0.998047         9973       512.00
       4.911     0.998242         9975       568.89
       4.975     0.998437         9977       640.00
       5.279     0.998633         9979       731.43
       5.587     0.998828         9981       853.33
       5.783     0.999023         9983      1024.00
       5.787     0.999121         9984      1137.78
       5.887     0.999219         9985      1280.00
       5.995     0.999316         9986      1462.86
       6.007     0.999414         9987      1706.67
       6.031     0.999512         9988      2048.00
       6.031     0.999561         9988      2275.56
       6.683     0.999609         9989      2560.00
       6.683     0.999658         9989      2925.71
       7.803     0.999707         9990      3413.33
       7.803     0.999756         9990      4096.00
       7.803     0.999780         9990      4551.11
       7.823     0.999805         9991      5120.00
       7.823     0.999829         9991      5851.43
       7.823     0.999854         9991      6826.67
       7.823     0.999878         9991      8192.00
       7.823     0.999890         9991      9102.22
       8.199     0.999902         9992     10240.00
       8.199     1.000000         9992          inf
#[Mean    =        1.341, StdDeviation   =        0.605]
#[Max     =        8.192, Total count    =         9992]
#[Buckets =           27, SubBuckets     =         2048]
----------------------------------------------------------
  9998 requests in 10.00s, 1.67MB read
Requests/sec:    999.56
Transfer/sec:    170.82KB
