Running 10s test @ http://localhost
  2 threads and 10 connections
  Thread Stats   Avg      Stdev     Max   +/- Stdev
    Latency     1.31ms  622.01us   7.20ms   73.14%
    Req/Sec       -nan      -nan   0.00      0.00%
  Latency Distribution (HdrHistogram - Recorded Latency)
 50.000%    1.29ms
 75.000%    1.66ms
 90.000%    1.98ms
 99.000%    3.44ms
 99.900%    5.44ms
 99.990%    7.16ms
 99.999%    7.20ms
100.000%    7.20ms

  Detailed Percentile spectrum:
       Value   Percentile   TotalCount 1/(1-Percentile)

       0.192     0.000000            1         1.00
       0.598     0.100000         1003         1.11
       0.777     0.200000         2003         1.25
       0.944     0.300000         3002         1.43
       1.118     0.400000         3997         1.67
       1.286     0.500000         4996         2.00
       1.362     0.550000         5502         2.22
       1.435     0.600000         6001         2.50
       1.505     0.650000         6496         2.86
       1.583     0.700000         6999         3.33
       1.657     0.750000         7495         4.00
       1.702     0.775000         7751         4.44
       1.747     0.800000         7998         5.00
       1.797     0.825000         8246         5.71
       1.845     0.850000         8495         6.67
       1.911     0.875000         8745         8.00
       1.943     0.887500         8871         8.89
       1.976     0.900000         8994        10.00
       2.012     0.912500         9120        11.43
       2.063     0.925000         9244        13.33
       2.121     0.937500         9368        16.00
       2.155     0.943750         9430        17.78
       2.217     0.950000         9494        20.00
       2.271     0.956250         9555        22.86
       2.355     0.962500         9619        26.67
       2.477     0.968750         9680        32.00
       2.551     0.971875         9711        35.56
       2.635     0.975000         9743        40.00
       2.723     0.978125         9774        45.71
       2.935     0.981250         9806        53.33
       3.073     0.984375         9836        64.00
       3.185     0.985938         9852        71.11
       3.249     0.987500         9868        80.00
       3.393     0.989062         9883        91.43
       3.481     0.990625         9899       106.67
       3.633     0.992188         9914       128.00
       3.707     0.992969         9922       142.22
       3.781     0.993750         9930       160.00
       3.897     0.994531         9938       182.86
       4.023     0.995313         9946       213.33
       4.191     0.996094         9953       256.00
       4.371     0.996484         9957       284.44
       4.567     0.996875         9961       320.00
       4.771     0.997266         9965       365.71
       4.947     0.997656         9969       426.67
       5.007     0.998047         9973       512.00
       5.083     0.998242         9975       568.89
       5.171     0.998437         9977       640.00
       5.351     0.998633         9979       731.43
       5.379     0.998828         9981       853.33
       5.559     0.999023         9983      1024.00
       5.607     0.999121         9984      1137.78
       5.667     0.999219         9985      1280.00
       5.999     0.999316         9986      1462.86
       6.063     0.999414         9987      1706.67
       6.247     0.999512         9988      2048.00
       6.247     0.999561         9988      2275.56
       6.875     0.999609         9989      2560.00
       6.875     0.999658         9989      2925.71
       7.027     0.999707         9990      3413.33
       7.027     0.999756         9990      4096.00
       7.027     0.999780         9990      4551.11
       7.155     0.999805         9991      5120.00
       7.155     0.999829         9991      5851.43
       7.155     0.999854         9991      6826.67
       7.155     0.999878         9991      8192.00
       7.155     0.999890         9991      9102.22
       7.203     0.999902         9992     10240.00
       7.203     1.000000         9992          inf
#[Mean    =        1.315, StdDeviation   =        0.622]
#[Max     =        7.200, Total count    =         9992]
#[Buckets =           27, SubBuckets     =         2048]
----------------------------------------------------------
  9996 requests in 10.00s, 1.67MB read
Requests/sec:    999.37
Transfer/sec:    170.79KB
