Running 10s test @ http://localhost
  2 threads and 10 connections
  Thread Stats   Avg      Stdev     Max   +/- Stdev
    Latency     1.38ms  729.61us  11.82ms   82.40%
    Req/Sec       -nan      -nan   0.00      0.00%
  Latency Distribution (HdrHistogram - Recorded Latency)
 50.000%    1.32ms
 75.000%    1.68ms
 90.000%    2.05ms
 99.000%    3.96ms
 99.900%   10.01ms
 99.990%   11.73ms
 99.999%   11.82ms
100.000%   11.82ms

  Detailed Percentile spectrum:
       Value   Percentile   TotalCount 1/(1-Percentile)

       0.231     0.000000            2         1.00
       0.669     0.100000         1000         1.11
       0.843     0.200000         2003         1.25
       1.015     0.300000         2999         1.43
       1.176     0.400000         3999         1.67
       1.316     0.500000         5000         2.00
       1.383     0.550000         5503         2.22
       1.454     0.600000         6001         2.50
       1.525     0.650000         6497         2.86
       1.599     0.700000         6998         3.33
       1.681     0.750000         7495         4.00
       1.726     0.775000         7745         4.44
       1.775     0.800000         7998         5.00
       1.830     0.825000         8245         5.71
       1.891     0.850000         8494         6.67
       1.959     0.875000         8743         8.00
       2.002     0.887500         8872         8.89
       2.047     0.900000         8994        10.00
       2.107     0.912500         9124        11.43
       2.165     0.925000         9244        13.33
       2.253     0.937500         9368        16.00
       2.297     0.943750         9432        17.78
       2.349     0.950000         9496        20.00
       2.407     0.956250         9556        22.86
       2.487     0.962500         9618        26.67
       2.597     0.968750         9680        32.00
       2.681     0.971875         9712        35.56
       2.775     0.975000         9744        40.00
       2.905     0.978125         9774        45.71
       3.057     0.981250         9806        53.33
       3.205     0.984375         9837        64.00
       3.393     0.985938         9852        71.11
       3.523     0.987500         9868        80.00
       3.843     0.989062         9883        91.43
       4.033     0.990625         9899       106.67
       4.207     0.992188         9915       128.00
       4.303     0.992969         9922       142.22
       4.479     0.993750         9930       160.00
       4.663     0.994531         9938       182.86
       4.787     0.995313         9946       213.33
       4.899     0.996094         9954       256.00
       5.063     0.996484         9957       284.44
       5.295     0.996875         9961       320.00
       6.003     0.997266         9965       365.71
       6.643     0.997656         9969       426.67
       7.111     0.998047         9973       512.00
       7.283     0.998242         9975       568.89
       8.151     0.998437         9977       640.00
       9.071     0.998633         9979       731.43
       9.295     0.998828         9981       853.33
      10.087     0.999023         9983      1024.00
      10.247     0.999121         9984      1137.78
      10.631     0.999219         9985      1280.00
      10.687     0.999316         9986      1462.86
      11.079     0.999414         9987      1706.67
      11.351     0.999512         9988      2048.00
      11.351     0.999561         9988      2275.56
      11.431     0.999609         9989      2560.00
      11.431     0.999658         9989      2925.71
      11.591     0.999707         9990      3413.33
      11.591     0.999756         9990      4096.00
      11.591     0.999780         9990      4551.11
      11.727     0.999805         9991      5120.00
      11.727     0.999829         9991      5851.43
      11.727     0.999854         9991      6826.67
      11.727     0.999878         9991      8192.00
      11.727     0.999890         9991      9102.22
      11.823     0.999902         9992     10240.00
      11.823     1.000000         9992          inf
#[Mean    =        1.382, StdDeviation   =        0.730]
#[Max     =       11.816, Total count    =         9992]
#[Buckets =           27, SubBuckets     =         2048]
----------------------------------------------------------
  9994 requests in 10.00s, 1.67MB read
Requests/sec:    999.31
Transfer/sec:    170.78KB
