Running 10s test @ http://localhost
  2 threads and 10 connections
  Thread Stats   Avg      Stdev     Max   +/- Stdev
    Latency     1.31ms  699.40us   9.11ms   83.66%
    Req/Sec       -nan      -nan   0.00      0.00%
  Latency Distribution (HdrHistogram - Recorded Latency)
 50.000%    1.23ms
 75.000%    1.62ms
 90.000%    1.92ms
 99.000%    4.28ms
 99.900%    6.57ms
 99.990%    8.06ms
 99.999%    9.12ms
100.000%    9.12ms

  Detailed Percentile spectrum:
       Value   Percentile   TotalCount 1/(1-Percentile)

       0.260     0.000000            1         1.00
       0.636     0.100000         1003         1.11
       0.767     0.200000         2002         1.25
       0.902     0.300000         3001         1.43
       1.062     0.400000         3997         1.67
       1.231     0.500000         4999         2.00
       1.316     0.550000         5498         2.22
       1.397     0.600000         5999         2.50
       1.470     0.650000         6499         2.86
       1.543     0.700000         6997         3.33
       1.618     0.750000         7498         4.00
       1.657     0.775000         7745         4.44
       1.697     0.800000         7999         5.00
       1.744     0.825000         8247         5.71
       1.789     0.850000         8495         6.67
       1.849     0.875000         8744         8.00
       1.885     0.887500         8870         8.89
       1.922     0.900000         8995        10.00
       1.972     0.912500         9119        11.43
       2.031     0.925000         9245        13.33
       2.105     0.937500         9370        16.00
       2.153     0.943750         9430        17.78
       2.229     0.950000         9493        20.00
       2.299     0.956250         9557        22.86
       2.453     0.962500         9618        26.67
       2.625     0.968750         9680        32.00
       2.815     0.971875         9711        35.56
       3.001     0.975000         9743        40.00
       3.367     0.978125         9774        45.71
       3.625     0.981250         9805        53.33
       3.833     0.984375         9836        64.00
       3.989     0.985938         9852        71.11
       4.111     0.987500         9868        80.00
       4.219     0.989062         9883        91.43
       4.351     0.990625         9899       106.67
       4.639     0.992188         9914       128.00
       4.707     0.992969         9922       142.22
       4.799     0.993750         9930       160.00
       4.839     0.994531         9938       182.86
       5.019     0.995313         9946       213.33
       5.227     0.996094         9953       256.00
       5.299     0.996484         9957       284.44
       5.427     0.996875         9961       320.00
       5.543     0.997266         9965       365.71
       5.743     0.997656         9969       426.67
       5.971     0.998047         9973       512.00
       5.999     0.998242         9975       568.89
       6.079     0.998437         9977       640.00
       6.339     0.998633         9979       731.43
       6.487     0.998828         9981       853.33
       6.587     0.999023         9983      1024.00
       6.643     0.999121         9984      1137.78
       6.699     0.999219         9985      1280.00
       6.743     0.999316         9986      1462.86
       7.007     0.999414         9987      1706.67
       7.183     0.999512         9988      2048.00
       7.183     0.999561         9988      2275.56
       7.307     0.999609         9989      2560.00
       7.307     0.999658         9989      2925.71
       8.039     0.999707         9990      3413.33
       8.039     0.999756         9990      4096.00
       8.039     0.999780         9990      4551.11
       8.055     0.999805         9991      5120.00
       8.055     0.999829         9991      5851.43
       8.055     0.999854         9991      6826.67
       8.055     0.999878         9991      8192.00
       8.055     0.999890         9991      9102.22
       9.119     0.999902         9992     10240.00
       9.119     1.000000         9992          inf
#[Mean    =        1.312, StdDeviation   =        0.699]
#[Max     =        9.112, Total count    =         9992]
#[Buckets =           27, SubBuckets     =         2048]
----------------------------------------------------------
  9997 requests in 10.00s, 1.67MB read
Requests/sec:    999.61
Transfer/sec:    170.83KB
