Running 10s test @ http://localhost
  2 threads and 10 connections
  Thread Stats   Avg      Stdev     Max   +/- Stdev
    Latency     1.27ms  818.48us  19.62ms   90.08%
    Req/Sec       -nan      -nan   0.00      0.00%
  Latency Distribution (HdrHistogram - Recorded Latency)
 50.000%    1.22ms
 75.000%    1.52ms
 90.000%    1.84ms
 99.000%    3.97ms
 99.900%   11.65ms
 99.990%   19.58ms
 99.999%   19.63ms
100.000%   19.63ms

  Detailed Percentile spectrum:
       Value   Percentile   TotalCount 1/(1-Percentile)

       0.238     0.000000            1         1.00
       0.566     0.100000         1002         1.11
       0.750     0.200000         2000         1.25
       0.930     0.300000         3000         1.43
       1.084     0.400000         4001         1.67
       1.219     0.500000         5001         2.00
       1.280     0.550000         5500         2.22
       1.337     0.600000         6002         2.50
       1.397     0.650000         6496         2.86
       1.458     0.700000         7000         3.33
       1.519     0.750000         7502         4.00
       1.551     0.775000         7746         4.44
       1.590     0.800000         7999         5.00
       1.632     0.825000         8244         5.71
       1.685     0.850000         8498         6.67
       1.746     0.875000         8744         8.00
       1.786     0.887500         8868         8.89
       1.835     0.900000         8996        10.00
       1.886     0.912500         9119        11.43
       1.939     0.925000         9244        13.33
       2.038     0.937500         9368        16.00
       2.095     0.943750         9432        17.78
       2.163     0.950000         9495        20.00
       2.225     0.956250         9557        22.86
       2.311     0.962500         9620        26.67
       2.435     0.968750         9681        32.00
       2.487     0.971875         9711        35.56
       2.589     0.975000         9744        40.00
       2.737     0.978125         9774        45.71
       2.967     0.981250         9805        53.33
       3.231     0.984375         9836        64.00
       3.439     0.985938         9852        71.11
       3.677     0.987500         9868        80.00
       3.813     0.989062         9883        91.43
       4.127     0.990625         9899       106.67
       4.299     0.992188         9914       128.00
       4.395     0.992969         9922       142.22
       4.491     0.993750         9930       160.00
       4.635     0.994531         9938       182.86
       4.799     0.995313         9946       213.33
       5.395     0.996094         9953       256.00
       5.595     0.996484         9957       284.44
       6.071     0.996875         9961       320.00
       6.571     0.997266         9965       365.71
       7.135     0.997656         9969       426.67
       7.915     0.998047         9973       512.00
       8.751     0.998242         9975       568.89
      10.807     0.998437         9977       640.00
      11.111     0.998633         9979       731.43
      11.487     0.998828         9981       853.33
      11.783     0.999023         9983      1024.00
      11.991     0.999121         9984      1137.78
      12.079     0.999219         9985      1280.00
      12.727     0.999316         9986      1462.86
      16.087     0.999414         9987      1706.67
      16.327     0.999512         9988      2048.00
      16.327     0.999561         9988      2275.56
      17.167     0.999609         9989      2560.00
      17.167     0.999658         9989      2925.71
      17.359     0.999707         9990      3413.33
      17.359     0.999756         9990      4096.00
      17.359     0.999780         9990      4551.11
      19.583     0.999805         9991      5120.00
      19.583     0.999829         9991      5851.43
      19.583     0.999854         9991      6826.67
      19.583     0.999878         9991      8192.00
      19.583     0.999890         9991      9102.22
      19.631     0.999902         9992     10240.00
      19.631     1.000000         9992          inf
#[Mean    =        1.270, StdDeviation   =        0.818]
#[Max     =       19.616, Total count    =         9992]
#[Buckets =           27, SubBuckets     =         2048]
----------------------------------------------------------
  9996 requests in 10.00s, 1.67MB read
Requests/sec:    999.49
Transfer/sec:    170.81KB
