Running 10s test @ http://localhost
  2 threads and 10 connections
  Thread Stats   Avg      Stdev     Max   +/- Stdev
    Latency     1.14ms  639.89us  11.14ms   81.05%
    Req/Sec       -nan      -nan   0.00      0.00%
  Latency Distribution (HdrHistogram - Recorded Latency)
 50.000%    1.09ms
 75.000%    1.40ms
 90.000%    1.76ms
 99.000%    3.59ms
 99.900%    7.09ms
 99.990%   11.09ms
 99.999%   11.15ms
100.000%   11.15ms

  Detailed Percentile spectrum:
       Value   Percentile   TotalCount 1/(1-Percentile)

       0.232     0.000000            1         1.00
       0.507     0.100000         1003         1.11
       0.644     0.200000         2000         1.25
       0.799     0.300000         3004         1.43
       0.956     0.400000         4004         1.67
       1.089     0.500000         4996         2.00
       1.151     0.550000         5504         2.22
       1.212     0.600000         6000         2.50
       1.272     0.650000         6503         2.86
       1.332     0.700000         6996         3.33
       1.398     0.750000         7497         4.00
       1.432     0.775000         7746         4.44
       1.470     0.800000         7997         5.00
       1.519     0.825000         8246         5.71
       1.573     0.850000         8493         6.67
       1.643     0.875000         8745         8.00
       1.700     0.887500         8870         8.89
       1.757     0.900000         8992        10.00
       1.805     0.912500         9117        11.43
       1.872     0.925000         9243        13.33
       1.957     0.937500         9368        16.00
       1.994     0.943750         9430        17.78
       2.049     0.950000         9493        20.00
       2.097     0.956250         9554        22.86
       2.161     0.962500         9617        26.67
       2.243     0.968750         9680        32.00
       2.309     0.971875         9712        35.56
       2.385     0.975000         9742        40.00
       2.497     0.978125         9773        45.71
       2.629     0.981250         9804        53.33
       2.883     0.984375         9835        64.00
       3.063     0.985938         9851        71.11
       3.265     0.987500         9867        80.00
       3.479     0.989062         9882        91.43
       3.671     0.990625         9898       106.67
       3.821     0.992188         9913       128.00
       3.879     0.992969         9921       142.22
       3.991     0.993750         9929       160.00
       4.183     0.994531         9937       182.86
       4.343     0.995313         9945       213.33
       4.479     0.996094         9952       256.00
       4.559     0.996484         9956       284.44
       4.671     0.996875         9960       320.00
       5.207     0.997266         9964       365.71
       5.375     0.997656         9968       426.67
       5.895     0.998047         9972       512.00
       6.063     0.998242         9974       568.89
       6.255     0.998437         9976       640.00
       6.551     0.998633         9978       731.43
       7.059     0.998828         9980       853.33
       7.415     0.999023         9982      1024.00
       7.871     0.999121         9983      1137.78
       8.015     0.999219         9984      1280.00
       8.887     0.999316         9986      1462.86
       8.887     0.999414         9986      1706.67
       9.271     0.999512         9987      2048.00
       9.271     0.999561         9987      2275.56
       9.327     0.999609         9988      2560.00
       9.327     0.999658         9988      2925.71
       9.367     0.999707         9989      3413.33
       9.367     0.999756         9989      4096.00
       9.367     0.999780         9989      4551.11
      11.087     0.999805         9990      5120.00
      11.087     0.999829         9990      5851.43
      11.087     0.999854         9990      6826.67
      11.087     0.999878         9990      8192.00
      11.087     0.999890         9990      9102.22
      11.151     0.999902         9991     10240.00
      11.151     1.000000         9991          inf
#[Mean    =        1.143, StdDeviation   =        0.640]
#[Max     =       11.144, Total count    =         9991]
#[Buckets =           27, SubBuckets     =         2048]
----------------------------------------------------------
  9993 requests in 10.00s, 1.67MB read
Requests/sec:    999.43
Transfer/sec:    170.80KB
