Running 10s test @ http://localhost
  2 threads and 10 connections
  Thread Stats   Avg      Stdev     Max   +/- Stdev
    Latency     1.18ms  622.90us  10.30ms   81.80%
    Req/Sec       -nan      -nan   0.00      0.00%
  Latency Distribution (HdrHistogram - Recorded Latency)
 50.000%    1.17ms
 75.000%    1.48ms
 90.000%    1.74ms
 99.000%    3.19ms
 99.900%    7.62ms
 99.990%   10.25ms
 99.999%   10.30ms
100.000%   10.30ms

  Detailed Percentile spectrum:
       Value   Percentile   TotalCount 1/(1-Percentile)

       0.179     0.000000            1         1.00
       0.547     0.100000         1001         1.11
       0.691     0.200000         2011         1.25
       0.824     0.300000         2998         1.43
       0.994     0.400000         4000         1.67
       1.166     0.500000         4996         2.00
       1.237     0.550000         5500         2.22
       1.300     0.600000         5996         2.50
       1.360     0.650000         6500         2.86
       1.417     0.700000         7001         3.33
       1.478     0.750000         7496         4.00
       1.512     0.775000         7744         4.44
       1.548     0.800000         7994         5.00
       1.587     0.825000         8248         5.71
       1.633     0.850000         8500         6.67
       1.682     0.875000         8745         8.00
       1.711     0.887500         8872         8.89
       1.742     0.900000         8996        10.00
       1.771     0.912500         9120        11.43
       1.808     0.925000         9245        13.33
       1.858     0.937500         9368        16.00
       1.896     0.943750         9430        17.78
       1.939     0.950000         9493        20.00
       1.994     0.956250         9557        22.86
       2.059     0.962500         9619        26.67
       2.133     0.968750         9682        32.00
       2.203     0.971875         9711        35.56
       2.285     0.975000         9745        40.00
       2.381     0.978125         9774        45.71
       2.529     0.981250         9805        53.33
       2.785     0.984375         9836        64.00
       2.871     0.985938         9852        71.11
       3.011     0.987500         9868        80.00
       3.133     0.989062         9883        91.43
       3.285     0.990625         9899       106.67
       3.501     0.992188         9914       128.00
       3.669     0.992969         9922       142.22
       3.847     0.993750         9930       160.00
       3.991     0.994531         9938       182.86
       4.203     0.995313         9947       213.33
       4.447     0.996094         9953       256.00
       4.771     0.996484         9957       284.44
       5.103     0.996875         9961       320.00
       5.803     0.997266         9965       365.71
       6.123     0.997656         9969       426.67
       6.431     0.998047         9973       512.00
       6.483     0.998242         9975       568.89
       6.747     0.998437         9977       640.00
       7.059     0.998633         9979       731.43
       7.587     0.998828         9981       853.33
       7.827     0.999023         9983      1024.00
       8.083     0.999121         9984      1137.78
       8.143     0.999219         9985      1280.00
       8.239     0.999316         9986      1462.86
       8.391     0.999414         9987      1706.67
       8.495     0.999512         9988      2048.00
       8.495     0.999561         9988      2275.56
       8.567     0.999609         9989      2560.00
       8.567     0.999658         9989      2925.71
       8.679     0.999707         9990      3413.33
       8.679     0.999756         9990      4096.00
       8.679     0.999780         9990      4551.11
      10.247     0.999805         9991      5120.00
      10.247     0.999829         9991      5851.43
      10.247     0.999854         9991      6826.67
      10.247     0.999878         9991      8192.00
      10.247     0.999890         9991      9102.22
      10.303     0.999902         9992     10240.00
      10.303     1.000000         9992          inf
#[Mean    =        1.183, StdDeviation   =        0.623]
#[Max     =       10.296, Total count    =         9992]
#[Buckets =           27, SubBuckets     =         2048]
----------------------------------------------------------
  9996 requests in 10.00s, 1.67MB read
Requests/sec:    999.47
Transfer/sec:    170.81KB
