Running 10s test @ http://localhost
  2 threads and 10 connections
  Thread Stats   Avg      Stdev     Max   +/- Stdev
    Latency     1.23ms  768.26us  12.38ms   87.14%
    Req/Sec       -nan      -nan   0.00      0.00%
  Latency Distribution (HdrHistogram - Recorded Latency)
 50.000%    1.19ms
 75.000%    1.59ms
 90.000%    1.87ms
 99.000%    2.40ms
 99.900%   10.55ms
 99.990%   12.30ms
 99.999%   12.39ms
100.000%   12.39ms

  Detailed Percentile spectrum:
       Value   Percentile   TotalCount 1/(1-Percentile)

       0.148     0.000000            1         1.00
       0.511     0.100000         1006         1.11
       0.676     0.200000         2005         1.25
       0.843     0.300000         3004         1.43
       1.027     0.400000         4004         1.67
       1.187     0.500000         5003         2.00
       1.273     0.550000         5501         2.22
       1.350     0.600000         5998         2.50
       1.429     0.650000         6496         2.86
       1.511     0.700000         7004         3.33
       1.591     0.750000         7494         4.00
       1.633     0.775000         7744         4.44
       1.674     0.800000         7999         5.00
       1.717     0.825000         8246         5.71
       1.767     0.850000         8497         6.67
       1.820     0.875000         8753         8.00
       1.844     0.887500         8872         8.89
       1.871     0.900000         8993        10.00
       1.903     0.912500         9118        11.43
       1.941     0.925000         9246        13.33
       1.979     0.937500         9368        16.00
       2.000     0.943750         9433        17.78
       2.024     0.950000         9493        20.00
       2.053     0.956250         9556        22.86
       2.077     0.962500         9618        26.67
       2.109     0.968750         9681        32.00
       2.131     0.971875         9716        35.56
       2.151     0.975000         9744        40.00
       2.183     0.978125         9777        45.71
       2.215     0.981250         9805        53.33
       2.249     0.984375         9836        64.00
       2.279     0.985938         9852        71.11
       2.335     0.987500         9868        80.00
       2.375     0.989062         9884        91.43
       2.465     0.990625         9899       106.67
       2.677     0.992188         9914       128.00
       5.139     0.992969         9922       142.22
       5.671     0.993750         9930       160.00
       5.891     0.994531         9938       182.86
       6.019     0.995313         9946       213.33
       6.203     0.996094         9953       256.00
       6.487     0.996484         9957       284.44
       6.675     0.996875         9961       320.00
       7.159     0.997266         9965       365.71
       7.375     0.997656         9969       426.67
      10.263     0.998047         9973       512.00
      10.311     0.998242         9975       568.89
      10.415     0.998437         9977       640.00
      10.423     0.998633         9979       731.43
      10.519     0.998828         9981       853.33
      10.623     0.999023         9983      1024.00
      10.711     0.999121         9984      1137.78
      10.847     0.999219         9985      1280.00
      11.159     0.999316         9986      1462.86
      11.423     0.999414         9987      1706.67
      11.591     0.999512         9988      2048.00
      11.591     0.999561         9988      2275.56
      11.727     0.999609         9989      2560.00
      11.727     0.999658         9989      2925.71
      12.271     0.999707         9990      3413.33
      12.271     0.999756         9990      4096.00
      12.271     0.999780         9990      4551.11
      12.303     0.999805         9991      5120.00
      12.303     0.999829         9991      5851.43
      12.303     0.999854         9991      6826.67
      12.303     0.999878         9991      8192.00
      12.303     0.999890         9991      9102.22
      12.391     0.999902         9992     10240.00
      12.391     1.000000         9992          inf
#[Mean    =        1.231, StdDeviation   =        0.768]
#[Max     =       12.384, Total count    =         9992]
#[Buckets =           27, SubBuckets     =         2048]
----------------------------------------------------------
  9996 requests in 10.00s, 1.67MB read
Requests/sec:    999.43
Transfer/sec:    170.80KB
