Running 10s test @ http://localhost
  2 threads and 10 connections
  Thread Stats   Avg      Stdev     Max   +/- Stdev
    Latency     1.44ms  766.35us  11.19ms   76.82%
    Req/Sec       -nan      -nan   0.00      0.00%
  Latency Distribution (HdrHistogram - Recorded Latency)
 50.000%    1.36ms
 75.000%    1.81ms
 90.000%    2.20ms
 99.000%    4.53ms
 99.900%    7.38ms
 99.990%    9.38ms
 99.999%   11.20ms
100.000%   11.20ms

  Detailed Percentile spectrum:
       Value   Percentile   TotalCount 1/(1-Percentile)

       0.217     0.000000            1         1.00
       0.614     0.100000         1007         1.11
       0.824     0.200000         2001         1.25
       1.035     0.300000         3002         1.43
       1.203     0.400000         3998         1.67
       1.364     0.500000         4996         2.00
       1.450     0.550000         5499         2.22
       1.530     0.600000         5996         2.50
       1.617     0.650000         6503         2.86
       1.705     0.700000         6999         3.33
       1.806     0.750000         7497         4.00
       1.851     0.775000         7751         4.44
       1.904     0.800000         7998         5.00
       1.958     0.825000         8246         5.71
       2.022     0.850000         8495         6.67
       2.107     0.875000         8753         8.00
       2.151     0.887500         8869         8.89
       2.205     0.900000         8993        10.00
       2.255     0.912500         9123        11.43
       2.327     0.925000         9243        13.33
       2.413     0.937500         9371        16.00
       2.455     0.943750         9434        17.78
       2.511     0.950000         9493        20.00
       2.585     0.956250         9557        22.86
       2.675     0.962500         9621        26.67
       2.781     0.968750         9680        32.00
       2.837     0.971875         9711        35.56
       2.919     0.975000         9743        40.00
       3.091     0.978125         9774        45.71
       3.521     0.981250         9805        53.33
       4.017     0.984375         9836        64.00
       4.163     0.985938         9853        71.11
       4.295     0.987500         9869        80.00
       4.455     0.989062         9883        91.43
       4.631     0.990625         9899       106.67
       4.803     0.992188         9916       128.00
       4.835     0.992969         9923       142.22
       4.891     0.993750         9931       160.00
       4.983     0.994531         9938       182.86
       5.147     0.995313         9946       213.33
       5.235     0.996094         9953       256.00
       5.459     0.996484         9957       284.44
       5.579     0.996875         9961       320.00
       5.671     0.997266         9965       365.71
       5.959     0.997656         9969       426.67
       6.603     0.998047         9973       512.00
       6.679     0.998242         9975       568.89
       6.783     0.998437         9977       640.00
       7.035     0.998633         9979       731.43
       7.239     0.998828         9981       853.33
       7.491     0.999023         9983      1024.00
       7.783     0.999121         9984      1137.78
       8.023     0.999219         9985      1280.00
       8.123     0.999316         9986      1462.86
       8.139     0.999414         9987      1706.67
       8.519     0.999512         9988      2048.00
       8.519     0.999561         9988      2275.56
       8.615     0.999609         9989      2560.00
       8.615     0.999658         9989      2925.71
       9.279     0.999707         9990      3413.33
       9.279     0.999756         9990      4096.00
       9.279     0.999780         9990      4551.11
       9.375     0.999805         9991      5120.00
       9.375     0.999829         9991      5851.43
       9.375     0.999854         9991      6826.67
       9.375     0.999878         9991      8192.00
       9.375     0.999890         9991      9102.22
      11.199     0.999902         9992     10240.00
      11.199     1.000000         9992          inf
#[Mean    =        1.439, StdDeviation   =        0.766]
#[Max     =       11.192, Total count    =         9992]
#[Buckets =           27, SubBuckets     =         2048]
----------------------------------------------------------
  9998 requests in 10.00s, 1.67MB read
Requests/sec:    999.52
Transfer/sec:    170.82KB
