Running 10s test @ http://localhost
  2 threads and 10 connections
  Thread Stats   Avg      Stdev     Max   +/- Stdev
    Latency     1.42ms    0.93ms  13.24ms   87.14%
    Req/Sec       -nan      -nan   0.00      0.00%
  Latency Distribution (HdrHistogram - Recorded Latency)
 50.000%    1.28ms
 75.000%    1.73ms
 90.000%    2.20ms
 99.000%    4.72ms
 99.900%   10.85ms
 99.990%   12.90ms
 99.999%   13.25ms
100.000%   13.25ms

  Detailed Percentile spectrum:
       Value   Percentile   TotalCount 1/(1-Percentile)

       0.147     0.000000            1         1.00
       0.621     0.100000         1001         1.11
       0.809     0.200000         2002         1.25
       0.966     0.300000         3001         1.43
       1.116     0.400000         3999         1.67
       1.282     0.500000         4997         2.00
       1.362     0.550000         5504         2.22
       1.442     0.600000         6002         2.50
       1.523     0.650000         6495         2.86
       1.621     0.700000         6998         3.33
       1.733     0.750000         7495         4.00
       1.798     0.775000         7745         4.44
       1.870     0.800000         7997         5.00
       1.938     0.825000         8244         5.71
       2.012     0.850000         8494         6.67
       2.101     0.875000         8750         8.00
       2.143     0.887500         8870         8.89
       2.197     0.900000         8997        10.00
       2.265     0.912500         9120        11.43
       2.353     0.925000         9243        13.33
       2.479     0.937500         9368        16.00
       2.575     0.943750         9430        17.78
       2.693     0.950000         9495        20.00
       2.821     0.956250         9556        22.86
       2.961     0.962500         9619        26.67
       3.163     0.968750         9680        32.00
       3.279     0.971875         9711        35.56
       3.415     0.975000         9743        40.00
       3.577     0.978125         9774        45.71
       3.777     0.981250         9805        53.33
       4.045     0.984375         9836        64.00
       4.199     0.985938         9852        71.11
       4.371     0.987500         9868        80.00
       4.563     0.989062         9883        91.43
       4.835     0.990625         9899       106.67
       5.271     0.992188         9914       128.00
       5.607     0.992969         9922       142.22
       6.255     0.993750         9930       160.00
       6.847     0.994531         9938       182.86
       7.195     0.995313         9946       213.33
       7.651     0.996094         9953       256.00
       7.815     0.996484         9957       284.44
       8.295     0.996875         9961       320.00
       8.471     0.997266         9965       365.71
       8.783     0.997656         9969       426.67
       9.223     0.998047         9973       512.00
      10.135     0.998242         9975       568.89
      10.359     0.998437         9977       640.00
      10.567     0.998633         9979       731.43
      10.671     0.998828         9981       853.33
      11.015     0.999023         9983      1024.00
      11.231     0.999121         9984      1137.78
      11.271     0.999219         9985      1280.00
      11.895     0.999316         9986      1462.86
      11.959     0.999414         9987      1706.67
      11.991     0.999512         9988      2048.00
      11.991     0.999561         9988      2275.56
      12.543     0.999609         9989      2560.00
      12.543     0.999658         9989      2925.71
      12.551     0.999707         9990      3413.33
      12.551     0.999756         9990      4096.00
      12.551     0.999780         9990      4551.11
      12.895     0.999805         9991      5120.00
      12.895     0.999829         9991      5851.43
      12.895     0.999854         9991      6826.67
      12.895     0.999878         9991      8192.00
      12.895     0.999890         9991      9102.22
      13.247     0.999902         9992     10240.00
      13.247     1.000000         9992          inf
#[Mean    =        1.424, StdDeviation   =        0.925]
#[Max     =       13.240, Total count    =         9992]
#[Buckets =           27, SubBuckets     =         2048]
----------------------------------------------------------
  9995 requests in 10.00s, 1.67MB read
Requests/sec:    999.39
Transfer/sec:    170.79KB
