Running 10s test @ http://localhost
  2 threads and 10 connections
  Thread Stats   Avg      Stdev     Max   +/- Stdev
    Latency     1.29ms  598.22us   9.07ms   82.46%
    Req/Sec       -nan      -nan   0.00      0.00%
  Latency Distribution (HdrHistogram - Recorded Latency)
 50.000%    1.23ms
 75.000%    1.53ms
 90.000%    1.82ms
 99.000%    3.65ms
 99.900%    5.94ms
 99.990%    8.77ms
 99.999%    9.08ms
100.000%    9.08ms

  Detailed Percentile spectrum:
       Value   Percentile   TotalCount 1/(1-Percentile)

       0.207     0.000000            1         1.00
       0.700     0.100000         1000         1.11
       0.876     0.200000         2004         1.25
       0.999     0.300000         3001         1.43
       1.115     0.400000         3997         1.67
       1.231     0.500000         4997         2.00
       1.284     0.550000         5505         2.22
       1.339     0.600000         5998         2.50
       1.397     0.650000         6498         2.86
       1.459     0.700000         6999         3.33
       1.527     0.750000         7499         4.00
       1.565     0.775000         7749         4.44
       1.604     0.800000         8002         5.00
       1.650     0.825000         8245         5.71
       1.697     0.850000         8495         6.67
       1.750     0.875000         8743         8.00
       1.786     0.887500         8867         8.89
       1.821     0.900000         8992        10.00
       1.860     0.912500         9116        11.43
       1.911     0.925000         9241        13.33
       1.976     0.937500         9366        16.00
       2.016     0.943750         9430        17.78
       2.079     0.950000         9492        20.00
       2.155     0.956250         9555        22.86
       2.263     0.962500         9617        26.67
       2.379     0.968750         9678        32.00
       2.479     0.971875         9711        35.56
       2.639     0.975000         9742        40.00
       2.795     0.978125         9772        45.71
       2.989     0.981250         9803        53.33
       3.189     0.984375         9834        64.00
       3.289     0.985938         9850        71.11
       3.399     0.987500         9866        80.00
       3.581     0.989062         9881        91.43
       3.737     0.990625         9897       106.67
       3.975     0.992188         9912       128.00
       4.139     0.992969         9920       142.22
       4.331     0.993750         9928       160.00
       4.471     0.994531         9936       182.86
       4.579     0.995313         9944       213.33
       4.759     0.996094         9951       256.00
       4.843     0.996484         9955       284.44
       4.915     0.996875         9959       320.00
       5.067     0.997266         9963       365.71
       5.219     0.997656         9967       426.67
       5.255     0.998047         9971       512.00
       5.315     0.998242         9973       568.89
       5.503     0.998437         9975       640.00
       5.675     0.998633         9977       731.43
       5.791     0.998828         9979       853.33
       6.163     0.999023         9981      1024.00
       6.183     0.999121         9982      1137.78
       7.259     0.999219         9983      1280.00
       7.507     0.999316         9984      1462.86
       7.671     0.999414         9985      1706.67
       8.043     0.999512         9986      2048.00
       8.043     0.999561         9986      2275.56
       8.155     0.999609         9987      2560.00
       8.155     0.999658         9987      2925.71
       8.519     0.999707         9988      3413.33
       8.519     0.999756         9988      4096.00
       8.519     0.999780         9988      4551.11
       8.775     0.999805         9989      5120.00
       8.775     0.999829         9989      5851.43
       8.775     0.999854         9989      6826.67
       8.775     0.999878         9989      8192.00
       8.775     0.999890         9989      9102.22
       9.079     0.999902         9990     10240.00
       9.079     1.000000         9990          inf
#[Mean    =        1.291, StdDeviation   =        0.598]
#[Max     =        9.072, Total count    =         9990]
#[Buckets =           27, SubBuckets     =         2048]
----------------------------------------------------------
  9992 requests in 10.00s, 1.67MB read
Requests/sec:    999.21
Transfer/sec:    170.76KB
