Running 10s test @ http://localhost
  2 threads and 10 connections
  Thread Stats   Avg      Stdev     Max   +/- Stdev
    Latency     1.16ms  733.48us  13.00ms   89.45%
    Req/Sec       -nan      -nan   0.00      0.00%
  Latency Distribution (HdrHistogram - Recorded Latency)
 50.000%    1.08ms
 75.000%    1.46ms
 90.000%    1.74ms
 99.000%    3.35ms
 99.900%    9.55ms
 99.990%   12.96ms
 99.999%   13.01ms
100.000%   13.01ms

  Detailed Percentile spectrum:
       Value   Percentile   TotalCount 1/(1-Percentile)

       0.121     0.000000            1         1.00
       0.534     0.100000         1000         1.11
       0.677     0.200000         2002         1.25
       0.807     0.300000         3008         1.43
       0.938     0.400000         3997         1.67
       1.083     0.500000         4998         2.00
       1.160     0.550000         5500         2.22
       1.235     0.600000         6000         2.50
       1.305     0.650000         6505         2.86
       1.380     0.700000         6998         3.33
       1.455     0.750000         7498         4.00
       1.496     0.775000         7745         4.44
       1.535     0.800000         7994         5.00
       1.577     0.825000         8248         5.71
       1.626     0.850000         8497         6.67
       1.678     0.875000         8750         8.00
       1.703     0.887500         8874         8.89
       1.738     0.900000         8993        10.00
       1.775     0.912500         9120        11.43
       1.818     0.925000         9243        13.33
       1.877     0.937500         9368        16.00
       1.921     0.943750         9433        17.78
       1.962     0.950000         9493        20.00
       2.016     0.956250         9556        22.86
       2.073     0.962500         9618        26.67
       2.157     0.968750         9680        32.00
       2.191     0.971875         9712        35.56
       2.247     0.975000         9743        40.00
       2.305     0.978125         9774        45.71
       2.355     0.981250         9806        53.33
       2.427     0.984375         9836        64.00
       2.481     0.985938         9852        71.11
       2.587     0.987500         9869        80.00
       3.011     0.989062         9884        91.43
       3.611     0.990625         9899       106.67
       4.163     0.992188         9914       128.00
       4.339     0.992969         9922       142.22
       4.947     0.993750         9930       160.00
       5.547     0.994531         9938       182.86
       5.975     0.995313         9946       213.33
       6.335     0.996094         9953       256.00
       6.427     0.996484         9957       284.44
       6.979     0.996875         9961       320.00
       7.771     0.997266         9965       365.71
       7.983     0.997656         9969       426.67
       8.735     0.998047         9973       512.00
       8.903     0.998242         9975       568.89
       8.951     0.998437         9977       640.00
       9.151     0.998633         9979       731.43
       9.423     0.998828         9981       853.33
       9.663     0.999023         9983      1024.00
       9.927     0.999121         9984      1137.78
      10.015     0.999219         9985      1280.00
      10.735     0.999316         9986      1462.86
      11.015     0.999414         9987      1706.67
      11.503     0.999512         9988      2048.00
      11.503     0.999561         9988      2275.56
      11.631     0.999609         9989      2560.00
      11.631     0.999658         9989      2925.71
      12.247     0.999707         9990      3413.33
      12.247     0.999756         9990      4096.00
      12.247     0.999780         9990      4551.11
      12.959     0.999805         9991      5120.00
      12.959     0.999829         9991      5851.43
      12.959     0.999854         9991      6826.67
      12.959     0.999878         9991      8192.00
      12.959     0.999890         9991      9102.22
      13.007     0.999902         9992     10240.00
      13.007     1.000000         9992          inf
#[Mean    =        1.164, StdDeviation   =        0.733]
#[Max     =       13.000, Total count    =         9992]
#[Buckets =           27, SubBuckets     =         2048]
----------------------------------------------------------
  9996 requests in 10.00s, 1.67MB read
Requests/sec:    999.42
Transfer/sec:    170.80KB
