Running 10s test @ http://localhost
  2 threads and 10 connections
  Thread Stats   Avg      Stdev     Max   +/- Stdev
    Latency     1.09ms  662.06us  11.05ms   82.68%
    Req/Sec       -nan      -nan   0.00      0.00%
  Latency Distribution (HdrHistogram - Recorded Latency)
 50.000%    1.02ms
 75.000%    1.46ms
 90.000%    1.75ms
 99.000%    2.30ms
 99.900%   10.01ms
 99.990%   10.94ms
 99.999%   11.06ms
100.000%   11.06ms

  Detailed Percentile spectrum:
       Value   Percentile   TotalCount 1/(1-Percentile)

       0.152     0.000000            1         1.00
       0.463     0.100000         1000         1.11
       0.584     0.200000         2001         1.25
       0.705     0.300000         3008         1.43
       0.843     0.400000         3999         1.67
       1.024     0.500000         4999         2.00
       1.115     0.550000         5496         2.22
       1.203     0.600000         6000         2.50
       1.292     0.650000         6503         2.86
       1.369     0.700000         6996         3.33
       1.455     0.750000         7496         4.00
       1.496     0.775000         7745         4.44
       1.536     0.800000         7997         5.00
       1.580     0.825000         8244         5.71
       1.630     0.850000         8494         6.67
       1.681     0.875000         8745         8.00
       1.713     0.887500         8871         8.89
       1.745     0.900000         8997        10.00
       1.780     0.912500         9119        11.43
       1.817     0.925000         9247        13.33
       1.856     0.937500         9372        16.00
       1.878     0.943750         9430        17.78
       1.903     0.950000         9493        20.00
       1.938     0.956250         9556        22.86
       1.969     0.962500         9618        26.67
       2.009     0.968750         9680        32.00
       2.029     0.971875         9713        35.56
       2.059     0.975000         9743        40.00
       2.089     0.978125         9776        45.71
       2.127     0.981250         9805        53.33
       2.179     0.984375         9836        64.00
       2.205     0.985938         9852        71.11
       2.247     0.987500         9868        80.00
       2.273     0.989062         9883        91.43
       2.309     0.990625         9899       106.67
       2.355     0.992188         9914       128.00
       2.371     0.992969         9922       142.22
       2.491     0.993750         9930       160.00
       3.023     0.994531         9938       182.86
       4.307     0.995313         9946       213.33
       5.327     0.996094         9953       256.00
       5.487     0.996484         9957       284.44
       5.687     0.996875         9961       320.00
       5.859     0.997266         9965       365.71
       6.031     0.997656         9969       426.67
       6.447     0.998047         9973       512.00
       7.867     0.998242         9975       568.89
       8.447     0.998437         9977       640.00
       8.575     0.998633         9979       731.43
       9.783     0.998828         9981       853.33
      10.039     0.999023         9983      1024.00
      10.255     0.999121         9984      1137.78
      10.439     0.999219         9985      1280.00
      10.455     0.999316         9986      1462.86
      10.503     0.999414         9987      1706.67
      10.647     0.999512         9988      2048.00
      10.647     0.999561         9988      2275.56
      10.663     0.999609         9989      2560.00
      10.663     0.999658         9989      2925.71
      10.863     0.999707         9990      3413.33
      10.863     0.999756         9990      4096.00
      10.863     0.999780         9990      4551.11
      10.935     0.999805         9991      5120.00
      10.935     0.999829         9991      5851.43
      10.935     0.999854         9991      6826.67
      10.935     0.999878         9991      8192.00
      10.935     0.999890         9991      9102.22
      11.055     0.999902         9992     10240.00
      11.055     1.000000         9992          inf
#[Mean    =        1.094, StdDeviation   =        0.662]
#[Max     =       11.048, Total count    =         9992]
#[Buckets =           27, SubBuckets     =         2048]
----------------------------------------------------------
  9995 requests in 10.00s, 1.67MB read
Requests/sec:    999.40
Transfer/sec:    170.80KB
