Running 10s test @ http://localhost
  2 threads and 10 connections
  Thread Stats   Avg      Stdev     Max   +/- Stdev
    Latency     1.15ms  671.67us  11.20ms   83.95%
    Req/Sec       -nan      -nan   0.00      0.00%
  Latency Distribution (HdrHistogram - Recorded Latency)
 50.000%    1.11ms
 75.000%    1.50ms
 90.000%    1.76ms
 99.000%    2.26ms
 99.900%   10.43ms
 99.990%   11.14ms
 99.999%   11.21ms
100.000%   11.21ms

  Detailed Percentile spectrum:
       Value   Percentile   TotalCount 1/(1-Percentile)

       0.170     0.000000            1         1.00
       0.500     0.100000         1003         1.11
       0.645     0.200000         2001         1.25
       0.791     0.300000         3002         1.43
       0.932     0.400000         3998         1.67
       1.105     0.500000         5004         2.00
       1.191     0.550000         5498         2.22
       1.276     0.600000         5998         2.50
       1.344     0.650000         6501         2.86
       1.422     0.700000         7001         3.33
       1.496     0.750000         7500         4.00
       1.533     0.775000         7746         4.44
       1.573     0.800000         7996         5.00
       1.615     0.825000         8246         5.71
       1.656     0.850000         8496         6.67
       1.703     0.875000         8745         8.00
       1.730     0.887500         8871         8.89
       1.757     0.900000         8998        10.00
       1.786     0.912500         9119        11.43
       1.816     0.925000         9246        13.33
       1.848     0.937500         9368        16.00
       1.867     0.943750         9431        17.78
       1.887     0.950000         9494        20.00
       1.912     0.956250         9557        22.86
       1.942     0.962500         9618        26.67
       1.974     0.968750         9681        32.00
       1.999     0.971875         9712        35.56
       2.019     0.975000         9743        40.00
       2.044     0.978125         9775        45.71
       2.077     0.981250         9805        53.33
       2.127     0.984375         9838        64.00
       2.161     0.985938         9852        71.11
       2.199     0.987500         9869        80.00
       2.233     0.989062         9884        91.43
       2.287     0.990625         9899       106.67
       2.361     0.992188         9914       128.00
       2.413     0.992969         9922       142.22
       2.621     0.993750         9930       160.00
       2.985     0.994531         9938       182.86
       4.783     0.995313         9946       213.33
       5.983     0.996094         9953       256.00
       6.343     0.996484         9957       284.44
       6.455     0.996875         9961       320.00
       6.719     0.997266         9965       365.71
       6.879     0.997656         9969       426.67
       6.955     0.998047         9973       512.00
       7.915     0.998242         9975       568.89
       8.479     0.998437         9977       640.00
       9.087     0.998633         9979       731.43
      10.383     0.998828         9981       853.33
      10.455     0.999023         9983      1024.00
      10.551     0.999121         9984      1137.78
      10.671     0.999219         9986      1280.00
      10.671     0.999316         9986      1462.86
      10.831     0.999414         9987      1706.67
      10.903     0.999512         9988      2048.00
      10.903     0.999561         9988      2275.56
      10.911     0.999609         9989      2560.00
      10.911     0.999658         9989      2925.71
      10.975     0.999707         9990      3413.33
      10.975     0.999756         9990      4096.00
      10.975     0.999780         9990      4551.11
      11.135     0.999805         9991      5120.00
      11.135     0.999829         9991      5851.43
      11.135     0.999854         9991      6826.67
      11.135     0.999878         9991      8192.00
      11.135     0.999890         9991      9102.22
      11.207     0.999902         9992     10240.00
      11.207     1.000000         9992          inf
#[Mean    =        1.147, StdDeviation   =        0.672]
#[Max     =       11.200, Total count    =         9992]
#[Buckets =           27, SubBuckets     =         2048]
----------------------------------------------------------
  9998 requests in 10.00s, 1.67MB read
Requests/sec:    999.73
Transfer/sec:    170.85KB
