Running 10s test @ http://localhost
  2 threads and 10 connections
  Thread Stats   Avg      Stdev     Max   +/- Stdev
    Latency     1.29ms  662.09us  11.54ms   78.85%
    Req/Sec       -nan      -nan   0.00      0.00%
  Latency Distribution (HdrHistogram - Recorded Latency)
 50.000%    1.24ms
 75.000%    1.61ms
 90.000%    1.92ms
 99.000%    3.88ms
 99.900%    6.60ms
 99.990%   11.38ms
 99.999%   11.54ms
100.000%   11.54ms

  Detailed Percentile spectrum:
       Value   Percentile   TotalCount 1/(1-Percentile)

       0.205     0.000000            1         1.00
       0.582     0.100000         1006         1.11
       0.768     0.200000         2001         1.25
       0.932     0.300000         2998         1.43
       1.087     0.400000         3997         1.67
       1.239     0.500000         5000         2.00
       1.308     0.550000         5496         2.22
       1.382     0.600000         5996         2.50
       1.453     0.650000         6500         2.86
       1.528     0.700000         7003         3.33
       1.605     0.750000         7496         4.00
       1.648     0.775000         7746         4.44
       1.693     0.800000         7996         5.00
       1.742     0.825000         8247         5.71
       1.794     0.850000         8496         6.67
       1.852     0.875000         8745         8.00
       1.890     0.887500         8872         8.89
       1.923     0.900000         8995        10.00
       1.964     0.912500         9118        11.43
       2.012     0.925000         9243        13.33
       2.073     0.937500         9368        16.00
       2.115     0.943750         9431        17.78
       2.173     0.950000         9493        20.00
       2.233     0.956250         9555        22.86
       2.299     0.962500         9618        26.67
       2.419     0.968750         9680        32.00
       2.507     0.971875         9711        35.56
       2.649     0.975000         9744        40.00
       2.797     0.978125         9774        45.71
       3.037     0.981250         9805        53.33
       3.367     0.984375         9836        64.00
       3.489     0.985938         9852        71.11
       3.619     0.987500         9868        80.00
       3.727     0.989062         9883        91.43
       3.909     0.990625         9900       106.67
       4.033     0.992188         9914       128.00
       4.155     0.992969         9922       142.22
       4.347     0.993750         9930       160.00
       4.475     0.994531         9938       182.86
       4.555     0.995313         9947       213.33
       4.675     0.996094         9953       256.00
       4.699     0.996484         9957       284.44
       4.791     0.996875         9962       320.00
       4.907     0.997266         9965       365.71
       5.115     0.997656         9969       426.67
       5.371     0.998047         9973       512.00
       5.427     0.998242         9975       568.89
       6.035     0.998437         9977       640.00
       6.167     0.998633         9979       731.43
       6.367     0.998828         9981       853.33
       6.779     0.999023         9983      1024.00
       6.831     0.999121         9984      1137.78
       7.047     0.999219         9985      1280.00
       7.215     0.999316         9986      1462.86
       7.219     0.999414         9987      1706.67
       7.247     0.999512         9988      2048.00
       7.247     0.999561         9988      2275.56
       7.451     0.999609         9989      2560.00
       7.451     0.999658         9989      2925.71
       9.719     0.999707         9990      3413.33
       9.719     0.999756         9990      4096.00
       9.719     0.999780         9990      4551.11
      11.383     0.999805         9991      5120.00
      11.383     0.999829         9991      5851.43
      11.383     0.999854         9991      6826.67
      11.383     0.999878         9991      8192.00
      11.383     0.999890         9991      9102.22
      11.543     0.999902         9992     10240.00
      11.543     1.000000         9992          inf
#[Mean    =        1.289, StdDeviation   =        0.662]
#[Max     =       11.536, Total count    =         9992]
#[Buckets =           27, SubBuckets     =         2048]
----------------------------------------------------------
  9994 requests in 10.00s, 1.67MB read
Requests/sec:    999.15
Transfer/sec:    170.75KB
