Running 10s test @ http://localhost
  2 threads and 10 connections
  Thread Stats   Avg      Stdev     Max   +/- Stdev
    Latency     1.18ms  783.68us  13.42ms   91.42%
    Req/Sec       -nan      -nan   0.00      0.00%
  Latency Distribution (HdrHistogram - Recorded Latency)
 50.000%    1.12ms
 75.000%    1.48ms
 90.000%    1.78ms
 99.000%    2.54ms
 99.900%   11.45ms
 99.990%   12.86ms
 99.999%   13.43ms
100.000%   13.43ms

  Detailed Percentile spectrum:
       Value   Percentile   TotalCount 1/(1-Percentile)

       0.190     0.000000            1         1.00
       0.532     0.100000         1000         1.11
       0.664     0.200000         2006         1.25
       0.789     0.300000         3005         1.43
       0.937     0.400000         3998         1.67
       1.116     0.500000         4996         2.00
       1.192     0.550000         5498         2.22
       1.265     0.600000         6002         2.50
       1.339     0.650000         6498         2.86
       1.408     0.700000         6999         3.33
       1.476     0.750000         7495         4.00
       1.516     0.775000         7750         4.44
       1.555     0.800000         7998         5.00
       1.598     0.825000         8247         5.71
       1.648     0.850000         8496         6.67
       1.713     0.875000         8746         8.00
       1.744     0.887500         8868         8.89
       1.779     0.900000         8993        10.00
       1.822     0.912500         9119        11.43
       1.869     0.925000         9243        13.33
       1.942     0.937500         9370        16.00
       1.968     0.943750         9431        17.78
       1.999     0.950000         9493        20.00
       2.032     0.956250         9555        22.86
       2.091     0.962500         9624        26.67
       2.143     0.968750         9680        32.00
       2.175     0.971875         9713        35.56
       2.213     0.975000         9743        40.00
       2.253     0.978125         9774        45.71
       2.299     0.981250         9806        53.33
       2.351     0.984375         9836        64.00
       2.383     0.985938         9852        71.11
       2.441     0.987500         9869        80.00
       2.491     0.989062         9883        91.43
       2.599     0.990625         9899       106.67
       3.111     0.992188         9914       128.00
       3.967     0.992969         9922       142.22
       5.299     0.993750         9930       160.00
       6.147     0.994531         9938       182.86
       6.979     0.995313         9946       213.33
       7.683     0.996094         9953       256.00
       7.811     0.996484         9957       284.44
       7.959     0.996875         9961       320.00
       8.151     0.997266         9965       365.71
       8.519     0.997656         9969       426.67
       9.311     0.998047         9973       512.00
       9.535     0.998242         9975       568.89
      10.039     0.998437         9977       640.00
      10.183     0.998633         9979       731.43
      11.247     0.998828         9981       853.33
      11.631     0.999023         9983      1024.00
      11.839     0.999121         9984      1137.78
      11.863     0.999219         9985      1280.00
      12.031     0.999316         9986      1462.86
      12.063     0.999414         9987      1706.67
      12.191     0.999512         9988      2048.00
      12.191     0.999561         9988      2275.56
      12.623     0.999609         9989      2560.00
      12.623     0.999658         9989      2925.71
      12.783     0.999707         9990      3413.33
      12.783     0.999756         9990      4096.00
      12.783     0.999780         9990      4551.11
      12.863     0.999805         9991      5120.00
      12.863     0.999829         9991      5851.43
      12.863     0.999854         9991      6826.67
      12.863     0.999878         9991      8192.00
      12.863     0.999890         9991      9102.22
      13.431     0.999902         9992     10240.00
      13.431     1.000000         9992          inf
#[Mean    =        1.178, StdDeviation   =        0.784]
#[Max     =       13.424, Total count    =         9992]
#[Buckets =           27, SubBuckets     =         2048]
----------------------------------------------------------
  9995 requests in 10.00s, 1.67MB read
Requests/sec:    999.36
Transfer/sec:    170.79KB
