Running 10s test @ http://localhost
  2 threads and 10 connections
  Thread Stats   Avg      Stdev     Max   +/- Stdev
    Latency     1.24ms  571.87us  11.43ms   79.87%
    Req/Sec       -nan      -nan   0.00      0.00%
  Latency Distribution (HdrHistogram - Recorded Latency)
 50.000%    1.19ms
 75.000%    1.49ms
 90.000%    1.79ms
 99.000%    3.57ms
 99.900%    5.13ms
 99.990%   11.05ms
 99.999%   11.44ms
100.000%   11.44ms

  Detailed Percentile spectrum:
       Value   Percentile   TotalCount 1/(1-Percentile)

       0.233     0.000000            1         1.00
       0.659     0.100000         1004         1.11
       0.818     0.200000         1999         1.25
       0.950     0.300000         3002         1.43
       1.071     0.400000         4006         1.67
       1.193     0.500000         5003         2.00
       1.247     0.550000         5496         2.22
       1.305     0.600000         5996         2.50
       1.362     0.650000         6505         2.86
       1.424     0.700000         6999         3.33
       1.492     0.750000         7497         4.00
       1.522     0.775000         7746         4.44
       1.563     0.800000         7994         5.00
       1.606     0.825000         8244         5.71
       1.649     0.850000         8501         6.67
       1.710     0.875000         8745         8.00
       1.751     0.887500         8868         8.89
       1.788     0.900000         8993        10.00
       1.836     0.912500         9119        11.43
       1.898     0.925000         9243        13.33
       1.957     0.937500         9373        16.00
       1.992     0.943750         9431        17.78
       2.031     0.950000         9493        20.00
       2.075     0.956250         9555        22.86
       2.143     0.962500         9619        26.67
       2.231     0.968750         9680        32.00
       2.287     0.971875         9711        35.56
       2.409     0.975000         9743        40.00
       2.517     0.978125         9774        45.71
       2.699     0.981250         9805        53.33
       2.947     0.984375         9836        64.00
       3.113     0.985938         9852        71.11
       3.311     0.987500         9868        80.00
       3.475     0.989062         9883        91.43
       3.641     0.990625         9899       106.67
       3.803     0.992188         9914       128.00
       3.847     0.992969         9922       142.22
       3.957     0.993750         9930       160.00
       4.067     0.994531         9938       182.86
       4.311     0.995313         9946       213.33
       4.339     0.996094         9953       256.00
       4.423     0.996484         9957       284.44
       4.535     0.996875         9961       320.00
       4.595     0.997266         9965       365.71
       4.659     0.997656         9969       426.67
       4.703     0.998047         9973       512.00
       4.739     0.998242         9976       568.89
       4.767     0.998437         9977       640.00
       4.787     0.998633         9979       731.43
       5.131     0.998828         9982       853.33
       5.367     0.999023         9983      1024.00
       5.747     0.999121         9984      1137.78
       6.063     0.999219         9985      1280.00
       6.403     0.999316         9986      1462.86
       6.623     0.999414         9987      1706.67
       6.723     0.999512         9988      2048.00
       6.723     0.999561         9988      2275.56
       7.691     0.999609         9989      2560.00
       7.691     0.999658         9989      2925.71
       8.103     0.999707         9990      3413.33
       8.103     0.999756         9990      4096.00
       8.103     0.999780         9990      4551.11
      11.047     0.999805         9991      5120.00
      11.047     0.999829         9991      5851.43
      11.047     0.999854         9991      6826.67
      11.047     0.999878         9991      8192.00
      11.047     0.999890         9991      9102.22
      11.439     0.999902         9992     10240.00
      11.439     1.000000         9992          inf
#[Mean    =        1.244, StdDeviation   =        0.572]
#[Max     =       11.432, Total count    =         9992]
#[Buckets =           27, SubBuckets     =         2048]
----------------------------------------------------------
  9995 requests in 10.00s, 1.67MB read
Requests/sec:    999.42
Transfer/sec:    170.80KB
