Running 10s test @ http://localhost
  2 threads and 10 connections
  Thread Stats   Avg      Stdev     Max   +/- Stdev
    Latency     1.19ms  733.02us  12.98ms   89.18%
    Req/Sec       -nan      -nan   0.00      0.00%
  Latency Distribution (HdrHistogram - Recorded Latency)
 50.000%    1.16ms
 75.000%    1.49ms
 90.000%    1.76ms
 99.000%    2.30ms
 99.900%   11.19ms
 99.990%   12.99ms
 99.999%   12.99ms
100.000%   12.99ms

  Detailed Percentile spectrum:
       Value   Percentile   TotalCount 1/(1-Percentile)

       0.165     0.000000            1         1.00
       0.530     0.100000         1001         1.11
       0.687     0.200000         2001         1.25
       0.857     0.300000         3001         1.43
       1.010     0.400000         3998         1.67
       1.162     0.500000         5000         2.00
       1.237     0.550000         5499         2.22
       1.301     0.600000         6000         2.50
       1.363     0.650000         6497         2.86
       1.427     0.700000         6997         3.33
       1.491     0.750000         7499         4.00
       1.526     0.775000         7751         4.44
       1.563     0.800000         8000         5.00
       1.605     0.825000         8245         5.71
       1.644     0.850000         8495         6.67
       1.693     0.875000         8744         8.00
       1.723     0.887500         8872         8.89
       1.757     0.900000         8993        10.00
       1.787     0.912500         9121        11.43
       1.828     0.925000         9247        13.33
       1.861     0.937500         9370        16.00
       1.888     0.943750         9432        17.78
       1.911     0.950000         9493        20.00
       1.947     0.956250         9557        22.86
       1.987     0.962500         9619        26.67
       2.019     0.968750         9680        32.00
       2.037     0.971875         9712        35.56
       2.069     0.975000         9743        40.00
       2.101     0.978125         9778        45.71
       2.127     0.981250         9806        53.33
       2.177     0.984375         9838        64.00
       2.195     0.985938         9852        71.11
       2.231     0.987500         9870        80.00
       2.257     0.989062         9883        91.43
       2.343     0.990625         9899       106.67
       2.441     0.992188         9914       128.00
       2.647     0.992969         9922       142.22
       4.867     0.993750         9930       160.00
       5.783     0.994531         9938       182.86
       6.331     0.995313         9946       213.33
       6.555     0.996094         9953       256.00
       6.695     0.996484         9957       284.44
       6.843     0.996875         9961       320.00
       6.979     0.997266         9965       365.71
       7.219     0.997656         9969       426.67
       9.015     0.998047         9973       512.00
      10.223     0.998242         9975       568.89
      10.791     0.998437         9977       640.00
      10.943     0.998633         9980       731.43
      10.951     0.998828         9981       853.33
      11.303     0.999023         9983      1024.00
      11.359     0.999121         9984      1137.78
      11.527     0.999219         9985      1280.00
      11.639     0.999316         9986      1462.86
      11.647     0.999414         9987      1706.67
      11.655     0.999512         9988      2048.00
      11.655     0.999561         9988      2275.56
      12.207     0.999609         9989      2560.00
      12.207     0.999658         9989      2925.71
      12.767     0.999707         9990      3413.33
      12.767     0.999756         9990      4096.00
      12.767     0.999780         9990      4551.11
      12.991     0.999805         9992      5120.00
      12.991     1.000000         9992          inf
#[Mean    =        1.190, StdDeviation   =        0.733]
#[Max     =       12.984, Total count    =         9992]
#[Buckets =           27, SubBuckets     =         2048]
----------------------------------------------------------
  9996 requests in 10.00s, 1.67MB read
Requests/sec:    999.44
Transfer/sec:    170.80KB
