Running 10s test @ http://localhost
  2 threads and 10 connections
  Thread Stats   Avg      Stdev     Max   +/- Stdev
    Latency     1.36ms  780.52us   9.93ms   82.58%
    Req/Sec       -nan      -nan   0.00      0.00%
  Latency Distribution (HdrHistogram - Recorded Latency)
 50.000%    1.27ms
 75.000%    1.72ms
 90.000%    2.07ms
 99.000%    4.45ms
 99.900%    8.09ms
 99.990%    9.74ms
 99.999%    9.94ms
100.000%    9.94ms

  Detailed Percentile spectrum:
       Value   Percentile   TotalCount 1/(1-Percentile)

       0.240     0.000000            1         1.00
       0.587     0.100000         1002         1.11
       0.756     0.200000         2002         1.25
       0.930     0.300000         3003         1.43
       1.103     0.400000         3997         1.67
       1.266     0.500000         4996         2.00
       1.343     0.550000         5497         2.22
       1.429     0.600000         6001         2.50
       1.519     0.650000         6495         2.86
       1.616     0.700000         6996         3.33
       1.719     0.750000         7497         4.00
       1.770     0.775000         7744         4.44
       1.820     0.800000         7996         5.00
       1.879     0.825000         8246         5.71
       1.936     0.850000         8498         6.67
       1.997     0.875000         8746         8.00
       2.032     0.887500         8870         8.89
       2.067     0.900000         8998        10.00
       2.113     0.912500         9119        11.43
       2.159     0.925000         9244        13.33
       2.219     0.937500         9368        16.00
       2.249     0.943750         9430        17.78
       2.295     0.950000         9492        20.00
       2.371     0.956250         9555        22.86
       2.471     0.962500         9617        26.67
       2.589     0.968750         9679        32.00
       2.715     0.971875         9711        35.56
       2.841     0.975000         9742        40.00
       3.111     0.978125         9773        45.71
       3.439     0.981250         9804        53.33
       3.801     0.984375         9835        64.00
       4.037     0.985938         9851        71.11
       4.227     0.987500         9867        80.00
       4.335     0.989062         9882        91.43
       4.635     0.990625         9898       106.67
       4.943     0.992188         9913       128.00
       5.227     0.992969         9921       142.22
       5.403     0.993750         9929       160.00
       5.739     0.994531         9937       182.86
       6.059     0.995313         9945       213.33
       6.351     0.996094         9952       256.00
       6.511     0.996484         9956       284.44
       6.663     0.996875         9960       320.00
       6.759     0.997266         9964       365.71
       6.959     0.997656         9968       426.67
       7.259     0.998047         9972       512.00
       7.415     0.998242         9974       568.89
       7.659     0.998437         9976       640.00
       7.759     0.998633         9978       731.43
       8.027     0.998828         9980       853.33
       8.179     0.999023         9982      1024.00
       8.191     0.999121         9983      1137.78
       8.263     0.999219         9984      1280.00
       8.303     0.999316         9985      1462.86
       8.335     0.999414         9986      1706.67
       8.503     0.999512         9987      2048.00
       8.503     0.999561         9987      2275.56
       8.759     0.999609         9988      2560.00
       8.759     0.999658         9988      2925.71
       9.263     0.999707         9989      3413.33
       9.263     0.999756         9989      4096.00
       9.263     0.999780         9989      4551.11
       9.743     0.999805         9990      5120.00
       9.743     0.999829         9990      5851.43
       9.743     0.999854         9990      6826.67
       9.743     0.999878         9990      8192.00
       9.743     0.999890         9990      9102.22
       9.935     0.999902         9991     10240.00
       9.935     1.000000         9991          inf
#[Mean    =        1.359, StdDeviation   =        0.781]
#[Max     =        9.928, Total count    =         9991]
#[Buckets =           27, SubBuckets     =         2048]
----------------------------------------------------------
  9993 requests in 10.00s, 1.67MB read
Requests/sec:    999.26
Transfer/sec:    170.77KB
