Running 10s test @ http://localhost
  2 threads and 10 connections
  Thread Stats   Avg      Stdev     Max   +/- Stdev
    Latency     1.41ms    1.62ms  38.14ms   98.10%
    Req/Sec       -nan      -nan   0.00      0.00%
  Latency Distribution (HdrHistogram - Recorded Latency)
 50.000%    1.30ms
 75.000%    1.55ms
 90.000%    1.76ms
 99.000%    5.29ms
 99.900%   28.56ms
 99.990%   38.17ms
 99.999%   38.17ms
100.000%   38.17ms

  Detailed Percentile spectrum:
       Value   Percentile   TotalCount 1/(1-Percentile)

       0.185     0.000000            1         1.00
       0.741     0.100000         1002         1.11
       0.929     0.200000         1999         1.25
       1.067     0.300000         3001         1.43
       1.191     0.400000         3998         1.67
       1.301     0.500000         5003         2.00
       1.353     0.550000         5499         2.22
       1.397     0.600000         5999         2.50
       1.443     0.650000         6504         2.86
       1.492     0.700000         7002         3.33
       1.547     0.750000         7495         4.00
       1.574     0.775000         7748         4.44
       1.607     0.800000         8004         5.00
       1.638     0.825000         8245         5.71
       1.673     0.850000         8494         6.67
       1.713     0.875000         8746         8.00
       1.737     0.887500         8873         8.89
       1.762     0.900000         8997        10.00
       1.793     0.912500         9119        11.43
       1.826     0.925000         9246        13.33
       1.866     0.937500         9369        16.00
       1.890     0.943750         9432        17.78
       1.919     0.950000         9494        20.00
       1.961     0.956250         9556        22.86
       2.001     0.962500         9618        26.67
       2.071     0.968750         9680        32.00
       2.127     0.971875         9711        35.56
       2.189     0.975000         9743        40.00
       2.421     0.978125         9774        45.71
       3.123     0.981250         9805        53.33
       4.019     0.984375         9836        64.00
       4.311     0.985938         9852        71.11
       4.503     0.987500         9868        80.00
       4.923     0.989062         9883        91.43
       6.403     0.990625         9899       106.67
       7.183     0.992188         9914       128.00
       7.723     0.992969         9922       142.22
       8.759     0.993750         9930       160.00
       9.663     0.994531         9938       182.86
      11.263     0.995313         9946       213.33
      12.919     0.996094         9953       256.00
      13.455     0.996484         9957       284.44
      13.863     0.996875         9962       320.00
      17.039     0.997266         9965       365.71
      19.103     0.997656         9969       426.67
      22.031     0.998047         9973       512.00
      22.991     0.998242         9975       568.89
      23.583     0.998437         9977       640.00
      27.055     0.998633         9979       731.43
      28.511     0.998828         9981       853.33
      28.575     0.999023         9983      1024.00
      30.687     0.999121         9984      1137.78
      32.095     0.999219         9985      1280.00
      32.895     0.999316         9986      1462.86
      33.215     0.999414         9987      1706.67
      35.839     0.999512         9988      2048.00
      35.839     0.999561         9988      2275.56
      37.215     0.999609         9989      2560.00
      37.215     0.999658         9989      2925.71
      38.143     0.999707         9990      3413.33
      38.143     0.999756         9990      4096.00
      38.143     0.999780         9990      4551.11
      38.175     0.999805         9992      5120.00
      38.175     1.000000         9992          inf
#[Mean    =        1.414, StdDeviation   =        1.624]
#[Max     =       38.144, Total count    =         9992]
#[Buckets =           27, SubBuckets     =         2048]
----------------------------------------------------------
  9995 requests in 10.00s, 1.67MB read
Requests/sec:    999.32
Transfer/sec:    170.78KB
