Running 10s test @ http://localhost
  2 threads and 10 connections
  Thread Stats   Avg      Stdev     Max   +/- Stdev
    Latency     1.18ms  482.35us   4.13ms   62.68%
    Req/Sec       -nan      -nan   0.00      0.00%
  Latency Distribution (HdrHistogram - Recorded Latency)
 50.000%    1.23ms
 75.000%    1.54ms
 90.000%    1.79ms
 99.000%    2.14ms
 99.900%    3.22ms
 99.990%    4.07ms
 99.999%    4.14ms
100.000%    4.14ms

  Detailed Percentile spectrum:
       Value   Percentile   TotalCount 1/(1-Percentile)

       0.128     0.000000            1         1.00
       0.507     0.100000         1004         1.11
       0.681     0.200000         2003         1.25
       0.884     0.300000         3004         1.43
       1.081     0.400000         3997         1.67
       1.233     0.500000         4996         2.00
       1.300     0.550000         5498         2.22
       1.360     0.600000         5998         2.50
       1.416     0.650000         6501         2.86
       1.476     0.700000         7004         3.33
       1.536     0.750000         7502         4.00
       1.572     0.775000         7745         4.44
       1.611     0.800000         7996         5.00
       1.649     0.825000         8251         5.71
       1.690     0.850000         8495         6.67
       1.737     0.875000         8747         8.00
       1.762     0.887500         8871         8.89
       1.791     0.900000         8993        10.00
       1.821     0.912500         9119        11.43
       1.855     0.925000         9247        13.33
       1.890     0.937500         9368        16.00
       1.904     0.943750         9431        17.78
       1.929     0.950000         9495        20.00
       1.953     0.956250         9555        22.86
       1.976     0.962500         9618        26.67
       2.000     0.968750         9681        32.00
       2.013     0.971875         9713        35.56
       2.030     0.975000         9744        40.00
       2.047     0.978125         9774        45.71
       2.067     0.981250         9805        53.33
       2.091     0.984375         9839        64.00
       2.097     0.985938         9854        71.11
       2.119     0.987500         9871        80.00
       2.127     0.989062         9883        91.43
       2.145     0.990625         9901       106.67
       2.175     0.992188         9914       128.00
       2.187     0.992969         9922       142.22
       2.211     0.993750         9931       160.00
       2.229     0.994531         9938       182.86
       2.259     0.995313         9946       213.33
       2.277     0.996094         9954       256.00
       2.295     0.996484         9957       284.44
       2.313     0.996875         9961       320.00
       2.325     0.997266         9965       365.71
       2.355     0.997656         9969       426.67
       2.419     0.998047         9973       512.00
       2.435     0.998242         9975       568.89
       2.489     0.998437         9977       640.00
       2.629     0.998633         9979       731.43
       2.921     0.998828         9981       853.33
       3.421     0.999023         9983      1024.00
       3.671     0.999121         9984      1137.78
       3.703     0.999219         9985      1280.00
       3.881     0.999316         9986      1462.86
       3.885     0.999414         9987      1706.67
       3.899     0.999512         9988      2048.00
       3.899     0.999561         9988      2275.56
       3.979     0.999609         9989      2560.00
       3.979     0.999658         9989      2925.71
       4.073     0.999707         9991      3413.33
       4.073     0.999756         9991      4096.00
       4.073     0.999780         9991      4551.11
       4.073     0.999805         9991      5120.00
       4.073     0.999829         9991      5851.43
       4.073     0.999854         9991      6826.67
       4.073     0.999878         9991      8192.00
       4.073     0.999890         9991      9102.22
       4.135     0.999902         9992     10240.00
       4.135     1.000000         9992          inf
#[Mean    =        1.184, StdDeviation   =        0.482]
#[Max     =        4.132, Total count    =         9992]
#[Buckets =           27, SubBuckets     =         2048]
----------------------------------------------------------
  9995 requests in 10.00s, 1.67MB read
Requests/sec:    999.44
Transfer/sec:    170.80KB
