Running 10s test @ http://localhost
  2 threads and 10 connections
  Thread Stats   Avg      Stdev     Max   +/- Stdev
    Latency     1.22ms  636.91us  12.80ms   78.57%
    Req/Sec       -nan      -nan   0.00      0.00%
  Latency Distribution (HdrHistogram - Recorded Latency)
 50.000%    1.15ms
 75.000%    1.54ms
 90.000%    1.87ms
 99.000%    3.00ms
 99.900%    7.55ms
 99.990%   12.48ms
 99.999%   12.81ms
100.000%   12.81ms

  Detailed Percentile spectrum:
       Value   Percentile   TotalCount 1/(1-Percentile)

       0.186     0.000000            1         1.00
       0.566     0.100000         1002         1.11
       0.745     0.200000         2000         1.25
       0.881     0.300000         2999         1.43
       1.013     0.400000         4003         1.67
       1.146     0.500000         4997         2.00
       1.218     0.550000         5502         2.22
       1.295     0.600000         6000         2.50
       1.375     0.650000         6495         2.86
       1.453     0.700000         6997         3.33
       1.536     0.750000         7495         4.00
       1.589     0.775000         7745         4.44
       1.636     0.800000         7998         5.00
       1.684     0.825000         8247         5.71
       1.738     0.850000         8496         6.67
       1.797     0.875000         8744         8.00
       1.833     0.887500         8869         8.89
       1.874     0.900000         8994        10.00
       1.921     0.912500         9118        11.43
       1.987     0.925000         9243        13.33
       2.075     0.937500         9368        16.00
       2.123     0.943750         9431        17.78
       2.173     0.950000         9495        20.00
       2.225     0.956250         9555        22.86
       2.283     0.962500         9619        26.67
       2.345     0.968750         9681        32.00
       2.377     0.971875         9711        35.56
       2.419     0.975000         9743        40.00
       2.457     0.978125         9774        45.71
       2.531     0.981250         9805        53.33
       2.665     0.984375         9836        64.00
       2.717     0.985938         9852        71.11
       2.821     0.987500         9868        80.00
       2.877     0.989062         9883        91.43
       3.113     0.990625         9899       106.67
       3.355     0.992188         9914       128.00
       3.473     0.992969         9922       142.22
       3.691     0.993750         9930       160.00
       4.003     0.994531         9938       182.86
       4.103     0.995313         9946       213.33
       4.351     0.996094         9953       256.00
       4.495     0.996484         9957       284.44
       4.563     0.996875         9962       320.00
       4.599     0.997266         9965       365.71
       4.639     0.997656         9969       426.67
       4.875     0.998047         9973       512.00
       4.915     0.998242         9975       568.89
       5.131     0.998437         9977       640.00
       5.423     0.998633         9979       731.43
       7.199     0.998828         9981       853.33
       7.579     0.999023         9983      1024.00
       7.735     0.999121         9984      1137.78
       7.819     0.999219         9985      1280.00
       7.983     0.999316         9986      1462.86
       8.011     0.999414         9987      1706.67
       8.807     0.999512         9988      2048.00
       8.807     0.999561         9988      2275.56
      11.559     0.999609         9989      2560.00
      11.559     0.999658         9989      2925.71
      12.447     0.999707         9990      3413.33
      12.447     0.999756         9990      4096.00
      12.447     0.999780         9990      4551.11
      12.479     0.999805         9991      5120.00
      12.479     0.999829         9991      5851.43
      12.479     0.999854         9991      6826.67
      12.479     0.999878         9991      8192.00
      12.479     0.999890         9991      9102.22
      12.807     0.999902         9992     10240.00
      12.807     1.000000         9992          inf
#[Mean    =        1.223, StdDeviation   =        0.637]
#[Max     =       12.800, Total count    =         9992]
#[Buckets =           27, SubBuckets     =         2048]
----------------------------------------------------------
  9996 requests in 10.00s, 1.67MB read
Requests/sec:    999.51
Transfer/sec:    170.82KB
