Running 10s test @ http://localhost
  2 threads and 10 connections
  Thread Stats   Avg      Stdev     Max   +/- Stdev
    Latency     1.14ms  542.74us   6.71ms   65.31%
    Req/Sec       -nan      -nan   0.00      0.00%
  Latency Distribution (HdrHistogram - Recorded Latency)
 50.000%    1.11ms
 75.000%    1.49ms
 90.000%    1.87ms
 99.000%    2.35ms
 99.900%    4.03ms
 99.990%    6.43ms
 99.999%    6.71ms
100.000%    6.71ms

  Detailed Percentile spectrum:
       Value   Percentile   TotalCount 1/(1-Percentile)

       0.144     0.000000            1         1.00
       0.465     0.100000         1002         1.11
       0.628     0.200000         2003         1.25
       0.795     0.300000         2999         1.43
       0.958     0.400000         4002         1.67
       1.112     0.500000         5003         2.00
       1.187     0.550000         5496         2.22
       1.263     0.600000         5996         2.50
       1.339     0.650000         6497         2.86
       1.415     0.700000         6998         3.33
       1.494     0.750000         7497         4.00
       1.545     0.775000         7745         4.44
       1.603     0.800000         7994         5.00
       1.657     0.825000         8246         5.71
       1.722     0.850000         8495         6.67
       1.788     0.875000         8744         8.00
       1.826     0.887500         8868         8.89
       1.869     0.900000         8996        10.00
       1.909     0.912500         9120        11.43
       1.956     0.925000         9245        13.33
       2.013     0.937500         9370        16.00
       2.040     0.943750         9432        17.78
       2.073     0.950000         9493        20.00
       2.099     0.956250         9556        22.86
       2.131     0.962500         9619        26.67
       2.165     0.968750         9682        32.00
       2.185     0.971875         9713        35.56
       2.207     0.975000         9746        40.00
       2.227     0.978125         9776        45.71
       2.251     0.981250         9805        53.33
       2.283     0.984375         9836        64.00
       2.301     0.985938         9852        71.11
       2.319     0.987500         9868        80.00
       2.343     0.989062         9884        91.43
       2.359     0.990625         9899       106.67
       2.393     0.992188         9915       128.00
       2.417     0.992969         9924       142.22
       2.437     0.993750         9930       160.00
       2.463     0.994531         9940       182.86
       2.503     0.995313         9946       213.33
       2.527     0.996094         9953       256.00
       2.553     0.996484         9957       284.44
       2.579     0.996875         9961       320.00
       2.603     0.997266         9965       365.71
       2.667     0.997656         9969       426.67
       2.689     0.998047         9973       512.00
       2.729     0.998242         9975       568.89
       2.767     0.998437         9977       640.00
       3.463     0.998633         9979       731.43
       3.649     0.998828         9981       853.33
       4.243     0.999023         9983      1024.00
       4.983     0.999121         9984      1137.78
       5.183     0.999219         9985      1280.00
       5.331     0.999316         9986      1462.86
       5.779     0.999414         9987      1706.67
       5.847     0.999512         9988      2048.00
       5.847     0.999561         9988      2275.56
       5.891     0.999609         9989      2560.00
       5.891     0.999658         9989      2925.71
       6.023     0.999707         9990      3413.33
       6.023     0.999756         9990      4096.00
       6.023     0.999780         9990      4551.11
       6.427     0.999805         9991      5120.00
       6.427     0.999829         9991      5851.43
       6.427     0.999854         9991      6826.67
       6.427     0.999878         9991      8192.00
       6.427     0.999890         9991      9102.22
       6.711     0.999902         9992     10240.00
       6.711     1.000000         9992          inf
#[Mean    =        1.141, StdDeviation   =        0.543]
#[Max     =        6.708, Total count    =         9992]
#[Buckets =           27, SubBuckets     =         2048]
----------------------------------------------------------
  9997 requests in 10.00s, 1.67MB read
Requests/sec:    999.63
Transfer/sec:    170.84KB
