Running 10s test @ http://localhost
  2 threads and 10 connections
  Thread Stats   Avg      Stdev     Max   +/- Stdev
    Latency     1.27ms  547.20us   7.32ms   72.53%
    Req/Sec       -nan      -nan   0.00      0.00%
  Latency Distribution (HdrHistogram - Recorded Latency)
 50.000%    1.25ms
 75.000%    1.60ms
 90.000%    1.87ms
 99.000%    2.93ms
 99.900%    4.66ms
 99.990%    7.03ms
 99.999%    7.32ms
100.000%    7.32ms

  Detailed Percentile spectrum:
       Value   Percentile   TotalCount 1/(1-Percentile)

       0.201     0.000000            1         1.00
       0.612     0.100000         1000         1.11
       0.803     0.200000         2002         1.25
       0.959     0.300000         2999         1.43
       1.103     0.400000         3998         1.67
       1.247     0.500000         4996         2.00
       1.319     0.550000         5501         2.22
       1.387     0.600000         5997         2.50
       1.456     0.650000         6495         2.86
       1.525     0.700000         6998         3.33
       1.599     0.750000         7498         4.00
       1.633     0.775000         7744         4.44
       1.672     0.800000         7998         5.00
       1.711     0.825000         8245         5.71
       1.755     0.850000         8494         6.67
       1.804     0.875000         8747         8.00
       1.834     0.887500         8868         8.89
       1.866     0.900000         8993        10.00
       1.897     0.912500         9121        11.43
       1.935     0.925000         9243        13.33
       1.981     0.937500         9368        16.00
       2.008     0.943750         9430        17.78
       2.051     0.950000         9498        20.00
       2.085     0.956250         9556        22.86
       2.139     0.962500         9620        26.67
       2.207     0.968750         9682        32.00
       2.253     0.971875         9711        35.56
       2.315     0.975000         9744        40.00
       2.373     0.978125         9774        45.71
       2.457     0.981250         9805        53.33
       2.613     0.984375         9836        64.00
       2.685     0.985938         9852        71.11
       2.793     0.987500         9868        80.00
       2.883     0.989062         9883        91.43
       3.005     0.990625         9899       106.67
       3.323     0.992188         9914       128.00
       3.531     0.992969         9922       142.22
       3.703     0.993750         9930       160.00
       3.769     0.994531         9938       182.86
       3.921     0.995313         9946       213.33
       3.983     0.996094         9953       256.00
       4.055     0.996484         9957       284.44
       4.139     0.996875         9961       320.00
       4.203     0.997266         9965       365.71
       4.243     0.997656         9969       426.67
       4.483     0.998047         9973       512.00
       4.503     0.998242         9975       568.89
       4.523     0.998437         9977       640.00
       4.599     0.998633         9979       731.43
       4.639     0.998828         9981       853.33
       4.675     0.999023         9983      1024.00
       4.735     0.999121         9984      1137.78
       4.787     0.999219         9985      1280.00
       4.975     0.999316         9986      1462.86
       5.015     0.999414         9987      1706.67
       5.091     0.999512         9988      2048.00
       5.091     0.999561         9988      2275.56
       5.219     0.999609         9989      2560.00
       5.219     0.999658         9989      2925.71
       6.855     0.999707         9990      3413.33
       6.855     0.999756         9990      4096.00
       6.855     0.999780         9990      4551.11
       7.027     0.999805         9991      5120.00
       7.027     0.999829         9991      5851.43
       7.027     0.999854         9991      6826.67
       7.027     0.999878         9991      8192.00
       7.027     0.999890         9991      9102.22
       7.323     0.999902         9992     10240.00
       7.323     1.000000         9992          inf
#[Mean    =        1.271, StdDeviation   =        0.547]
#[Max     =        7.320, Total count    =         9992]
#[Buckets =           27, SubBuckets     =         2048]
----------------------------------------------------------
  9996 requests in 10.00s, 1.67MB read
Requests/sec:    999.47
Transfer/sec:    170.81KB
