Running 10s test @ http://localhost
  2 threads and 10 connections
  Thread Stats   Avg      Stdev     Max   +/- Stdev
    Latency     1.17ms  513.95us  12.23ms   72.58%
    Req/Sec       -nan      -nan   0.00      0.00%
  Latency Distribution (HdrHistogram - Recorded Latency)
 50.000%    1.16ms
 75.000%    1.49ms
 90.000%    1.73ms
 99.000%    2.16ms
 99.900%    7.00ms
 99.990%   12.03ms
 99.999%   12.24ms
100.000%   12.24ms

  Detailed Percentile spectrum:
       Value   Percentile   TotalCount 1/(1-Percentile)

       0.152     0.000000            1         1.00
       0.565     0.100000         1000         1.11
       0.739     0.200000         2004         1.25
       0.895     0.300000         3004         1.43
       1.035     0.400000         3997         1.67
       1.159     0.500000         4998         2.00
       1.216     0.550000         5497         2.22
       1.280     0.600000         5998         2.50
       1.342     0.650000         6506         2.86
       1.412     0.700000         7002         3.33
       1.486     0.750000         7501         4.00
       1.523     0.775000         7749         4.44
       1.560     0.800000         7996         5.00
       1.600     0.825000         8246         5.71
       1.641     0.850000         8497         6.67
       1.681     0.875000         8743         8.00
       1.704     0.887500         8868         8.89
       1.732     0.900000         8996        10.00
       1.764     0.912500         9122        11.43
       1.802     0.925000         9246        13.33
       1.839     0.937500         9371        16.00
       1.859     0.943750         9436        17.78
       1.882     0.950000         9493        20.00
       1.906     0.956250         9557        22.86
       1.930     0.962500         9620        26.67
       1.966     0.968750         9680        32.00
       1.982     0.971875         9712        35.56
       1.998     0.975000         9745        40.00
       2.019     0.978125         9774        45.71
       2.046     0.981250         9805        53.33
       2.073     0.984375         9836        64.00
       2.097     0.985938         9853        71.11
       2.123     0.987500         9868        80.00
       2.143     0.989062         9884        91.43
       2.183     0.990625         9900       106.67
       2.223     0.992188         9914       128.00
       2.251     0.992969         9923       142.22
       2.285     0.993750         9930       160.00
       2.335     0.994531         9938       182.86
       2.417     0.995313         9946       213.33
       2.481     0.996094         9953       256.00
       2.509     0.996484         9957       284.44
       2.525     0.996875         9961       320.00
       2.615     0.997266         9965       365.71
       2.731     0.997656         9969       426.67
       2.761     0.998047         9973       512.00
       2.937     0.998242         9975       568.89
       2.961     0.998437         9977       640.00
       3.509     0.998633         9979       731.43
       4.583     0.998828         9981       853.33
       7.035     0.999023         9983      1024.00
       7.595     0.999121         9984      1137.78
       7.663     0.999219         9985      1280.00
       7.787     0.999316         9986      1462.86
       7.799     0.999414         9987      1706.67
       7.831     0.999512         9988      2048.00
       7.831     0.999561         9988      2275.56
       8.187     0.999609         9989      2560.00
       8.187     0.999658         9989      2925.71
      11.463     0.999707         9990      3413.33
      11.463     0.999756         9990      4096.00
      11.463     0.999780         9990      4551.11
      12.031     0.999805         9991      5120.00
      12.031     0.999829         9991      5851.43
      12.031     0.999854         9991      6826.67
      12.031     0.999878         9991      8192.00
      12.031     0.999890         9991      9102.22
      12.239     0.999902         9992     10240.00
      12.239     1.000000         9992          inf
#[Mean    =        1.168, StdDeviation   =        0.514]
#[Max     =       12.232, Total count    =         9992]
#[Buckets =           27, SubBuckets     =         2048]
----------------------------------------------------------
  9998 requests in 10.00s, 1.67MB read
Requests/sec:    999.64
Transfer/sec:    170.84KB
