Running 10s test @ http://localhost
  2 threads and 10 connections
  Thread Stats   Avg      Stdev     Max   +/- Stdev
    Latency     1.32ms  683.85us   6.96ms   73.05%
    Req/Sec       -nan      -nan   0.00      0.00%
  Latency Distribution (HdrHistogram - Recorded Latency)
 50.000%    1.24ms
 75.000%    1.69ms
 90.000%    2.11ms
 99.000%    3.63ms
 99.900%    5.26ms
 99.990%    5.96ms
 99.999%    6.96ms
100.000%    6.96ms

  Detailed Percentile spectrum:
       Value   Percentile   TotalCount 1/(1-Percentile)

       0.133     0.000000            1         1.00
       0.557     0.100000         1002         1.11
       0.727     0.200000         2001         1.25
       0.898     0.300000         3003         1.43
       1.070     0.400000         4003         1.67
       1.237     0.500000         5002         2.00
       1.325     0.550000         5500         2.22
       1.404     0.600000         5997         2.50
       1.494     0.650000         6496         2.86
       1.593     0.700000         6997         3.33
       1.693     0.750000         7496         4.00
       1.748     0.775000         7746         4.44
       1.799     0.800000         7997         5.00
       1.863     0.825000         8245         5.71
       1.929     0.850000         8497         6.67
       2.013     0.875000         8744         8.00
       2.053     0.887500         8868         8.89
       2.105     0.900000         8996        10.00
       2.167     0.912500         9118        11.43
       2.233     0.925000         9245        13.33
       2.325     0.937500         9369        16.00
       2.371     0.943750         9431        17.78
       2.421     0.950000         9495        20.00
       2.495     0.956250         9556        22.86
       2.579     0.962500         9618        26.67
       2.691     0.968750         9680        32.00
       2.775     0.971875         9711        35.56
       2.861     0.975000         9744        40.00
       2.951     0.978125         9774        45.71
       3.067     0.981250         9806        53.33
       3.209     0.984375         9836        64.00
       3.343     0.985938         9852        71.11
       3.429     0.987500         9868        80.00
       3.527     0.989062         9883        91.43
       3.659     0.990625         9899       106.67
       3.905     0.992188         9914       128.00
       4.033     0.992969         9922       142.22
       4.199     0.993750         9930       160.00
       4.351     0.994531         9938       182.86
       4.539     0.995313         9946       213.33
       4.695     0.996094         9953       256.00
       4.831     0.996484         9957       284.44
       4.911     0.996875         9961       320.00
       4.991     0.997266         9967       365.71
       5.075     0.997656         9969       426.67
       5.123     0.998047         9973       512.00
       5.159     0.998242         9975       568.89
       5.199     0.998437         9977       640.00
       5.207     0.998633         9979       731.43
       5.243     0.998828         9981       853.33
       5.391     0.999023         9983      1024.00
       5.403     0.999121         9984      1137.78
       5.459     0.999219         9985      1280.00
       5.523     0.999316         9986      1462.86
       5.619     0.999414         9987      1706.67
       5.739     0.999512         9988      2048.00
       5.739     0.999561         9988      2275.56
       5.931     0.999609         9989      2560.00
       5.931     0.999658         9989      2925.71
       5.955     0.999707         9990      3413.33
       5.955     0.999756         9990      4096.00
       5.955     0.999780         9990      4551.11
       5.959     0.999805         9991      5120.00
       5.959     0.999829         9991      5851.43
       5.959     0.999854         9991      6826.67
       5.959     0.999878         9991      8192.00
       5.959     0.999890         9991      9102.22
       6.959     0.999902         9992     10240.00
       6.959     1.000000         9992          inf
#[Mean    =        1.317, StdDeviation   =        0.684]
#[Max     =        6.956, Total count    =         9992]
#[Buckets =           27, SubBuckets     =         2048]
----------------------------------------------------------
  9994 requests in 10.00s, 1.67MB read
Requests/sec:    999.31
Transfer/sec:    170.78KB
