Running 10s test @ http://localhost
  2 threads and 10 connections
  Thread Stats   Avg      Stdev     Max   +/- Stdev
    Latency     1.35ms    0.91ms  17.10ms   93.72%
    Req/Sec       -nan      -nan   0.00      0.00%
  Latency Distribution (HdrHistogram - Recorded Latency)
 50.000%    1.23ms
 75.000%    1.62ms
 90.000%    1.91ms
 99.000%    4.64ms
 99.900%   12.21ms
 99.990%   16.78ms
 99.999%   17.12ms
100.000%   17.12ms

  Detailed Percentile spectrum:
       Value   Percentile   TotalCount 1/(1-Percentile)

       0.193     0.000000            1         1.00
       0.660     0.100000         1003         1.11
       0.811     0.200000         2000         1.25
       0.941     0.300000         3006         1.43
       1.082     0.400000         3998         1.67
       1.226     0.500000         5002         2.00
       1.308     0.550000         5497         2.22
       1.390     0.600000         5999         2.50
       1.472     0.650000         6500         2.86
       1.545     0.700000         7002         3.33
       1.624     0.750000         7501         4.00
       1.665     0.775000         7745         4.44
       1.704     0.800000         7994         5.00
       1.744     0.825000         8244         5.71
       1.795     0.850000         8495         6.67
       1.845     0.875000         8744         8.00
       1.876     0.887500         8871         8.89
       1.908     0.900000         8993        10.00
       1.949     0.912500         9121        11.43
       2.007     0.925000         9243        13.33
       2.081     0.937500         9373        16.00
       2.125     0.943750         9430        17.78
       2.185     0.950000         9494        20.00
       2.289     0.956250         9555        22.86
       2.429     0.962500         9618        26.67
       2.593     0.968750         9680        32.00
       2.771     0.971875         9713        35.56
       2.933     0.975000         9743        40.00
       3.183     0.978125         9774        45.71
       3.515     0.981250         9805        53.33
       3.845     0.984375         9836        64.00
       3.963     0.985938         9852        71.11
       4.263     0.987500         9868        80.00
       4.587     0.989062         9883        91.43
       4.831     0.990625         9899       106.67
       5.311     0.992188         9914       128.00
       5.979     0.992969         9922       142.22
       6.207     0.993750         9930       160.00
       6.903     0.994531         9938       182.86
       7.079     0.995313         9946       213.33
       7.691     0.996094         9953       256.00
       8.007     0.996484         9957       284.44
       8.559     0.996875         9961       320.00
       9.135     0.997266         9965       365.71
       9.447     0.997656         9969       426.67
       9.639     0.998047         9973       512.00
       9.735     0.998242         9975       568.89
      10.399     0.998437         9977       640.00
      11.439     0.998633         9979       731.43
      12.071     0.998828         9981       853.33
      12.327     0.999023         9983      1024.00
      12.343     0.999121         9984      1137.78
      12.863     0.999219         9985      1280.00
      14.327     0.999316         9986      1462.86
      14.439     0.999414         9987      1706.67
      14.471     0.999512         9988      2048.00
      14.471     0.999561         9988      2275.56
      16.383     0.999609         9989      2560.00
      16.383     0.999658         9989      2925.71
      16.623     0.999707         9990      3413.33
      16.623     0.999756         9990      4096.00
      16.623     0.999780         9990      4551.11
      16.783     0.999805         9991      5120.00
      16.783     0.999829         9991      5851.43
      16.783     0.999854         9991      6826.67
      16.783     0.999878         9991      8192.00
      16.783     0.999890         9991      9102.22
      17.119     0.999902         9992     10240.00
      17.119     1.000000         9992          inf
#[Mean    =        1.347, StdDeviation   =        0.909]
#[Max     =       17.104, Total count    =         9992]
#[Buckets =           27, SubBuckets     =         2048]
----------------------------------------------------------
  9994 requests in 10.00s, 1.67MB read
Requests/sec:    999.33
Transfer/sec:    170.78KB
