Running 10s test @ http://localhost
  2 threads and 10 connections
  Thread Stats   Avg      Stdev     Max   +/- Stdev
    Latency     1.25ms  597.58us   8.38ms   77.10%
    Req/Sec       -nan      -nan   0.00      0.00%
  Latency Distribution (HdrHistogram - Recorded Latency)
 50.000%    1.21ms
 75.000%    1.55ms
 90.000%    1.86ms
 99.000%    3.63ms
 99.900%    5.51ms
 99.990%    7.93ms
 99.999%    8.39ms
100.000%    8.39ms

  Detailed Percentile spectrum:
       Value   Percentile   TotalCount 1/(1-Percentile)

       0.158     0.000000            1         1.00
       0.604     0.100000         1001         1.11
       0.780     0.200000         2001         1.25
       0.917     0.300000         3000         1.43
       1.059     0.400000         4001         1.67
       1.214     0.500000         4996         2.00
       1.279     0.550000         5503         2.22
       1.343     0.600000         6001         2.50
       1.409     0.650000         6498         2.86
       1.472     0.700000         6996         3.33
       1.550     0.750000         7497         4.00
       1.591     0.775000         7746         4.44
       1.634     0.800000         8000         5.00
       1.681     0.825000         8244         5.71
       1.734     0.850000         8494         6.67
       1.798     0.875000         8747         8.00
       1.828     0.887500         8871         8.89
       1.863     0.900000         8996        10.00
       1.904     0.912500         9120        11.43
       1.945     0.925000         9245        13.33
       2.009     0.937500         9368        16.00
       2.044     0.943750         9430        17.78
       2.079     0.950000         9494        20.00
       2.117     0.956250         9557        22.86
       2.175     0.962500         9618        26.67
       2.255     0.968750         9680        32.00
       2.307     0.971875         9711        35.56
       2.427     0.975000         9743        40.00
       2.561     0.978125         9774        45.71
       2.723     0.981250         9806        53.33
       3.011     0.984375         9836        64.00
       3.147     0.985938         9853        71.11
       3.355     0.987500         9868        80.00
       3.517     0.989062         9883        91.43
       3.719     0.990625         9899       106.67
       3.891     0.992188         9914       128.00
       3.991     0.992969         9922       142.22
       4.147     0.993750         9930       160.00
       4.267     0.994531         9938       182.86
       4.343     0.995313         9946       213.33
       4.451     0.996094         9953       256.00
       4.491     0.996484         9957       284.44
       4.571     0.996875         9961       320.00
       4.587     0.997266         9965       365.71
       4.651     0.997656         9969       426.67
       4.771     0.998047         9973       512.00
       4.867     0.998242         9975       568.89
       5.043     0.998437         9977       640.00
       5.051     0.998633         9979       731.43
       5.479     0.998828         9981       853.33
       5.575     0.999023         9983      1024.00
       5.587     0.999121         9984      1137.78
       5.763     0.999219         9985      1280.00
       5.927     0.999316         9986      1462.86
       5.939     0.999414         9987      1706.67
       6.823     0.999512         9988      2048.00
       6.823     0.999561         9988      2275.56
       6.943     0.999609         9989      2560.00
       6.943     0.999658         9989      2925.71
       6.947     0.999707         9990      3413.33
       6.947     0.999756         9990      4096.00
       6.947     0.999780         9990      4551.11
       7.935     0.999805         9991      5120.00
       7.935     0.999829         9991      5851.43
       7.935     0.999854         9991      6826.67
       7.935     0.999878         9991      8192.00
       7.935     0.999890         9991      9102.22
       8.391     0.999902         9992     10240.00
       8.391     1.000000         9992          inf
#[Mean    =        1.253, StdDeviation   =        0.598]
#[Max     =        8.384, Total count    =         9992]
#[Buckets =           27, SubBuckets     =         2048]
----------------------------------------------------------
  9995 requests in 10.00s, 1.67MB read
Requests/sec:    999.34
Transfer/sec:    170.79KB
