Running 10s test @ http://localhost
  2 threads and 10 connections
  Thread Stats   Avg      Stdev     Max   +/- Stdev
    Latency     1.26ms  692.25us   9.79ms   76.82%
    Req/Sec       -nan      -nan   0.00      0.00%
  Latency Distribution (HdrHistogram - Recorded Latency)
 50.000%    1.17ms
 75.000%    1.60ms
 90.000%    2.02ms
 99.000%    3.72ms
 99.900%    7.98ms
 99.990%    8.85ms
 99.999%    9.80ms
100.000%    9.80ms

  Detailed Percentile spectrum:
       Value   Percentile   TotalCount 1/(1-Percentile)

       0.221     0.000000            1         1.00
       0.543     0.100000         1003         1.11
       0.718     0.200000         2000         1.25
       0.869     0.300000         3002         1.43
       1.013     0.400000         3997         1.67
       1.167     0.500000         4996         2.00
       1.252     0.550000         5500         2.22
       1.330     0.600000         6000         2.50
       1.404     0.650000         6495         2.86
       1.495     0.700000         6998         3.33
       1.598     0.750000         7499         4.00
       1.665     0.775000         7744         4.44
       1.727     0.800000         7994         5.00
       1.789     0.825000         8246         5.71
       1.857     0.850000         8496         6.67
       1.940     0.875000         8744         8.00
       1.977     0.887500         8869         8.89
       2.023     0.900000         8994        10.00
       2.071     0.912500         9122        11.43
       2.117     0.925000         9247        13.33
       2.175     0.937500         9368        16.00
       2.207     0.943750         9433        17.78
       2.241     0.950000         9495        20.00
       2.287     0.956250         9556        22.86
       2.343     0.962500         9619        26.67
       2.429     0.968750         9680        32.00
       2.495     0.971875         9711        35.56
       2.579     0.975000         9744        40.00
       2.719     0.978125         9774        45.71
       2.881     0.981250         9805        53.33
       3.139     0.984375         9836        64.00
       3.261     0.985938         9853        71.11
       3.417     0.987500         9868        80.00
       3.613     0.989062         9883        91.43
       3.751     0.990625         9899       106.67
       4.049     0.992188         9914       128.00
       4.151     0.992969         9922       142.22
       4.243     0.993750         9930       160.00
       4.431     0.994531         9938       182.86
       4.671     0.995313         9946       213.33
       4.879     0.996094         9953       256.00
       4.979     0.996484         9957       284.44
       5.055     0.996875         9961       320.00
       5.215     0.997266         9965       365.71
       5.539     0.997656         9969       426.67
       5.963     0.998047         9973       512.00
       6.019     0.998242         9975       568.89
       6.163     0.998437         9977       640.00
       7.127     0.998633         9979       731.43
       7.383     0.998828         9981       853.33
       8.031     0.999023         9983      1024.00
       8.103     0.999121         9984      1137.78
       8.107     0.999219         9985      1280.00
       8.199     0.999316         9986      1462.86
       8.231     0.999414         9987      1706.67
       8.343     0.999512         9988      2048.00
       8.343     0.999561         9988      2275.56
       8.727     0.999609         9989      2560.00
       8.727     0.999658         9989      2925.71
       8.855     0.999707         9991      3413.33
       8.855     0.999756         9991      4096.00
       8.855     0.999780         9991      4551.11
       8.855     0.999805         9991      5120.00
       8.855     0.999829         9991      5851.43
       8.855     0.999854         9991      6826.67
       8.855     0.999878         9991      8192.00
       8.855     0.999890         9991      9102.22
       9.799     0.999902         9992     10240.00
       9.799     1.000000         9992          inf
#[Mean    =        1.263, StdDeviation   =        0.692]
#[Max     =        9.792, Total count    =         9992]
#[Buckets =           27, SubBuckets     =         2048]
----------------------------------------------------------
  9997 requests in 10.00s, 1.67MB read
Requests/sec:    999.54
Transfer/sec:    170.82KB
