Running 10s test @ http://localhost
  2 threads and 10 connections
  Thread Stats   Avg      Stdev     Max   +/- Stdev
    Latency     1.30ms  579.82us   7.56ms   72.21%
    Req/Sec       -nan      -nan   0.00      0.00%
  Latency Distribution (HdrHistogram - Recorded Latency)
 50.000%    1.25ms
 75.000%    1.60ms
 90.000%    1.99ms
 99.000%    3.14ms
 99.900%    4.81ms
 99.990%    7.34ms
 99.999%    7.56ms
100.000%    7.56ms

  Detailed Percentile spectrum:
       Value   Percentile   TotalCount 1/(1-Percentile)

       0.195     0.000000            1         1.00
       0.618     0.100000         1002         1.11
       0.825     0.200000         2000         1.25
       0.994     0.300000         2998         1.43
       1.131     0.400000         3998         1.67
       1.253     0.500000         4997         2.00
       1.319     0.550000         5501         2.22
       1.383     0.600000         5997         2.50
       1.442     0.650000         6499         2.86
       1.518     0.700000         6996         3.33
       1.604     0.750000         7495         4.00
       1.654     0.775000         7745         4.44
       1.710     0.800000         7997         5.00
       1.762     0.825000         8247         5.71
       1.827     0.850000         8498         6.67
       1.894     0.875000         8743         8.00
       1.937     0.887500         8868         8.89
       1.985     0.900000         8993        10.00
       2.037     0.912500         9121        11.43
       2.089     0.925000         9244        13.33
       2.151     0.937500         9372        16.00
       2.189     0.943750         9431        17.78
       2.229     0.950000         9495        20.00
       2.269     0.956250         9555        22.86
       2.329     0.962500         9619        26.67
       2.403     0.968750         9681        32.00
       2.465     0.971875         9711        35.56
       2.527     0.975000         9743        40.00
       2.599     0.978125         9774        45.71
       2.697     0.981250         9806        53.33
       2.857     0.984375         9836        64.00
       2.923     0.985938         9852        71.11
       2.995     0.987500         9868        80.00
       3.079     0.989062         9884        91.43
       3.159     0.990625         9899       106.67
       3.253     0.992188         9914       128.00
       3.403     0.992969         9922       142.22
       3.489     0.993750         9930       160.00
       3.611     0.994531         9938       182.86
       3.833     0.995313         9946       213.33
       3.925     0.996094         9953       256.00
       4.071     0.996484         9957       284.44
       4.203     0.996875         9961       320.00
       4.383     0.997266         9965       365.71
       4.483     0.997656         9969       426.67
       4.555     0.998047         9973       512.00
       4.627     0.998242         9975       568.89
       4.703     0.998437         9977       640.00
       4.711     0.998633         9979       731.43
       4.803     0.998828         9981       853.33
       4.943     0.999023         9983      1024.00
       4.951     0.999121         9984      1137.78
       4.995     0.999219         9985      1280.00
       5.087     0.999316         9986      1462.86
       5.199     0.999414         9987      1706.67
       6.751     0.999512         9988      2048.00
       6.751     0.999561         9988      2275.56
       7.015     0.999609         9989      2560.00
       7.015     0.999658         9989      2925.71
       7.199     0.999707         9990      3413.33
       7.199     0.999756         9990      4096.00
       7.199     0.999780         9990      4551.11
       7.339     0.999805         9991      5120.00
       7.339     0.999829         9991      5851.43
       7.339     0.999854         9991      6826.67
       7.339     0.999878         9991      8192.00
       7.339     0.999890         9991      9102.22
       7.563     0.999902         9992     10240.00
       7.563     1.000000         9992          inf
#[Mean    =        1.305, StdDeviation   =        0.580]
#[Max     =        7.560, Total count    =         9992]
#[Buckets =           27, SubBuckets     =         2048]
----------------------------------------------------------
  9995 requests in 10.00s, 1.67MB read
Requests/sec:    999.25
Transfer/sec:    170.77KB
