Running 10s test @ http://localhost
  2 threads and 10 connections
  Thread Stats   Avg      Stdev     Max   +/- Stdev
    Latency     1.35ms    0.87ms  17.39ms   90.39%
    Req/Sec       -nan      -nan   0.00      0.00%
  Latency Distribution (HdrHistogram - Recorded Latency)
 50.000%    1.27ms
 75.000%    1.60ms
 90.000%    1.97ms
 99.000%    4.13ms
 99.900%   11.52ms
 99.990%   16.94ms
 99.999%   17.41ms
100.000%   17.41ms

  Detailed Percentile spectrum:
       Value   Percentile   TotalCount 1/(1-Percentile)

       0.193     0.000000            1         1.00
       0.641     0.100000         1005         1.11
       0.848     0.200000         2004         1.25
       1.010     0.300000         2998         1.43
       1.151     0.400000         4007         1.67
       1.268     0.500000         4999         2.00
       1.325     0.550000         5499         2.22
       1.383     0.600000         5999         2.50
       1.448     0.650000         6496         2.86
       1.518     0.700000         6998         3.33
       1.602     0.750000         7499         4.00
       1.647     0.775000         7748         4.44
       1.695     0.800000         7997         5.00
       1.750     0.825000         8245         5.71
       1.814     0.850000         8494         6.67
       1.884     0.875000         8745         8.00
       1.923     0.887500         8868         8.89
       1.972     0.900000         8995        10.00
       2.018     0.912500         9118        11.43
       2.081     0.925000         9245        13.33
       2.159     0.937500         9368        16.00
       2.215     0.943750         9430        17.78
       2.265     0.950000         9495        20.00
       2.319     0.956250         9556        22.86
       2.395     0.962500         9619        26.67
       2.483     0.968750         9680        32.00
       2.533     0.971875         9711        35.56
       2.627     0.975000         9743        40.00
       2.749     0.978125         9774        45.71
       2.943     0.981250         9805        53.33
       3.209     0.984375         9836        64.00
       3.425     0.985938         9852        71.11
       3.659     0.987500         9868        80.00
       3.963     0.989062         9883        91.43
       4.255     0.990625         9899       106.67
       4.507     0.992188         9914       128.00
       4.671     0.992969         9922       142.22
       4.991     0.993750         9930       160.00
       5.407     0.994531         9938       182.86
       6.259     0.995313         9946       213.33
       7.639     0.996094         9953       256.00
       8.023     0.996484         9957       284.44
       8.679     0.996875         9961       320.00
       9.087     0.997266         9965       365.71
       9.623     0.997656         9969       426.67
      10.023     0.998047         9973       512.00
      10.167     0.998242         9975       568.89
      10.631     0.998437         9977       640.00
      11.207     0.998633         9979       731.43
      11.367     0.998828         9981       853.33
      11.831     0.999023         9983      1024.00
      11.871     0.999121         9984      1137.78
      14.423     0.999219         9985      1280.00
      14.687     0.999316         9986      1462.86
      15.503     0.999414         9987      1706.67
      15.767     0.999512         9988      2048.00
      15.767     0.999561         9988      2275.56
      15.959     0.999609         9989      2560.00
      15.959     0.999658         9989      2925.71
      16.335     0.999707         9990      3413.33
      16.335     0.999756         9990      4096.00
      16.335     0.999780         9990      4551.11
      16.943     0.999805         9991      5120.00
      16.943     0.999829         9991      5851.43
      16.943     0.999854         9991      6826.67
      16.943     0.999878         9991      8192.00
      16.943     0.999890         9991      9102.22
      17.407     0.999902         9992     10240.00
      17.407     1.000000         9992          inf
#[Mean    =        1.352, StdDeviation   =        0.867]
#[Max     =       17.392, Total count    =         9992]
#[Buckets =           27, SubBuckets     =         2048]
----------------------------------------------------------
  9996 requests in 10.00s, 1.67MB read
Requests/sec:    999.39
Transfer/sec:    170.79KB
