Running 10s test @ http://localhost
  2 threads and 10 connections
  Thread Stats   Avg      Stdev     Max   +/- Stdev
    Latency     1.26ms  657.81us   7.79ms   77.59%
    Req/Sec       -nan      -nan   0.00      0.00%
  Latency Distribution (HdrHistogram - Recorded Latency)
 50.000%    1.14ms
 75.000%    1.59ms
 90.000%    1.98ms
 99.000%    3.87ms
 99.900%    5.72ms
 99.990%    7.11ms
 99.999%    7.79ms
100.000%    7.79ms

  Detailed Percentile spectrum:
       Value   Percentile   TotalCount 1/(1-Percentile)

       0.197     0.000000            1         1.00
       0.589     0.100000         1000         1.11
       0.738     0.200000         2000         1.25
       0.867     0.300000         3002         1.43
       0.998     0.400000         4002         1.67
       1.138     0.500000         4998         2.00
       1.216     0.550000         5496         2.22
       1.300     0.600000         6002         2.50
       1.396     0.650000         6499         2.86
       1.487     0.700000         7000         3.33
       1.585     0.750000         7497         4.00
       1.640     0.775000         7745         4.44
       1.691     0.800000         7996         5.00
       1.750     0.825000         8250         5.71
       1.814     0.850000         8494         6.67
       1.895     0.875000         8746         8.00
       1.934     0.887500         8868         8.89
       1.978     0.900000         8996        10.00
       2.030     0.912500         9122        11.43
       2.087     0.925000         9243        13.33
       2.167     0.937500         9368        16.00
       2.203     0.943750         9433        17.78
       2.243     0.950000         9493        20.00
       2.315     0.956250         9556        22.86
       2.385     0.962500         9618        26.67
       2.507     0.968750         9680        32.00
       2.595     0.971875         9711        35.56
       2.715     0.975000         9743        40.00
       2.873     0.978125         9774        45.71
       3.021     0.981250         9805        53.33
       3.319     0.984375         9836        64.00
       3.467     0.985938         9852        71.11
       3.647     0.987500         9869        80.00
       3.791     0.989062         9883        91.43
       3.957     0.990625         9899       106.67
       4.159     0.992188         9914       128.00
       4.231     0.992969         9922       142.22
       4.327     0.993750         9930       160.00
       4.459     0.994531         9938       182.86
       4.599     0.995313         9946       213.33
       4.723     0.996094         9953       256.00
       4.755     0.996484         9957       284.44
       4.839     0.996875         9961       320.00
       4.895     0.997266         9965       365.71
       5.079     0.997656         9969       426.67
       5.339     0.998047         9973       512.00
       5.379     0.998242         9975       568.89
       5.435     0.998437         9977       640.00
       5.483     0.998633         9979       731.43
       5.627     0.998828         9981       853.33
       5.939     0.999023         9984      1024.00
       5.939     0.999121         9984      1137.78
       5.995     0.999219         9985      1280.00
       6.031     0.999316         9986      1462.86
       6.307     0.999414         9987      1706.67
       6.463     0.999512         9988      2048.00
       6.463     0.999561         9988      2275.56
       6.559     0.999609         9989      2560.00
       6.559     0.999658         9989      2925.71
       6.895     0.999707         9990      3413.33
       6.895     0.999756         9990      4096.00
       6.895     0.999780         9990      4551.11
       7.107     0.999805         9991      5120.00
       7.107     0.999829         9991      5851.43
       7.107     0.999854         9991      6826.67
       7.107     0.999878         9991      8192.00
       7.107     0.999890         9991      9102.22
       7.791     0.999902         9992     10240.00
       7.791     1.000000         9992          inf
#[Mean    =        1.258, StdDeviation   =        0.658]
#[Max     =        7.788, Total count    =         9992]
#[Buckets =           27, SubBuckets     =         2048]
----------------------------------------------------------
  9996 requests in 10.00s, 1.67MB read
Requests/sec:    999.34
Transfer/sec:    170.79KB
