Running 10s test @ http://localhost
  2 threads and 10 connections
  Thread Stats   Avg      Stdev     Max   +/- Stdev
    Latency     1.61ms    0.96ms  15.44ms   86.63%
    Req/Sec       -nan      -nan   0.00      0.00%
  Latency Distribution (HdrHistogram - Recorded Latency)
 50.000%    1.55ms
 75.000%    1.96ms
 90.000%    2.33ms
 99.000%    5.31ms
 99.900%   11.75ms
 99.990%   15.30ms
 99.999%   15.45ms
100.000%   15.45ms

  Detailed Percentile spectrum:
       Value   Percentile   TotalCount 1/(1-Percentile)

       0.191     0.000000            1         1.00
       0.699     0.100000         1001         1.11
       0.993     0.200000         2004         1.25
       1.208     0.300000         3001         1.43
       1.391     0.400000         3997         1.67
       1.551     0.500000         4998         2.00
       1.632     0.550000         5500         2.22
       1.714     0.600000         6007         2.50
       1.798     0.650000         6495         2.86
       1.881     0.700000         6995         3.33
       1.961     0.750000         7494         4.00
       2.003     0.775000         7746         4.44
       2.055     0.800000         7997         5.00
       2.109     0.825000         8250         5.71
       2.177     0.850000         8501         6.67
       2.255     0.875000         8748         8.00
       2.291     0.887500         8870         8.89
       2.327     0.900000         8998        10.00
       2.381     0.912500         9119        11.43
       2.425     0.925000         9243        13.33
       2.493     0.937500         9368        16.00
       2.531     0.943750         9430        17.78
       2.577     0.950000         9494        20.00
       2.623     0.956250         9556        22.86
       2.695     0.962500         9619        26.67
       2.775     0.968750         9683        32.00
       2.815     0.971875         9711        35.56
       2.881     0.975000         9743        40.00
       2.963     0.978125         9776        45.71
       3.149     0.981250         9805        53.33
       3.505     0.984375         9836        64.00
       3.969     0.985938         9852        71.11
       4.359     0.987500         9868        80.00
       4.839     0.989062         9883        91.43
       5.723     0.990625         9899       106.67
       6.419     0.992188         9914       128.00
       6.667     0.992969         9922       142.22
       7.115     0.993750         9930       160.00
       7.391     0.994531         9938       182.86
       7.647     0.995313         9946       213.33
       8.343     0.996094         9953       256.00
       8.663     0.996484         9957       284.44
       9.103     0.996875         9961       320.00
       9.447     0.997266         9965       365.71
      10.367     0.997656         9970       426.67
      10.831     0.998047         9973       512.00
      10.903     0.998242         9975       568.89
      11.247     0.998437         9977       640.00
      11.271     0.998633         9979       731.43
      11.543     0.998828         9981       853.33
      11.887     0.999023         9983      1024.00
      12.023     0.999121         9984      1137.78
      12.175     0.999219         9985      1280.00
      12.319     0.999316         9986      1462.86
      14.143     0.999414         9987      1706.67
      15.079     0.999512         9989      2048.00
      15.079     0.999561         9989      2275.56
      15.079     0.999609         9989      2560.00
      15.079     0.999658         9989      2925.71
      15.127     0.999707         9990      3413.33
      15.127     0.999756         9990      4096.00
      15.127     0.999780         9990      4551.11
      15.295     0.999805         9991      5120.00
      15.295     0.999829         9991      5851.43
      15.295     0.999854         9991      6826.67
      15.295     0.999878         9991      8192.00
      15.295     0.999890         9991      9102.22
      15.447     0.999902         9992     10240.00
      15.447     1.000000         9992          inf
#[Mean    =        1.610, StdDeviation   =        0.958]
#[Max     =       15.440, Total count    =         9992]
#[Buckets =           27, SubBuckets     =         2048]
----------------------------------------------------------
  9998 requests in 10.00s, 1.67MB read
Requests/sec:    999.61
Transfer/sec:    170.83KB
