Running 10s test @ http://localhost
  2 threads and 10 connections
  Thread Stats   Avg      Stdev     Max   +/- Stdev
    Latency     1.08ms  532.93us   8.56ms   68.63%
    Req/Sec       -nan      -nan   0.00      0.00%
  Latency Distribution (HdrHistogram - Recorded Latency)
 50.000%    1.06ms
 75.000%    1.41ms
 90.000%    1.73ms
 99.000%    2.37ms
 99.900%    4.48ms
 99.990%    7.65ms
 99.999%    8.57ms
100.000%    8.57ms

  Detailed Percentile spectrum:
       Value   Percentile   TotalCount 1/(1-Percentile)

       0.144     0.000000            1         1.00
       0.435     0.100000         1003         1.11
       0.579     0.200000         2003         1.25
       0.737     0.300000         3001         1.43
       0.904     0.400000         4001         1.67
       1.060     0.500000         4996         2.00
       1.140     0.550000         5499         2.22
       1.208     0.600000         5997         2.50
       1.275     0.650000         6500         2.86
       1.338     0.700000         7006         3.33
       1.408     0.750000         7498         4.00
       1.447     0.775000         7750         4.44
       1.485     0.800000         7995         5.00
       1.535     0.825000         8244         5.71
       1.588     0.850000         8496         6.67
       1.646     0.875000         8744         8.00
       1.681     0.887500         8870         8.89
       1.726     0.900000         8993        10.00
       1.771     0.912500         9122        11.43
       1.825     0.925000         9243        13.33
       1.887     0.937500         9368        16.00
       1.922     0.943750         9432        17.78
       1.953     0.950000         9494        20.00
       1.991     0.956250         9556        22.86
       2.040     0.962500         9619        26.67
       2.091     0.968750         9682        32.00
       2.115     0.971875         9711        35.56
       2.149     0.975000         9743        40.00
       2.179     0.978125         9776        45.71
       2.223     0.981250         9807        53.33
       2.271     0.984375         9837        64.00
       2.299     0.985938         9853        71.11
       2.327     0.987500         9868        80.00
       2.349     0.989062         9883        91.43
       2.383     0.990625         9899       106.67
       2.427     0.992188         9914       128.00
       2.451     0.992969         9922       142.22
       2.471     0.993750         9930       160.00
       2.525     0.994531         9938       182.86
       2.605     0.995313         9946       213.33
       2.643     0.996094         9953       256.00
       2.689     0.996484         9957       284.44
       2.751     0.996875         9961       320.00
       2.857     0.997266         9965       365.71
       2.945     0.997656         9969       426.67
       3.507     0.998047         9973       512.00
       3.589     0.998242         9975       568.89
       3.703     0.998437         9977       640.00
       4.081     0.998633         9979       731.43
       4.283     0.998828         9981       853.33
       4.587     0.999023         9983      1024.00
       4.659     0.999121         9984      1137.78
       4.907     0.999219         9985      1280.00
       5.047     0.999316         9986      1462.86
       6.791     0.999414         9987      1706.67
       7.291     0.999512         9988      2048.00
       7.291     0.999561         9988      2275.56
       7.487     0.999609         9989      2560.00
       7.487     0.999658         9989      2925.71
       7.503     0.999707         9990      3413.33
       7.503     0.999756         9990      4096.00
       7.503     0.999780         9990      4551.11
       7.651     0.999805         9991      5120.00
       7.651     0.999829         9991      5851.43
       7.651     0.999854         9991      6826.67
       7.651     0.999878         9991      8192.00
       7.651     0.999890         9991      9102.22
       8.567     0.999902         9992     10240.00
       8.567     1.000000         9992          inf
#[Mean    =        1.080, StdDeviation   =        0.533]
#[Max     =        8.560, Total count    =         9992]
#[Buckets =           27, SubBuckets     =         2048]
----------------------------------------------------------
  9997 requests in 10.00s, 1.67MB read
Requests/sec:    999.53
Transfer/sec:    170.82KB
