Running 10s test @ http://localhost
  2 threads and 10 connections
  Thread Stats   Avg      Stdev     Max   +/- Stdev
    Latency     1.12ms  576.26us   9.62ms   69.76%
    Req/Sec       -nan      -nan   0.00      0.00%
  Latency Distribution (HdrHistogram - Recorded Latency)
 50.000%    1.09ms
 75.000%    1.52ms
 90.000%    1.78ms
 99.000%    2.22ms
 99.900%    7.49ms
 99.990%    9.49ms
 99.999%    9.62ms
100.000%    9.62ms

  Detailed Percentile spectrum:
       Value   Percentile   TotalCount 1/(1-Percentile)

       0.174     0.000000            1         1.00
       0.458     0.100000         1003         1.11
       0.592     0.200000         2001         1.25
       0.732     0.300000         3003         1.43
       0.901     0.400000         3998         1.67
       1.091     0.500000         4998         2.00
       1.183     0.550000         5498         2.22
       1.274     0.600000         5998         2.50
       1.362     0.650000         6498         2.86
       1.444     0.700000         6996         3.33
       1.519     0.750000         7497         4.00
       1.561     0.775000         7753         4.44
       1.597     0.800000         7994         5.00
       1.639     0.825000         8249         5.71
       1.679     0.850000         8497         6.67
       1.725     0.875000         8746         8.00
       1.751     0.887500         8868         8.89
       1.780     0.900000         8995        10.00
       1.808     0.912500         9119        11.43
       1.843     0.925000         9248        13.33
       1.876     0.937500         9372        16.00
       1.895     0.943750         9430        17.78
       1.919     0.950000         9495        20.00
       1.950     0.956250         9555        22.86
       1.978     0.962500         9620        26.67
       2.009     0.968750         9680        32.00
       2.029     0.971875         9711        35.56
       2.049     0.975000         9747        40.00
       2.081     0.978125         9774        45.71
       2.115     0.981250         9805        53.33
       2.151     0.984375         9838        64.00
       2.165     0.985938         9852        71.11
       2.183     0.987500         9868        80.00
       2.207     0.989062         9885        91.43
       2.231     0.990625         9899       106.67
       2.261     0.992188         9915       128.00
       2.285     0.992969         9922       142.22
       2.297     0.993750         9931       160.00
       2.331     0.994531         9939       182.86
       2.363     0.995313         9946       213.33
       2.387     0.996094         9953       256.00
       2.413     0.996484         9957       284.44
       2.435     0.996875         9961       320.00
       2.481     0.997266         9965       365.71
       2.617     0.997656         9969       426.67
       3.469     0.998047         9973       512.00
       4.991     0.998242         9975       568.89
       5.243     0.998437         9977       640.00
       6.591     0.998633         9980       731.43
       6.799     0.998828         9981       853.33
       7.727     0.999023         9983      1024.00
       7.807     0.999121         9984      1137.78
       7.875     0.999219         9985      1280.00
       8.215     0.999316         9986      1462.86
       8.535     0.999414         9987      1706.67
       9.063     0.999512         9988      2048.00
       9.063     0.999561         9988      2275.56
       9.279     0.999609         9989      2560.00
       9.279     0.999658         9989      2925.71
       9.447     0.999707         9990      3413.33
       9.447     0.999756         9990      4096.00
       9.447     0.999780         9990      4551.11
       9.487     0.999805         9991      5120.00
       9.487     0.999829         9991      5851.43
       9.487     0.999854         9991      6826.67
       9.487     0.999878         9991      8192.00
       9.487     0.999890         9991      9102.22
       9.623     0.999902         9992     10240.00
       9.623     1.000000         9992          inf
#[Mean    =        1.119, StdDeviation   =        0.576]
#[Max     =        9.616, Total count    =         9992]
#[Buckets =           27, SubBuckets     =         2048]
----------------------------------------------------------
  9995 requests in 10.00s, 1.67MB read
Requests/sec:    999.42
Transfer/sec:    170.80KB
