Running 10s test @ http://localhost
  2 threads and 10 connections
  Thread Stats   Avg      Stdev     Max   +/- Stdev
    Latency     1.25ms  578.41us   8.51ms   75.34%
    Req/Sec       -nan      -nan   0.00      0.00%
  Latency Distribution (HdrHistogram - Recorded Latency)
 50.000%    1.22ms
 75.000%    1.54ms
 90.000%    1.84ms
 99.000%    3.57ms
 99.900%    4.91ms
 99.990%    6.72ms
 99.999%    8.52ms
100.000%    8.52ms

  Detailed Percentile spectrum:
       Value   Percentile   TotalCount 1/(1-Percentile)

       0.217     0.000000            1         1.00
       0.594     0.100000         1000         1.11
       0.759     0.200000         2002         1.25
       0.918     0.300000         3004         1.43
       1.080     0.400000         4002         1.67
       1.219     0.500000         4999         2.00
       1.283     0.550000         5499         2.22
       1.345     0.600000         5999         2.50
       1.407     0.650000         6496         2.86
       1.470     0.700000         7001         3.33
       1.544     0.750000         7497         4.00
       1.582     0.775000         7746         4.44
       1.624     0.800000         7996         5.00
       1.667     0.825000         8248         5.71
       1.716     0.850000         8495         6.67
       1.775     0.875000         8746         8.00
       1.809     0.887500         8868         8.89
       1.842     0.900000         8993        10.00
       1.883     0.912500         9118        11.43
       1.938     0.925000         9243        13.33
       1.998     0.937500         9370        16.00
       2.033     0.943750         9431        17.78
       2.073     0.950000         9493        20.00
       2.125     0.956250         9558        22.86
       2.199     0.962500         9618        26.67
       2.287     0.968750         9680        32.00
       2.351     0.971875         9711        35.56
       2.429     0.975000         9743        40.00
       2.523     0.978125         9774        45.71
       2.667     0.981250         9805        53.33
       2.875     0.984375         9836        64.00
       3.009     0.985938         9852        71.11
       3.275     0.987500         9868        80.00
       3.437     0.989062         9883        91.43
       3.657     0.990625         9899       106.67
       3.785     0.992188         9914       128.00
       3.879     0.992969         9922       142.22
       3.939     0.993750         9930       160.00
       4.025     0.994531         9938       182.86
       4.127     0.995313         9946       213.33
       4.255     0.996094         9953       256.00
       4.331     0.996484         9957       284.44
       4.411     0.996875         9961       320.00
       4.531     0.997266         9966       365.71
       4.551     0.997656         9969       426.67
       4.687     0.998047         9973       512.00
       4.739     0.998242         9975       568.89
       4.791     0.998437         9977       640.00
       4.811     0.998633         9979       731.43
       4.907     0.998828         9981       853.33
       4.915     0.999023         9983      1024.00
       5.003     0.999121         9984      1137.78
       5.035     0.999219         9985      1280.00
       5.127     0.999316         9987      1462.86
       5.127     0.999414         9987      1706.67
       5.171     0.999512         9988      2048.00
       5.171     0.999561         9988      2275.56
       5.355     0.999609         9989      2560.00
       5.355     0.999658         9989      2925.71
       6.495     0.999707         9990      3413.33
       6.495     0.999756         9990      4096.00
       6.495     0.999780         9990      4551.11
       6.723     0.999805         9991      5120.00
       6.723     0.999829         9991      5851.43
       6.723     0.999854         9991      6826.67
       6.723     0.999878         9991      8192.00
       6.723     0.999890         9991      9102.22
       8.519     0.999902         9992     10240.00
       8.519     1.000000         9992          inf
#[Mean    =        1.249, StdDeviation   =        0.578]
#[Max     =        8.512, Total count    =         9992]
#[Buckets =           27, SubBuckets     =         2048]
----------------------------------------------------------
  9995 requests in 10.00s, 1.67MB read
Requests/sec:    999.44
Transfer/sec:    170.80KB
