Running 10s test @ http://localhost
  2 threads and 10 connections
  Thread Stats   Avg      Stdev     Max   +/- Stdev
    Latency     1.37ms    2.29ms  46.08ms   98.52%
    Req/Sec       -nan      -nan   0.00      0.00%
  Latency Distribution (HdrHistogram - Recorded Latency)
 50.000%    1.14ms
 75.000%    1.52ms
 90.000%    1.85ms
 99.000%    4.39ms
 99.900%   40.51ms
 99.990%   45.89ms
 99.999%   46.11ms
100.000%   46.11ms

  Detailed Percentile spectrum:
       Value   Percentile   TotalCount 1/(1-Percentile)

       0.202     0.000000            1         1.00
       0.596     0.100000         1008         1.11
       0.742     0.200000         2008         1.25
       0.880     0.300000         3002         1.43
       1.001     0.400000         3999         1.67
       1.138     0.500000         4997         2.00
       1.207     0.550000         5496         2.22
       1.280     0.600000         5999         2.50
       1.355     0.650000         6495         2.86
       1.432     0.700000         7001         3.33
       1.518     0.750000         7495         4.00
       1.567     0.775000         7744         4.44
       1.615     0.800000         7996         5.00
       1.668     0.825000         8248         5.71
       1.724     0.850000         8495         6.67
       1.779     0.875000         8747         8.00
       1.812     0.887500         8868         8.89
       1.850     0.900000         8996        10.00
       1.890     0.912500         9118        11.43
       1.935     0.925000         9243        13.33
       2.006     0.937500         9371        16.00
       2.034     0.943750         9432        17.78
       2.075     0.950000         9497        20.00
       2.117     0.956250         9557        22.86
       2.191     0.962500         9618        26.67
       2.293     0.968750         9681        32.00
       2.387     0.971875         9711        35.56
       2.543     0.975000         9743        40.00
       2.753     0.978125         9774        45.71
       3.071     0.981250         9805        53.33
       3.545     0.984375         9836        64.00
       3.797     0.985938         9852        71.11
       3.997     0.987500         9868        80.00
       4.255     0.989062         9883        91.43
       4.511     0.990625         9899       106.67
       4.979     0.992188         9914       128.00
       5.511     0.992969         9922       142.22
       7.535     0.993750         9930       160.00
      11.751     0.994531         9938       182.86
      16.687     0.995313         9946       213.33
      21.599     0.996094         9953       256.00
      25.695     0.996484         9957       284.44
      26.607     0.996875         9961       320.00
      30.175     0.997266         9965       365.71
      31.375     0.997656         9969       426.67
      35.295     0.998047         9973       512.00
      36.063     0.998242         9975       568.89
      36.319     0.998437         9977       640.00
      38.239     0.998633         9979       731.43
      40.223     0.998828         9981       853.33
      40.735     0.999023         9983      1024.00
      41.119     0.999121         9984      1137.78
      41.631     0.999219         9985      1280.00
      42.143     0.999316         9986      1462.86
      43.359     0.999414         9987      1706.67
      43.615     0.999512         9988      2048.00
      43.615     0.999561         9988      2275.56
      45.023     0.999609         9989      2560.00
      45.023     0.999658         9989      2925.71
      45.503     0.999707         9990      3413.33
      45.503     0.999756         9990      4096.00
      45.503     0.999780         9990      4551.11
      45.887     0.999805         9991      5120.00
      45.887     0.999829         9991      5851.43
      45.887     0.999854         9991      6826.67
      45.887     0.999878         9991      8192.00
      45.887     0.999890         9991      9102.22
      46.111     0.999902         9992     10240.00
      46.111     1.000000         9992          inf
#[Mean    =        1.369, StdDeviation   =        2.294]
#[Max     =       46.080, Total count    =         9992]
#[Buckets =           27, SubBuckets     =         2048]
----------------------------------------------------------
  9995 requests in 10.00s, 1.67MB read
Requests/sec:    999.36
Transfer/sec:    170.79KB
