Running 10s test @ http://localhost
  2 threads and 10 connections
  Thread Stats   Avg      Stdev     Max   +/- Stdev
    Latency     1.27ms  648.96us   7.34ms   75.55%
    Req/Sec       -nan      -nan   0.00      0.00%
  Latency Distribution (HdrHistogram - Recorded Latency)
 50.000%    1.18ms
 75.000%    1.59ms
 90.000%    1.99ms
 99.000%    3.72ms
 99.900%    5.52ms
 99.990%    7.10ms
 99.999%    7.34ms
100.000%    7.34ms

  Detailed Percentile spectrum:
       Value   Percentile   TotalCount 1/(1-Percentile)

       0.195     0.000000            1         1.00
       0.579     0.100000         1004         1.11
       0.754     0.200000         2001         1.25
       0.911     0.300000         3003         1.43
       1.046     0.400000         4005         1.67
       1.185     0.500000         5000         2.00
       1.258     0.550000         5496         2.22
       1.330     0.600000         5998         2.50
       1.405     0.650000         6501         2.86
       1.490     0.700000         7000         3.33
       1.587     0.750000         7496         4.00
       1.641     0.775000         7745         4.44
       1.692     0.800000         7994         5.00
       1.758     0.825000         8245         5.71
       1.831     0.850000         8495         6.67
       1.907     0.875000         8745         8.00
       1.951     0.887500         8868         8.89
       1.991     0.900000         8996        10.00
       2.044     0.912500         9121        11.43
       2.113     0.925000         9247        13.33
       2.189     0.937500         9369        16.00
       2.233     0.943750         9430        17.78
       2.283     0.950000         9494        20.00
       2.343     0.956250         9557        22.86
       2.423     0.962500         9619        26.67
       2.517     0.968750         9681        32.00
       2.585     0.971875         9713        35.56
       2.663     0.975000         9743        40.00
       2.763     0.978125         9774        45.71
       2.921     0.981250         9805        53.33
       3.157     0.984375         9836        64.00
       3.337     0.985938         9853        71.11
       3.517     0.987500         9868        80.00
       3.661     0.989062         9883        91.43
       3.829     0.990625         9899       106.67
       4.033     0.992188         9914       128.00
       4.139     0.992969         9922       142.22
       4.271     0.993750         9930       160.00
       4.363     0.994531         9938       182.86
       4.471     0.995313         9946       213.33
       4.667     0.996094         9953       256.00
       4.775     0.996484         9957       284.44
       4.859     0.996875         9961       320.00
       4.959     0.997266         9965       365.71
       5.107     0.997656         9969       426.67
       5.199     0.998047         9973       512.00
       5.247     0.998242         9975       568.89
       5.387     0.998437         9977       640.00
       5.407     0.998633         9979       731.43
       5.463     0.998828         9981       853.33
       5.531     0.999023         9983      1024.00
       5.551     0.999121         9984      1137.78
       6.027     0.999219         9985      1280.00
       6.467     0.999316         9986      1462.86
       6.475     0.999414         9987      1706.67
       6.627     0.999512         9988      2048.00
       6.627     0.999561         9988      2275.56
       6.799     0.999609         9989      2560.00
       6.799     0.999658         9989      2925.71
       6.939     0.999707         9990      3413.33
       6.939     0.999756         9990      4096.00
       6.939     0.999780         9990      4551.11
       7.103     0.999805         9991      5120.00
       7.103     0.999829         9991      5851.43
       7.103     0.999854         9991      6826.67
       7.103     0.999878         9991      8192.00
       7.103     0.999890         9991      9102.22
       7.343     0.999902         9992     10240.00
       7.343     1.000000         9992          inf
#[Mean    =        1.275, StdDeviation   =        0.649]
#[Max     =        7.340, Total count    =         9992]
#[Buckets =           27, SubBuckets     =         2048]
----------------------------------------------------------
  9994 requests in 10.00s, 1.67MB read
Requests/sec:    999.34
Transfer/sec:    170.79KB
