Running 10s test @ http://localhost
  2 threads and 10 connections
  Thread Stats   Avg      Stdev     Max   +/- Stdev
    Latency     1.28ms  712.71us  16.00ms   80.96%
    Req/Sec       -nan      -nan   0.00      0.00%
  Latency Distribution (HdrHistogram - Recorded Latency)
 50.000%    1.23ms
 75.000%    1.61ms
 90.000%    1.96ms
 99.000%    3.72ms
 99.900%    6.63ms
 99.990%   15.91ms
 99.999%   16.01ms
100.000%   16.01ms

  Detailed Percentile spectrum:
       Value   Percentile   TotalCount 1/(1-Percentile)

       0.223     0.000000            1         1.00
       0.567     0.100000         1002         1.11
       0.717     0.200000         2007         1.25
       0.887     0.300000         2998         1.43
       1.073     0.400000         4000         1.67
       1.231     0.500000         4997         2.00
       1.306     0.550000         5498         2.22
       1.375     0.600000         5998         2.50
       1.452     0.650000         6497         2.86
       1.529     0.700000         6998         3.33
       1.610     0.750000         7501         4.00
       1.657     0.775000         7748         4.44
       1.708     0.800000         7995         5.00
       1.760     0.825000         8245         5.71
       1.812     0.850000         8494         6.67
       1.882     0.875000         8747         8.00
       1.918     0.887500         8868         8.89
       1.958     0.900000         8993        10.00
       2.001     0.912500         9118        11.43
       2.051     0.925000         9243        13.33
       2.119     0.937500         9369        16.00
       2.161     0.943750         9431        17.78
       2.201     0.950000         9497        20.00
       2.257     0.956250         9555        22.86
       2.319     0.962500         9619        26.67
       2.405     0.968750         9680        32.00
       2.473     0.971875         9711        35.56
       2.629     0.975000         9743        40.00
       2.753     0.978125         9774        45.71
       2.893     0.981250         9805        53.33
       3.135     0.984375         9836        64.00
       3.323     0.985938         9852        71.11
       3.487     0.987500         9868        80.00
       3.627     0.989062         9883        91.43
       3.755     0.990625         9899       106.67
       3.965     0.992188         9914       128.00
       4.079     0.992969         9922       142.22
       4.195     0.993750         9930       160.00
       4.339     0.994531         9938       182.86
       4.459     0.995313         9946       213.33
       4.679     0.996094         9953       256.00
       4.815     0.996484         9957       284.44
       4.907     0.996875         9961       320.00
       5.051     0.997266         9965       365.71
       5.199     0.997656         9969       426.67
       5.223     0.998047         9973       512.00
       5.503     0.998242         9975       568.89
       6.003     0.998437         9977       640.00
       6.059     0.998633         9979       731.43
       6.567     0.998828         9981       853.33
       6.759     0.999023         9983      1024.00
       7.295     0.999121         9984      1137.78
      10.215     0.999219         9985      1280.00
      10.487     0.999316         9986      1462.86
      10.943     0.999414         9987      1706.67
      11.607     0.999512         9988      2048.00
      11.607     0.999561         9988      2275.56
      11.711     0.999609         9989      2560.00
      11.711     0.999658         9989      2925.71
      14.631     0.999707         9990      3413.33
      14.631     0.999756         9990      4096.00
      14.631     0.999780         9990      4551.11
      15.911     0.999805         9991      5120.00
      15.911     0.999829         9991      5851.43
      15.911     0.999854         9991      6826.67
      15.911     0.999878         9991      8192.00
      15.911     0.999890         9991      9102.22
      16.007     0.999902         9992     10240.00
      16.007     1.000000         9992          inf
#[Mean    =        1.284, StdDeviation   =        0.713]
#[Max     =       16.000, Total count    =         9992]
#[Buckets =           27, SubBuckets     =         2048]
----------------------------------------------------------
  9995 requests in 10.00s, 1.67MB read
Requests/sec:    999.19
Transfer/sec:    170.76KB
