Running 10s test @ http://localhost
  2 threads and 10 connections
  Thread Stats   Avg      Stdev     Max   +/- Stdev
    Latency     1.24ms  598.29us   6.27ms   73.62%
    Req/Sec       -nan      -nan   0.00      0.00%
  Latency Distribution (HdrHistogram - Recorded Latency)
 50.000%    1.22ms
 75.000%    1.59ms
 90.000%    1.86ms
 99.000%    3.44ms
 99.900%    5.18ms
 99.990%    6.26ms
 99.999%    6.28ms
100.000%    6.28ms

  Detailed Percentile spectrum:
       Value   Percentile   TotalCount 1/(1-Percentile)

       0.181     0.000000            1         1.00
       0.545     0.100000         1002         1.11
       0.705     0.200000         1999         1.25
       0.865     0.300000         2998         1.43
       1.055     0.400000         4001         1.67
       1.222     0.500000         5001         2.00
       1.305     0.550000         5497         2.22
       1.387     0.600000         5997         2.50
       1.453     0.650000         6503         2.86
       1.521     0.700000         6999         3.33
       1.590     0.750000         7496         4.00
       1.624     0.775000         7744         4.44
       1.660     0.800000         7998         5.00
       1.703     0.825000         8245         5.71
       1.744     0.850000         8500         6.67
       1.797     0.875000         8748         8.00
       1.830     0.887500         8874         8.89
       1.858     0.900000         8993        10.00
       1.889     0.912500         9119        11.43
       1.936     0.925000         9243        13.33
       1.990     0.937500         9368        16.00
       2.022     0.943750         9430        17.78
       2.055     0.950000         9493        20.00
       2.097     0.956250         9557        22.86
       2.149     0.962500         9619        26.67
       2.197     0.968750         9680        32.00
       2.245     0.971875         9711        35.56
       2.323     0.975000         9743        40.00
       2.413     0.978125         9774        45.71
       2.533     0.981250         9805        53.33
       2.719     0.984375         9836        64.00
       2.879     0.985938         9852        71.11
       3.019     0.987500         9868        80.00
       3.283     0.989062         9883        91.43
       3.523     0.990625         9899       106.67
       3.803     0.992188         9914       128.00
       3.865     0.992969         9922       142.22
       4.071     0.993750         9930       160.00
       4.259     0.994531         9938       182.86
       4.355     0.995313         9946       213.33
       4.527     0.996094         9953       256.00
       4.655     0.996484         9957       284.44
       4.711     0.996875         9962       320.00
       4.759     0.997266         9965       365.71
       4.803     0.997656         9969       426.67
       4.887     0.998047         9973       512.00
       4.899     0.998242         9975       568.89
       4.939     0.998437         9977       640.00
       5.047     0.998633         9979       731.43
       5.151     0.998828         9981       853.33
       5.191     0.999023         9983      1024.00
       5.227     0.999121         9984      1137.78
       5.235     0.999219         9985      1280.00
       5.267     0.999316         9986      1462.86
       5.299     0.999414         9987      1706.67
       5.555     0.999512         9988      2048.00
       5.555     0.999561         9988      2275.56
       5.691     0.999609         9989      2560.00
       5.691     0.999658         9989      2925.71
       5.719     0.999707         9990      3413.33
       5.719     0.999756         9990      4096.00
       5.719     0.999780         9990      4551.11
       6.259     0.999805         9991      5120.00
       6.259     0.999829         9991      5851.43
       6.259     0.999854         9991      6826.67
       6.259     0.999878         9991      8192.00
       6.259     0.999890         9991      9102.22
       6.275     0.999902         9992     10240.00
       6.275     1.000000         9992          inf
#[Mean    =        1.240, StdDeviation   =        0.598]
#[Max     =        6.272, Total count    =         9992]
#[Buckets =           27, SubBuckets     =         2048]
----------------------------------------------------------
  9997 requests in 10.00s, 1.67MB read
Requests/sec:    999.52
Transfer/sec:    170.82KB
