Running 10s test @ http://localhost
  2 threads and 10 connections
  Thread Stats   Avg      Stdev     Max   +/- Stdev
    Latency     1.27ms  638.51us   9.82ms   77.04%
    Req/Sec       -nan      -nan   0.00      0.00%
  Latency Distribution (HdrHistogram - Recorded Latency)
 50.000%    1.24ms
 75.000%    1.60ms
 90.000%    1.91ms
 99.000%    3.24ms
 99.900%    6.95ms
 99.990%    9.55ms
 99.999%    9.83ms
100.000%    9.83ms

  Detailed Percentile spectrum:
       Value   Percentile   TotalCount 1/(1-Percentile)

       0.225     0.000000            1         1.00
       0.591     0.100000         1000         1.11
       0.722     0.200000         2000         1.25
       0.867     0.300000         3002         1.43
       1.050     0.400000         3998         1.67
       1.237     0.500000         4997         2.00
       1.320     0.550000         5496         2.22
       1.400     0.600000         5996         2.50
       1.470     0.650000         6498         2.86
       1.538     0.700000         6996         3.33
       1.604     0.750000         7495         4.00
       1.642     0.775000         7748         4.44
       1.683     0.800000         8002         5.00
       1.724     0.825000         8250         5.71
       1.778     0.850000         8496         6.67
       1.841     0.875000         8743         8.00
       1.873     0.887500         8869         8.89
       1.912     0.900000         8994        10.00
       1.968     0.912500         9118        11.43
       2.023     0.925000         9245        13.33
       2.093     0.937500         9371        16.00
       2.129     0.943750         9430        17.78
       2.177     0.950000         9494        20.00
       2.231     0.956250         9556        22.86
       2.303     0.962500         9620        26.67
       2.379     0.968750         9680        32.00
       2.433     0.971875         9711        35.56
       2.475     0.975000         9743        40.00
       2.595     0.978125         9774        45.71
       2.693     0.981250         9805        53.33
       2.815     0.984375         9836        64.00
       2.879     0.985938         9852        71.11
       3.059     0.987500         9868        80.00
       3.167     0.989062         9883        91.43
       3.399     0.990625         9899       106.67
       3.663     0.992188         9914       128.00
       3.855     0.992969         9922       142.22
       4.009     0.993750         9930       160.00
       4.159     0.994531         9938       182.86
       4.259     0.995313         9946       213.33
       4.487     0.996094         9953       256.00
       4.575     0.996484         9957       284.44
       4.707     0.996875         9961       320.00
       4.903     0.997266         9965       365.71
       5.415     0.997656         9969       426.67
       5.891     0.998047         9973       512.00
       6.039     0.998242         9975       568.89
       6.371     0.998437         9977       640.00
       6.635     0.998633         9979       731.43
       6.703     0.998828         9981       853.33
       6.959     0.999023         9983      1024.00
       7.271     0.999121         9984      1137.78
       7.287     0.999219         9985      1280.00
       7.779     0.999316         9986      1462.86
       7.811     0.999414         9987      1706.67
       8.279     0.999512         9988      2048.00
       8.279     0.999561         9988      2275.56
       8.383     0.999609         9989      2560.00
       8.383     0.999658         9989      2925.71
       8.407     0.999707         9990      3413.33
       8.407     0.999756         9990      4096.00
       8.407     0.999780         9990      4551.11
       9.551     0.999805         9991      5120.00
       9.551     0.999829         9991      5851.43
       9.551     0.999854         9991      6826.67
       9.551     0.999878         9991      8192.00
       9.551     0.999890         9991      9102.22
       9.831     0.999902         9992     10240.00
       9.831     1.000000         9992          inf
#[Mean    =        1.272, StdDeviation   =        0.639]
#[Max     =        9.824, Total count    =         9992]
#[Buckets =           27, SubBuckets     =         2048]
----------------------------------------------------------
  9996 requests in 10.00s, 1.67MB read
Requests/sec:    999.38
Transfer/sec:    170.79KB
