Running 10s test @ http://localhost
  2 threads and 10 connections
  Thread Stats   Avg      Stdev     Max   +/- Stdev
    Latency     1.28ms  636.05us   7.88ms   76.02%
    Req/Sec       -nan      -nan   0.00      0.00%
  Latency Distribution (HdrHistogram - Recorded Latency)
 50.000%    1.27ms
 75.000%    1.59ms
 90.000%    1.87ms
 99.000%    3.98ms
 99.900%    5.19ms
 99.990%    7.74ms
 99.999%    7.89ms
100.000%    7.89ms

  Detailed Percentile spectrum:
       Value   Percentile   TotalCount 1/(1-Percentile)

       0.129     0.000000            1         1.00
       0.511     0.100000         1005         1.11
       0.755     0.200000         2000         1.25
       0.997     0.300000         3002         1.43
       1.153     0.400000         4001         1.67
       1.273     0.500000         5002         2.00
       1.336     0.550000         5500         2.22
       1.398     0.600000         5995         2.50
       1.462     0.650000         6501         2.86
       1.522     0.700000         6995         3.33
       1.592     0.750000         7499         4.00
       1.631     0.775000         7751         4.44
       1.670     0.800000         7998         5.00
       1.711     0.825000         8245         5.71
       1.759     0.850000         8500         6.67
       1.806     0.875000         8745         8.00
       1.838     0.887500         8874         8.89
       1.870     0.900000         8993        10.00
       1.909     0.912500         9121        11.43
       1.948     0.925000         9242        13.33
       2.018     0.937500         9367        16.00
       2.057     0.943750         9433        17.78
       2.099     0.950000         9495        20.00
       2.135     0.956250         9555        22.86
       2.201     0.962500         9619        26.67
       2.281     0.968750         9681        32.00
       2.363     0.971875         9711        35.56
       2.469     0.975000         9742        40.00
       2.613     0.978125         9773        45.71
       2.791     0.981250         9805        53.33
       3.137     0.984375         9835        64.00
       3.531     0.985938         9851        71.11
       3.737     0.987500         9867        80.00
       3.905     0.989062         9882        91.43
       4.135     0.990625         9899       106.67
       4.227     0.992188         9913       128.00
       4.295     0.992969         9921       142.22
       4.407     0.993750         9929       160.00
       4.491     0.994531         9937       182.86
       4.591     0.995313         9945       213.33
       4.671     0.996094         9952       256.00
       4.715     0.996484         9956       284.44
       4.751     0.996875         9960       320.00
       4.799     0.997266         9964       365.71
       4.863     0.997656         9968       426.67
       4.943     0.998047         9972       512.00
       4.979     0.998242         9974       568.89
       5.011     0.998437         9976       640.00
       5.031     0.998633         9978       731.43
       5.111     0.998828         9980       853.33
       5.203     0.999023         9982      1024.00
       5.339     0.999121         9983      1137.78
       5.475     0.999219         9984      1280.00
       5.483     0.999316         9985      1462.86
       5.783     0.999414         9986      1706.67
       7.155     0.999512         9987      2048.00
       7.155     0.999561         9987      2275.56
       7.571     0.999609         9988      2560.00
       7.571     0.999658         9988      2925.71
       7.619     0.999707         9989      3413.33
       7.619     0.999756         9989      4096.00
       7.619     0.999780         9989      4551.11
       7.739     0.999805         9990      5120.00
       7.739     0.999829         9990      5851.43
       7.739     0.999854         9990      6826.67
       7.739     0.999878         9990      8192.00
       7.739     0.999890         9990      9102.22
       7.887     0.999902         9991     10240.00
       7.887     1.000000         9991          inf
#[Mean    =        1.281, StdDeviation   =        0.636]
#[Max     =        7.884, Total count    =         9991]
#[Buckets =           27, SubBuckets     =         2048]
----------------------------------------------------------
  9995 requests in 10.00s, 1.67MB read
Requests/sec:    999.33
Transfer/sec:    170.78KB
