Running 10s test @ http://localhost
  2 threads and 10 connections
  Thread Stats   Avg      Stdev     Max   +/- Stdev
    Latency     1.21ms  519.07us  12.06ms   71.58%
    Req/Sec       -nan      -nan   0.00      0.00%
  Latency Distribution (HdrHistogram - Recorded Latency)
 50.000%    1.24ms
 75.000%    1.53ms
 90.000%    1.75ms
 99.000%    2.16ms
 99.900%    5.19ms
 99.990%   11.79ms
 99.999%   12.07ms
100.000%   12.07ms

  Detailed Percentile spectrum:
       Value   Percentile   TotalCount 1/(1-Percentile)

       0.178     0.000000            1         1.00
       0.538     0.100000         1001         1.11
       0.757     0.200000         2000         1.25
       0.957     0.300000         3001         1.43
       1.106     0.400000         4000         1.67
       1.241     0.500000         4997         2.00
       1.302     0.550000         5497         2.22
       1.360     0.600000         6004         2.50
       1.416     0.650000         6497         2.86
       1.473     0.700000         6998         3.33
       1.533     0.750000         7496         4.00
       1.571     0.775000         7746         4.44
       1.601     0.800000         7996         5.00
       1.635     0.825000         8247         5.71
       1.674     0.850000         8500         6.67
       1.712     0.875000         8744         8.00
       1.733     0.887500         8872         8.89
       1.754     0.900000         8993        10.00
       1.780     0.912500         9119        11.43
       1.806     0.925000         9243        13.33
       1.841     0.937500         9372        16.00
       1.854     0.943750         9431        17.78
       1.877     0.950000         9495        20.00
       1.897     0.956250         9555        22.86
       1.925     0.962500         9618        26.67
       1.951     0.968750         9680        32.00
       1.967     0.971875         9711        35.56
       1.986     0.975000         9743        40.00
       2.011     0.978125         9776        45.71
       2.033     0.981250         9805        53.33
       2.069     0.984375         9837        64.00
       2.089     0.985938         9853        71.11
       2.111     0.987500         9868        80.00
       2.149     0.989062         9884        91.43
       2.175     0.990625         9899       106.67
       2.239     0.992188         9914       128.00
       2.249     0.992969         9922       142.22
       2.285     0.993750         9930       160.00
       2.329     0.994531         9938       182.86
       2.389     0.995313         9946       213.33
       2.469     0.996094         9953       256.00
       2.581     0.996484         9957       284.44
       3.103     0.996875         9961       320.00
       3.295     0.997266         9965       365.71
       3.451     0.997656         9969       426.67
       3.581     0.998047         9973       512.00
       3.677     0.998242         9975       568.89
       3.805     0.998437         9977       640.00
       3.883     0.998633         9979       731.43
       5.159     0.998828         9981       853.33
       5.243     0.999023         9983      1024.00
       5.251     0.999121         9984      1137.78
       5.267     0.999219         9985      1280.00
       7.199     0.999316         9986      1462.86
       7.311     0.999414         9988      1706.67
       7.311     0.999512         9988      2048.00
       7.311     0.999561         9988      2275.56
       7.395     0.999609         9989      2560.00
       7.395     0.999658         9989      2925.71
      11.687     0.999707         9990      3413.33
      11.687     0.999756         9990      4096.00
      11.687     0.999780         9990      4551.11
      11.791     0.999805         9991      5120.00
      11.791     0.999829         9991      5851.43
      11.791     0.999854         9991      6826.67
      11.791     0.999878         9991      8192.00
      11.791     0.999890         9991      9102.22
      12.071     0.999902         9992     10240.00
      12.071     1.000000         9992          inf
#[Mean    =        1.206, StdDeviation   =        0.519]
#[Max     =       12.064, Total count    =         9992]
#[Buckets =           27, SubBuckets     =         2048]
----------------------------------------------------------
  9998 requests in 10.00s, 1.67MB read
Requests/sec:    999.67
Transfer/sec:    170.84KB
