Running 10s test @ http://localhost
  2 threads and 10 connections
  Thread Stats   Avg      Stdev     Max   +/- Stdev
    Latency     1.13ms  521.60us   8.19ms   64.71%
    Req/Sec       -nan      -nan   0.00      0.00%
  Latency Distribution (HdrHistogram - Recorded Latency)
 50.000%    1.11ms
 75.000%    1.49ms
 90.000%    1.80ms
 99.000%    2.22ms
 99.900%    4.22ms
 99.990%    8.06ms
 99.999%    8.20ms
100.000%    8.20ms

  Detailed Percentile spectrum:
       Value   Percentile   TotalCount 1/(1-Percentile)

       0.164     0.000000            1         1.00
       0.478     0.100000         1006         1.11
       0.619     0.200000         2001         1.25
       0.769     0.300000         2998         1.43
       0.939     0.400000         3997         1.67
       1.113     0.500000         4996         2.00
       1.193     0.550000         5503         2.22
       1.269     0.600000         6002         2.50
       1.340     0.650000         6495         2.86
       1.417     0.700000         6996         3.33
       1.491     0.750000         7498         4.00
       1.531     0.775000         7745         4.44
       1.574     0.800000         7994         5.00
       1.619     0.825000         8245         5.71
       1.677     0.850000         8495         6.67
       1.736     0.875000         8744         8.00
       1.771     0.887500         8873         8.89
       1.801     0.900000         8997        10.00
       1.835     0.912500         9118        11.43
       1.873     0.925000         9244        13.33
       1.913     0.937500         9370        16.00
       1.932     0.943750         9432        17.78
       1.953     0.950000         9493        20.00
       1.974     0.956250         9555        22.86
       1.999     0.962500         9619        26.67
       2.030     0.968750         9680        32.00
       2.046     0.971875         9711        35.56
       2.061     0.975000         9744        40.00
       2.085     0.978125         9775        45.71
       2.111     0.981250         9805        53.33
       2.151     0.984375         9836        64.00
       2.167     0.985938         9852        71.11
       2.185     0.987500         9872        80.00
       2.203     0.989062         9883        91.43
       2.231     0.990625         9900       106.67
       2.263     0.992188         9914       128.00
       2.287     0.992969         9922       142.22
       2.307     0.993750         9930       160.00
       2.341     0.994531         9938       182.86
       2.377     0.995313         9946       213.33
       2.417     0.996094         9953       256.00
       2.475     0.996484         9957       284.44
       2.551     0.996875         9961       320.00
       2.759     0.997266         9965       365.71
       3.067     0.997656         9969       426.67
       3.271     0.998047         9973       512.00
       3.547     0.998242         9975       568.89
       3.567     0.998437         9977       640.00
       3.851     0.998633         9979       731.43
       4.061     0.998828         9981       853.33
       4.847     0.999023         9983      1024.00
       4.895     0.999121         9984      1137.78
       5.087     0.999219         9985      1280.00
       5.111     0.999316         9986      1462.86
       5.115     0.999414         9987      1706.67
       5.143     0.999512         9988      2048.00
       5.143     0.999561         9988      2275.56
       5.443     0.999609         9989      2560.00
       5.443     0.999658         9989      2925.71
       5.503     0.999707         9990      3413.33
       5.503     0.999756         9990      4096.00
       5.503     0.999780         9990      4551.11
       8.059     0.999805         9991      5120.00
       8.059     0.999829         9991      5851.43
       8.059     0.999854         9991      6826.67
       8.059     0.999878         9991      8192.00
       8.059     0.999890         9991      9102.22
       8.199     0.999902         9992     10240.00
       8.199     1.000000         9992          inf
#[Mean    =        1.126, StdDeviation   =        0.522]
#[Max     =        8.192, Total count    =         9992]
#[Buckets =           27, SubBuckets     =         2048]
----------------------------------------------------------
  9996 requests in 10.00s, 1.67MB read
Requests/sec:    999.53
Transfer/sec:    170.82KB
