Running 10s test @ http://localhost
  2 threads and 10 connections
  Thread Stats   Avg      Stdev     Max   +/- Stdev
    Latency     1.35ms    1.15ms  28.48ms   97.26%
    Req/Sec       -nan      -nan   0.00      0.00%
  Latency Distribution (HdrHistogram - Recorded Latency)
 50.000%    1.27ms
 75.000%    1.62ms
 90.000%    1.89ms
 99.000%    4.37ms
 99.900%   19.25ms
 99.990%   28.32ms
 99.999%   28.50ms
100.000%   28.50ms

  Detailed Percentile spectrum:
       Value   Percentile   TotalCount 1/(1-Percentile)

       0.209     0.000000            1         1.00
       0.588     0.100000         1000         1.11
       0.791     0.200000         2000         1.25
       0.971     0.300000         3000         1.43
       1.132     0.400000         4002         1.67
       1.269     0.500000         4999         2.00
       1.341     0.550000         5501         2.22
       1.411     0.600000         6000         2.50
       1.483     0.650000         6497         2.86
       1.552     0.700000         6996         3.33
       1.618     0.750000         7497         4.00
       1.654     0.775000         7747         4.44
       1.690     0.800000         7998         5.00
       1.729     0.825000         8250         5.71
       1.774     0.850000         8501         6.67
       1.824     0.875000         8744         8.00
       1.855     0.887500         8868         8.89
       1.888     0.900000         8998        10.00
       1.934     0.912500         9118        11.43
       1.981     0.925000         9243        13.33
       2.041     0.937500         9368        16.00
       2.083     0.943750         9433        17.78
       2.135     0.950000         9496        20.00
       2.181     0.956250         9555        22.86
       2.267     0.962500         9618        26.67
       2.381     0.968750         9680        32.00
       2.473     0.971875         9711        35.56
       2.675     0.975000         9744        40.00
       2.885     0.978125         9774        45.71
       3.257     0.981250         9805        53.33
       3.687     0.984375         9836        64.00
       3.873     0.985938         9852        71.11
       4.003     0.987500         9868        80.00
       4.231     0.989062         9883        91.43
       4.491     0.990625         9899       106.67
       4.751     0.992188         9914       128.00
       4.991     0.992969         9922       142.22
       5.171     0.993750         9930       160.00
       5.595     0.994531         9938       182.86
       5.795     0.995313         9946       213.33
       6.243     0.996094         9953       256.00
       6.675     0.996484         9957       284.44
       8.791     0.996875         9961       320.00
       9.407     0.997266         9965       365.71
      13.583     0.997656         9969       426.67
      14.103     0.998047         9973       512.00
      14.551     0.998242         9975       568.89
      18.319     0.998437         9977       640.00
      18.959     0.998633         9979       731.43
      19.135     0.998828         9981       853.33
      19.663     0.999023         9983      1024.00
      23.071     0.999121         9984      1137.78
      23.167     0.999219         9985      1280.00
      23.247     0.999316         9986      1462.86
      23.455     0.999414         9987      1706.67
      23.807     0.999512         9988      2048.00
      23.807     0.999561         9988      2275.56
      23.999     0.999609         9989      2560.00
      23.999     0.999658         9989      2925.71
      24.239     0.999707         9990      3413.33
      24.239     0.999756         9990      4096.00
      24.239     0.999780         9990      4551.11
      28.319     0.999805         9991      5120.00
      28.319     0.999829         9991      5851.43
      28.319     0.999854         9991      6826.67
      28.319     0.999878         9991      8192.00
      28.319     0.999890         9991      9102.22
      28.495     0.999902         9992     10240.00
      28.495     1.000000         9992          inf
#[Mean    =        1.351, StdDeviation   =        1.149]
#[Max     =       28.480, Total count    =         9992]
#[Buckets =           27, SubBuckets     =         2048]
----------------------------------------------------------
  9996 requests in 10.00s, 1.67MB read
Requests/sec:    999.35
Transfer/sec:    170.79KB
