Running 10s test @ http://localhost
  2 threads and 10 connections
  Thread Stats   Avg      Stdev     Max   +/- Stdev
    Latency     1.20ms  524.92us   5.30ms   71.58%
    Req/Sec       -nan      -nan   0.00      0.00%
  Latency Distribution (HdrHistogram - Recorded Latency)
 50.000%    1.16ms
 75.000%    1.50ms
 90.000%    1.79ms
 99.000%    2.84ms
 99.900%    4.45ms
 99.990%    5.17ms
 99.999%    5.31ms
100.000%    5.31ms

  Detailed Percentile spectrum:
       Value   Percentile   TotalCount 1/(1-Percentile)

       0.184     0.000000            1         1.00
       0.579     0.100000         1003         1.11
       0.752     0.200000         2005         1.25
       0.890     0.300000         3000         1.43
       1.022     0.400000         3997         1.67
       1.160     0.500000         5003         2.00
       1.220     0.550000         5498         2.22
       1.286     0.600000         5998         2.50
       1.355     0.650000         6502         2.86
       1.424     0.700000         6997         3.33
       1.501     0.750000         7499         4.00
       1.543     0.775000         7750         4.44
       1.585     0.800000         7997         5.00
       1.634     0.825000         8249         5.71
       1.686     0.850000         8496         6.67
       1.741     0.875000         8746         8.00
       1.768     0.887500         8870         8.89
       1.794     0.900000         8993        10.00
       1.830     0.912500         9119        11.43
       1.869     0.925000         9246        13.33
       1.917     0.937500         9368        16.00
       1.942     0.943750         9431        17.78
       1.982     0.950000         9495        20.00
       2.014     0.956250         9555        22.86
       2.071     0.962500         9621        26.67
       2.129     0.968750         9681        32.00
       2.177     0.971875         9711        35.56
       2.239     0.975000         9743        40.00
       2.305     0.978125         9774        45.71
       2.379     0.981250         9805        53.33
       2.527     0.984375         9836        64.00
       2.623     0.985938         9853        71.11
       2.713     0.987500         9868        80.00
       2.819     0.989062         9884        91.43
       2.897     0.990625         9899       106.67
       3.111     0.992188         9914       128.00
       3.211     0.992969         9922       142.22
       3.325     0.993750         9930       160.00
       3.419     0.994531         9938       182.86
       3.529     0.995313         9946       213.33
       3.925     0.996094         9953       256.00
       3.975     0.996484         9957       284.44
       4.049     0.996875         9961       320.00
       4.167     0.997266         9965       365.71
       4.247     0.997656         9970       426.67
       4.291     0.998047         9973       512.00
       4.323     0.998242         9975       568.89
       4.363     0.998437         9978       640.00
       4.367     0.998633         9979       731.43
       4.395     0.998828         9981       853.33
       4.499     0.999023         9983      1024.00
       4.527     0.999121         9984      1137.78
       4.639     0.999219         9985      1280.00
       4.707     0.999316         9986      1462.86
       4.871     0.999414         9987      1706.67
       4.915     0.999512         9988      2048.00
       4.915     0.999561         9988      2275.56
       4.991     0.999609         9989      2560.00
       4.991     0.999658         9989      2925.71
       5.111     0.999707         9990      3413.33
       5.111     0.999756         9990      4096.00
       5.111     0.999780         9990      4551.11
       5.167     0.999805         9991      5120.00
       5.167     0.999829         9991      5851.43
       5.167     0.999854         9991      6826.67
       5.167     0.999878         9991      8192.00
       5.167     0.999890         9991      9102.22
       5.307     0.999902         9992     10240.00
       5.307     1.000000         9992          inf
#[Mean    =        1.196, StdDeviation   =        0.525]
#[Max     =        5.304, Total count    =         9992]
#[Buckets =           27, SubBuckets     =         2048]
----------------------------------------------------------
  9996 requests in 10.00s, 1.67MB read
Requests/sec:    999.51
Transfer/sec:    170.81KB
