Running 10s test @ http://localhost
  2 threads and 10 connections
  Thread Stats   Avg      Stdev     Max   +/- Stdev
    Latency     1.27ms  612.57us   6.82ms   72.57%
    Req/Sec       -nan      -nan   0.00      0.00%
  Latency Distribution (HdrHistogram - Recorded Latency)
 50.000%    1.26ms
 75.000%    1.61ms
 90.000%    1.93ms
 99.000%    3.35ms
 99.900%    5.59ms
 99.990%    6.44ms
 99.999%    6.82ms
100.000%    6.82ms

  Detailed Percentile spectrum:
       Value   Percentile   TotalCount 1/(1-Percentile)

       0.194     0.000000            1         1.00
       0.556     0.100000         1007         1.11
       0.730     0.200000         2003         1.25
       0.908     0.300000         2998         1.43
       1.097     0.400000         3997         1.67
       1.264     0.500000         4996         2.00
       1.334     0.550000         5503         2.22
       1.400     0.600000         5999         2.50
       1.469     0.650000         6496         2.86
       1.534     0.700000         6999         3.33
       1.610     0.750000         7494         4.00
       1.656     0.775000         7746         4.44
       1.703     0.800000         7997         5.00
       1.748     0.825000         8247         5.71
       1.799     0.850000         8495         6.67
       1.863     0.875000         8746         8.00
       1.891     0.887500         8871         8.89
       1.927     0.900000         8993        10.00
       1.970     0.912500         9120        11.43
       2.012     0.925000         9243        13.33
       2.061     0.937500         9371        16.00
       2.095     0.943750         9432        17.78
       2.131     0.950000         9495        20.00
       2.183     0.956250         9556        22.86
       2.239     0.962500         9618        26.67
       2.323     0.968750         9680        32.00
       2.371     0.971875         9713        35.56
       2.457     0.975000         9744        40.00
       2.571     0.978125         9775        45.71
       2.723     0.981250         9805        53.33
       2.873     0.984375         9836        64.00
       2.959     0.985938         9852        71.11
       3.143     0.987500         9868        80.00
       3.273     0.989062         9883        91.43
       3.455     0.990625         9899       106.67
       3.671     0.992188         9914       128.00
       3.797     0.992969         9922       142.22
       3.913     0.993750         9930       160.00
       4.073     0.994531         9938       182.86
       4.251     0.995313         9946       213.33
       4.427     0.996094         9953       256.00
       4.635     0.996484         9957       284.44
       4.783     0.996875         9961       320.00
       4.799     0.997266         9965       365.71
       4.899     0.997656         9969       426.67
       5.039     0.998047         9973       512.00
       5.159     0.998242         9975       568.89
       5.175     0.998437         9977       640.00
       5.215     0.998633         9979       731.43
       5.435     0.998828         9981       853.33
       5.683     0.999023         9983      1024.00
       5.707     0.999121         9984      1137.78
       5.843     0.999219         9985      1280.00
       5.851     0.999316         9986      1462.86
       5.951     0.999414         9987      1706.67
       5.963     0.999512         9988      2048.00
       5.963     0.999561         9988      2275.56
       5.991     0.999609         9989      2560.00
       5.991     0.999658         9989      2925.71
       6.311     0.999707         9990      3413.33
       6.311     0.999756         9990      4096.00
       6.311     0.999780         9990      4551.11
       6.439     0.999805         9991      5120.00
       6.439     0.999829         9991      5851.43
       6.439     0.999854         9991      6826.67
       6.439     0.999878         9991      8192.00
       6.439     0.999890         9991      9102.22
       6.819     0.999902         9992     10240.00
       6.819     1.000000         9992          inf
#[Mean    =        1.275, StdDeviation   =        0.613]
#[Max     =        6.816, Total count    =         9992]
#[Buckets =           27, SubBuckets     =         2048]
----------------------------------------------------------
  9996 requests in 10.00s, 1.67MB read
Requests/sec:    999.44
Transfer/sec:    170.80KB
