Running 10s test @ http://localhost
  2 threads and 10 connections
  Thread Stats   Avg      Stdev     Max   +/- Stdev
    Latency     1.32ms  680.44us   8.39ms   73.63%
    Req/Sec       -nan      -nan   0.00      0.00%
  Latency Distribution (HdrHistogram - Recorded Latency)
 50.000%    1.26ms
 75.000%    1.68ms
 90.000%    2.10ms
 99.000%    3.36ms
 99.900%    6.93ms
 99.990%    8.02ms
 99.999%    8.40ms
100.000%    8.40ms

  Detailed Percentile spectrum:
       Value   Percentile   TotalCount 1/(1-Percentile)

       0.176     0.000000            1         1.00
       0.568     0.100000         1007         1.11
       0.736     0.200000         2001         1.25
       0.910     0.300000         3004         1.43
       1.087     0.400000         3998         1.67
       1.265     0.500000         4997         2.00
       1.348     0.550000         5500         2.22
       1.429     0.600000         5999         2.50
       1.503     0.650000         6495         2.86
       1.588     0.700000         6995         3.33
       1.677     0.750000         7496         4.00
       1.726     0.775000         7745         4.44
       1.780     0.800000         7994         5.00
       1.842     0.825000         8244         5.71
       1.919     0.850000         8493         6.67
       1.999     0.875000         8747         8.00
       2.044     0.887500         8869         8.89
       2.095     0.900000         8993        10.00
       2.147     0.912500         9121        11.43
       2.215     0.925000         9246        13.33
       2.295     0.937500         9368        16.00
       2.339     0.943750         9432        17.78
       2.411     0.950000         9492        20.00
       2.481     0.956250         9554        22.86
       2.549     0.962500         9617        26.67
       2.647     0.968750         9679        32.00
       2.715     0.971875         9711        35.56
       2.761     0.975000         9742        40.00
       2.829     0.978125         9773        45.71
       2.917     0.981250         9806        53.33
       3.059     0.984375         9835        64.00
       3.105     0.985938         9852        71.11
       3.185     0.987500         9867        80.00
       3.269     0.989062         9882        91.43
       3.399     0.990625         9898       106.67
       3.579     0.992188         9913       128.00
       3.693     0.992969         9921       142.22
       3.875     0.993750         9929       160.00
       4.075     0.994531         9937       182.86
       4.271     0.995313         9945       213.33
       4.439     0.996094         9952       256.00
       4.551     0.996484         9956       284.44
       4.659     0.996875         9960       320.00
       4.771     0.997266         9964       365.71
       5.075     0.997656         9968       426.67
       5.463     0.998047         9972       512.00
       6.199     0.998242         9974       568.89
       6.647     0.998437         9976       640.00
       6.779     0.998633         9978       731.43
       6.919     0.998828         9980       853.33
       7.119     0.999023         9982      1024.00
       7.151     0.999121         9983      1137.78
       7.195     0.999219         9984      1280.00
       7.299     0.999316         9985      1462.86
       7.379     0.999414         9986      1706.67
       7.547     0.999512         9987      2048.00
       7.547     0.999561         9987      2275.56
       7.551     0.999609         9988      2560.00
       7.551     0.999658         9988      2925.71
       7.675     0.999707         9989      3413.33
       7.675     0.999756         9989      4096.00
       7.675     0.999780         9989      4551.11
       8.023     0.999805         9990      5120.00
       8.023     0.999829         9990      5851.43
       8.023     0.999854         9990      6826.67
       8.023     0.999878         9990      8192.00
       8.023     0.999890         9990      9102.22
       8.399     0.999902         9991     10240.00
       8.399     1.000000         9991          inf
#[Mean    =        1.322, StdDeviation   =        0.680]
#[Max     =        8.392, Total count    =         9991]
#[Buckets =           27, SubBuckets     =         2048]
----------------------------------------------------------
  9994 requests in 10.00s, 1.67MB read
Requests/sec:    999.27
Transfer/sec:    170.77KB
