Running 10s test @ http://localhost
  2 threads and 10 connections
  Thread Stats   Avg      Stdev     Max   +/- Stdev
    Latency     1.23ms  656.72us  10.30ms   86.02%
    Req/Sec       -nan      -nan   0.00      0.00%
  Latency Distribution (HdrHistogram - Recorded Latency)
 50.000%    1.17ms
 75.000%    1.49ms
 90.000%    1.76ms
 99.000%    3.56ms
 99.900%    8.54ms
 99.990%   10.28ms
 99.999%   10.31ms
100.000%   10.31ms

  Detailed Percentile spectrum:
       Value   Percentile   TotalCount 1/(1-Percentile)

       0.180     0.000000            1         1.00
       0.620     0.100000         1001         1.11
       0.793     0.200000         2002         1.25
       0.933     0.300000         3003         1.43
       1.045     0.400000         3998         1.67
       1.170     0.500000         5001         2.00
       1.230     0.550000         5499         2.22
       1.294     0.600000         5996         2.50
       1.357     0.650000         6497         2.86
       1.418     0.700000         6997         3.33
       1.485     0.750000         7496         4.00
       1.521     0.775000         7745         4.44
       1.561     0.800000         7997         5.00
       1.600     0.825000         8244         5.71
       1.650     0.850000         8495         6.67
       1.698     0.875000         8750         8.00
       1.728     0.887500         8869         8.89
       1.760     0.900000         8997        10.00
       1.801     0.912500         9119        11.43
       1.849     0.925000         9245        13.33
       1.898     0.937500         9369        16.00
       1.934     0.943750         9430        17.78
       1.971     0.950000         9493        20.00
       2.012     0.956250         9555        22.86
       2.061     0.962500         9619        26.67
       2.135     0.968750         9682        32.00
       2.169     0.971875         9711        35.56
       2.211     0.975000         9744        40.00
       2.281     0.978125         9774        45.71
       2.425     0.981250         9806        53.33
       2.601     0.984375         9836        64.00
       2.763     0.985938         9852        71.11
       2.921     0.987500         9868        80.00
       3.283     0.989062         9883        91.43
       3.671     0.990625         9899       106.67
       4.155     0.992188         9914       128.00
       4.371     0.992969         9922       142.22
       4.675     0.993750         9930       160.00
       5.111     0.994531         9938       182.86
       5.667     0.995313         9946       213.33
       5.875     0.996094         9953       256.00
       6.067     0.996484         9957       284.44
       6.299     0.996875         9961       320.00
       6.403     0.997266         9965       365.71
       6.795     0.997656         9969       426.67
       6.855     0.998047         9973       512.00
       7.495     0.998242         9975       568.89
       8.183     0.998437         9977       640.00
       8.335     0.998633         9979       731.43
       8.495     0.998828         9981       853.33
       8.703     0.999023         9983      1024.00
       8.823     0.999121         9984      1137.78
       9.023     0.999219         9985      1280.00
       9.143     0.999316         9986      1462.86
       9.199     0.999414         9987      1706.67
       9.311     0.999512         9988      2048.00
       9.311     0.999561         9988      2275.56
       9.415     0.999609         9989      2560.00
       9.415     0.999658         9989      2925.71
       9.695     0.999707         9990      3413.33
       9.695     0.999756         9990      4096.00
       9.695     0.999780         9990      4551.11
      10.279     0.999805         9991      5120.00
      10.279     0.999829         9991      5851.43
      10.279     0.999854         9991      6826.67
      10.279     0.999878         9991      8192.00
      10.279     0.999890         9991      9102.22
      10.311     0.999902         9992     10240.00
      10.311     1.000000         9992          inf
#[Mean    =        1.229, StdDeviation   =        0.657]
#[Max     =       10.304, Total count    =         9992]
#[Buckets =           27, SubBuckets     =         2048]
----------------------------------------------------------
  9994 requests in 10.00s, 1.67MB read
Requests/sec:    999.23
Transfer/sec:    170.77KB
