Running 10s test @ http://localhost
  2 threads and 10 connections
  Thread Stats   Avg      Stdev     Max   +/- Stdev
    Latency     1.20ms  611.48us   8.99ms   76.97%
    Req/Sec       -nan      -nan   0.00      0.00%
  Latency Distribution (HdrHistogram - Recorded Latency)
 50.000%    1.13ms
 75.000%    1.49ms
 90.000%    1.86ms
 99.000%    3.33ms
 99.900%    6.14ms
 99.990%    8.42ms
 99.999%    9.00ms
100.000%    9.00ms

  Detailed Percentile spectrum:
       Value   Percentile   TotalCount 1/(1-Percentile)

       0.214     0.000000            1         1.00
       0.559     0.100000         1000         1.11
       0.713     0.200000         1999         1.25
       0.848     0.300000         3003         1.43
       0.985     0.400000         3998         1.67
       1.128     0.500000         4997         2.00
       1.195     0.550000         5497         2.22
       1.264     0.600000         6001         2.50
       1.336     0.650000         6496         2.86
       1.406     0.700000         7002         3.33
       1.490     0.750000         7496         4.00
       1.538     0.775000         7747         4.44
       1.585     0.800000         7998         5.00
       1.640     0.825000         8249         5.71
       1.704     0.850000         8494         6.67
       1.770     0.875000         8743         8.00
       1.810     0.887500         8868         8.89
       1.860     0.900000         8993        10.00
       1.908     0.912500         9118        11.43
       1.955     0.925000         9244        13.33
       2.023     0.937500         9370        16.00
       2.069     0.943750         9432        17.78
       2.115     0.950000         9495        20.00
       2.161     0.956250         9556        22.86
       2.209     0.962500         9618        26.67
       2.291     0.968750         9681        32.00
       2.325     0.971875         9711        35.56
       2.369     0.975000         9743        40.00
       2.437     0.978125         9774        45.71
       2.523     0.981250         9805        53.33
       2.681     0.984375         9836        64.00
       2.811     0.985938         9852        71.11
       2.983     0.987500         9869        80.00
       3.193     0.989062         9883        91.43
       3.499     0.990625         9899       106.67
       3.773     0.992188         9914       128.00
       3.877     0.992969         9922       142.22
       4.033     0.993750         9930       160.00
       4.179     0.994531         9938       182.86
       4.287     0.995313         9946       213.33
       4.415     0.996094         9953       256.00
       4.487     0.996484         9957       284.44
       4.515     0.996875         9961       320.00
       4.671     0.997266         9965       365.71
       4.795     0.997656         9969       426.67
       5.051     0.998047         9974       512.00
       5.055     0.998242         9975       568.89
       5.099     0.998437         9977       640.00
       5.139     0.998633         9979       731.43
       6.027     0.998828         9981       853.33
       6.783     0.999023         9983      1024.00
       7.319     0.999121         9984      1137.78
       7.647     0.999219         9985      1280.00
       7.779     0.999316         9986      1462.86
       8.095     0.999414         9987      1706.67
       8.147     0.999512         9988      2048.00
       8.147     0.999561         9988      2275.56
       8.183     0.999609         9989      2560.00
       8.183     0.999658         9989      2925.71
       8.223     0.999707         9990      3413.33
       8.223     0.999756         9990      4096.00
       8.223     0.999780         9990      4551.11
       8.423     0.999805         9991      5120.00
       8.423     0.999829         9991      5851.43
       8.423     0.999854         9991      6826.67
       8.423     0.999878         9991      8192.00
       8.423     0.999890         9991      9102.22
       8.999     0.999902         9992     10240.00
       8.999     1.000000         9992          inf
#[Mean    =        1.198, StdDeviation   =        0.611]
#[Max     =        8.992, Total count    =         9992]
#[Buckets =           27, SubBuckets     =         2048]
----------------------------------------------------------
  9996 requests in 10.00s, 1.67MB read
Requests/sec:    999.41
Transfer/sec:    170.80KB
