Running 10s test @ http://localhost
  2 threads and 10 connections
  Thread Stats   Avg      Stdev     Max   +/- Stdev
    Latency     1.38ms    2.26ms  47.62ms   98.64%
    Req/Sec       -nan      -nan   0.00      0.00%
  Latency Distribution (HdrHistogram - Recorded Latency)
 50.000%    1.16ms
 75.000%    1.53ms
 90.000%    1.83ms
 99.000%    4.18ms
 99.900%   39.55ms
 99.990%   46.46ms
 99.999%   47.65ms
100.000%   47.65ms

  Detailed Percentile spectrum:
       Value   Percentile   TotalCount 1/(1-Percentile)

       0.183     0.000000            1         1.00
       0.610     0.100000         1002         1.11
       0.761     0.200000         2000         1.25
       0.894     0.300000         2999         1.43
       1.026     0.400000         4003         1.67
       1.159     0.500000         5003         2.00
       1.234     0.550000         5497         2.22
       1.307     0.600000         5997         2.50
       1.381     0.650000         6503         2.86
       1.455     0.700000         7001         3.33
       1.531     0.750000         7498         4.00
       1.577     0.775000         7747         4.44
       1.619     0.800000         7996         5.00
       1.666     0.825000         8251         5.71
       1.714     0.850000         8501         6.67
       1.768     0.875000         8744         8.00
       1.798     0.887500         8874         8.89
       1.832     0.900000         8996        10.00
       1.874     0.912500         9120        11.43
       1.931     0.925000         9244        13.33
       2.021     0.937500         9368        16.00
       2.081     0.943750         9432        17.78
       2.145     0.950000         9493        20.00
       2.219     0.956250         9556        22.86
       2.289     0.962500         9619        26.67
       2.421     0.968750         9680        32.00
       2.531     0.971875         9711        35.56
       2.703     0.975000         9743        40.00
       2.883     0.978125         9775        45.71
       3.053     0.981250         9805        53.33
       3.355     0.984375         9836        64.00
       3.517     0.985938         9852        71.11
       3.835     0.987500         9869        80.00
       4.039     0.989062         9883        91.43
       4.355     0.990625         9899       106.67
       4.919     0.992188         9914       128.00
       5.887     0.992969         9922       142.22
       7.227     0.993750         9930       160.00
       9.583     0.994531         9938       182.86
      15.439     0.995313         9946       213.33
      18.879     0.996094         9953       256.00
      24.223     0.996484         9957       284.44
      24.975     0.996875         9961       320.00
      28.463     0.997266         9965       365.71
      31.711     0.997656         9969       426.67
      34.015     0.998047         9973       512.00
      34.463     0.998242         9975       568.89
      37.087     0.998437         9977       640.00
      38.079     0.998633         9979       731.43
      38.975     0.998828         9981       853.33
      41.439     0.999023         9983      1024.00
      42.111     0.999121         9984      1137.78
      43.295     0.999219         9985      1280.00
      43.423     0.999316         9986      1462.86
      43.583     0.999414         9987      1706.67
      43.807     0.999512         9988      2048.00
      43.807     0.999561         9988      2275.56
      43.839     0.999609         9989      2560.00
      43.839     0.999658         9989      2925.71
      46.367     0.999707         9990      3413.33
      46.367     0.999756         9990      4096.00
      46.367     0.999780         9990      4551.11
      46.463     0.999805         9991      5120.00
      46.463     0.999829         9991      5851.43
      46.463     0.999854         9991      6826.67
      46.463     0.999878         9991      8192.00
      46.463     0.999890         9991      9102.22
      47.647     0.999902         9992     10240.00
      47.647     1.000000         9992          inf
#[Mean    =        1.379, StdDeviation   =        2.259]
#[Max     =       47.616, Total count    =         9992]
#[Buckets =           27, SubBuckets     =         2048]
----------------------------------------------------------
  9995 requests in 10.00s, 1.67MB read
Requests/sec:    999.32
Transfer/sec:    170.78KB
