Running 10s test @ http://localhost
  2 threads and 10 connections
  Thread Stats   Avg      Stdev     Max   +/- Stdev
    Latency     1.33ms  606.29us   6.27ms   69.76%
    Req/Sec       -nan      -nan   0.00      0.00%
  Latency Distribution (HdrHistogram - Recorded Latency)
 50.000%    1.28ms
 75.000%    1.70ms
 90.000%    2.07ms
 99.000%    3.13ms
 99.900%    5.22ms
 99.990%    6.14ms
 99.999%    6.28ms
100.000%    6.28ms

  Detailed Percentile spectrum:
       Value   Percentile   TotalCount 1/(1-Percentile)

       0.177     0.000000            1         1.00
       0.631     0.100000         1000         1.11
       0.807     0.200000         2006         1.25
       0.969     0.300000         3006         1.43
       1.121     0.400000         4001         1.67
       1.277     0.500000         4996         2.00
       1.356     0.550000         5501         2.22
       1.434     0.600000         5996         2.50
       1.510     0.650000         6497         2.86
       1.601     0.700000         7002         3.33
       1.697     0.750000         7494         4.00
       1.755     0.775000         7746         4.44
       1.815     0.800000         7992         5.00
       1.870     0.825000         8246         5.71
       1.935     0.850000         8495         6.67
       2.001     0.875000         8746         8.00
       2.032     0.887500         8867         8.89
       2.069     0.900000         8992        10.00
       2.109     0.912500         9122        11.43
       2.157     0.925000         9243        13.33
       2.203     0.937500         9372        16.00
       2.225     0.943750         9433        17.78
       2.263     0.950000         9495        20.00
       2.301     0.956250         9555        22.86
       2.345     0.962500         9616        26.67
       2.397     0.968750         9680        32.00
       2.447     0.971875         9711        35.56
       2.491     0.975000         9742        40.00
       2.561     0.978125         9775        45.71
       2.635     0.981250         9804        53.33
       2.737     0.984375         9834        64.00
       2.797     0.985938         9850        71.11
       2.889     0.987500         9866        80.00
       3.031     0.989062         9881        91.43
       3.211     0.990625         9897       106.67
       3.415     0.992188         9912       128.00
       3.565     0.992969         9920       142.22
       3.655     0.993750         9928       160.00
       3.729     0.994531         9936       182.86
       4.077     0.995313         9944       213.33
       4.275     0.996094         9951       256.00
       4.315     0.996484         9955       284.44
       4.451     0.996875         9959       320.00
       4.571     0.997266         9963       365.71
       4.743     0.997656         9967       426.67
       5.011     0.998047         9971       512.00
       5.091     0.998242         9973       568.89
       5.103     0.998437         9975       640.00
       5.135     0.998633         9977       731.43
       5.195     0.998828         9979       853.33
       5.267     0.999023         9981      1024.00
       5.359     0.999121         9982      1137.78
       5.419     0.999219         9983      1280.00
       5.507     0.999316         9984      1462.86
       5.571     0.999414         9985      1706.67
       5.583     0.999512         9986      2048.00
       5.583     0.999561         9986      2275.56
       5.803     0.999609         9987      2560.00
       5.803     0.999658         9987      2925.71
       5.967     0.999707         9988      3413.33
       5.967     0.999756         9988      4096.00
       5.967     0.999780         9988      4551.11
       6.135     0.999805         9989      5120.00
       6.135     0.999829         9989      5851.43
       6.135     0.999854         9989      6826.67
       6.135     0.999878         9989      8192.00
       6.135     0.999890         9989      9102.22
       6.275     0.999902         9990     10240.00
       6.275     1.000000         9990          inf
#[Mean    =        1.334, StdDeviation   =        0.606]
#[Max     =        6.272, Total count    =         9990]
#[Buckets =           27, SubBuckets     =         2048]
----------------------------------------------------------
  9993 requests in 10.01s, 1.67MB read
Requests/sec:    998.52
Transfer/sec:    170.65KB
