Running 10s test @ http://localhost
  2 threads and 10 connections
  Thread Stats   Avg      Stdev     Max   +/- Stdev
    Latency     1.31ms  623.83us  10.42ms   76.77%
    Req/Sec       -nan      -nan   0.00      0.00%
  Latency Distribution (HdrHistogram - Recorded Latency)
 50.000%    1.27ms
 75.000%    1.63ms
 90.000%    1.91ms
 99.000%    3.86ms
 99.900%    5.66ms
 99.990%   10.41ms
 99.999%   10.42ms
100.000%   10.42ms

  Detailed Percentile spectrum:
       Value   Percentile   TotalCount 1/(1-Percentile)

       0.173     0.000000            1         1.00
       0.620     0.100000         1003         1.11
       0.806     0.200000         2002         1.25
       0.984     0.300000         3003         1.43
       1.127     0.400000         4001         1.67
       1.269     0.500000         5001         2.00
       1.333     0.550000         5497         2.22
       1.400     0.600000         5998         2.50
       1.469     0.650000         6496         2.86
       1.541     0.700000         7001         3.33
       1.626     0.750000         7504         4.00
       1.664     0.775000         7747         4.44
       1.706     0.800000         7995         5.00
       1.747     0.825000         8247         5.71
       1.793     0.850000         8495         6.67
       1.850     0.875000         8746         8.00
       1.880     0.887500         8870         8.89
       1.913     0.900000         8997        10.00
       1.954     0.912500         9119        11.43
       2.006     0.925000         9246        13.33
       2.059     0.937500         9368        16.00
       2.101     0.943750         9432        17.78
       2.137     0.950000         9495        20.00
       2.173     0.956250         9555        22.86
       2.243     0.962500         9618        26.67
       2.339     0.968750         9680        32.00
       2.391     0.971875         9711        35.56
       2.433     0.975000         9746        40.00
       2.515     0.978125         9774        45.71
       2.651     0.981250         9805        53.33
       2.779     0.984375         9836        64.00
       2.881     0.985938         9852        71.11
       3.043     0.987500         9868        80.00
       3.399     0.989062         9883        91.43
       4.001     0.990625         9899       106.67
       4.295     0.992188         9914       128.00
       4.507     0.992969         9922       142.22
       4.611     0.993750         9930       160.00
       4.675     0.994531         9938       182.86
       4.791     0.995313         9946       213.33
       4.971     0.996094         9953       256.00
       5.007     0.996484         9957       284.44
       5.091     0.996875         9961       320.00
       5.119     0.997266         9965       365.71
       5.143     0.997656         9969       426.67
       5.307     0.998047         9973       512.00
       5.327     0.998242         9975       568.89
       5.371     0.998437         9977       640.00
       5.515     0.998633         9979       731.43
       5.543     0.998828         9981       853.33
       5.699     0.999023         9983      1024.00
       5.731     0.999121         9984      1137.78
       5.847     0.999219         9985      1280.00
       6.047     0.999316         9986      1462.86
       6.783     0.999414         9988      1706.67
       6.783     0.999512         9988      2048.00
       6.783     0.999561         9988      2275.56
       6.819     0.999609         9989      2560.00
       6.819     0.999658         9989      2925.71
       6.995     0.999707         9990      3413.33
       6.995     0.999756         9990      4096.00
       6.995     0.999780         9990      4551.11
      10.415     0.999805         9991      5120.00
      10.415     0.999829         9991      5851.43
      10.415     0.999854         9991      6826.67
      10.415     0.999878         9991      8192.00
      10.415     0.999890         9991      9102.22
      10.423     0.999902         9992     10240.00
      10.423     1.000000         9992          inf
#[Mean    =        1.307, StdDeviation   =        0.624]
#[Max     =       10.416, Total count    =         9992]
#[Buckets =           27, SubBuckets     =         2048]
----------------------------------------------------------
  9995 requests in 10.00s, 1.67MB read
Requests/sec:    999.39
Transfer/sec:    170.79KB
