Running 10s test @ http://localhost
  2 threads and 10 connections
  Thread Stats   Avg      Stdev     Max   +/- Stdev
    Latency     1.27ms  640.36us  10.96ms   80.89%
    Req/Sec       -nan      -nan   0.00      0.00%
  Latency Distribution (HdrHistogram - Recorded Latency)
 50.000%    1.21ms
 75.000%    1.54ms
 90.000%    1.88ms
 99.000%    3.84ms
 99.900%    6.16ms
 99.990%   10.61ms
 99.999%   10.97ms
100.000%   10.97ms

  Detailed Percentile spectrum:
       Value   Percentile   TotalCount 1/(1-Percentile)

       0.175     0.000000            1         1.00
       0.628     0.100000         1001         1.11
       0.792     0.200000         2002         1.25
       0.931     0.300000         2998         1.43
       1.066     0.400000         4004         1.67
       1.207     0.500000         4999         2.00
       1.271     0.550000         5501         2.22
       1.338     0.600000         6001         2.50
       1.407     0.650000         6502         2.86
       1.475     0.700000         7002         3.33
       1.544     0.750000         7496         4.00
       1.589     0.775000         7750         4.44
       1.632     0.800000         7994         5.00
       1.684     0.825000         8244         5.71
       1.740     0.850000         8495         6.67
       1.805     0.875000         8745         8.00
       1.843     0.887500         8868         8.89
       1.880     0.900000         8996        10.00
       1.923     0.912500         9120        11.43
       1.976     0.925000         9243        13.33
       2.028     0.937500         9369        16.00
       2.055     0.943750         9431        17.78
       2.099     0.950000         9494        20.00
       2.151     0.956250         9555        22.86
       2.221     0.962500         9618        26.67
       2.315     0.968750         9680        32.00
       2.401     0.971875         9711        35.56
       2.493     0.975000         9743        40.00
       2.671     0.978125         9775        45.71
       2.987     0.981250         9805        53.33
       3.317     0.984375         9836        64.00
       3.449     0.985938         9852        71.11
       3.585     0.987500         9868        80.00
       3.781     0.989062         9883        91.43
       3.919     0.990625         9899       106.67
       4.083     0.992188         9914       128.00
       4.259     0.992969         9922       142.22
       4.403     0.993750         9930       160.00
       4.503     0.994531         9938       182.86
       4.723     0.995313         9946       213.33
       4.895     0.996094         9953       256.00
       4.983     0.996484         9957       284.44
       5.079     0.996875         9961       320.00
       5.143     0.997266         9965       365.71
       5.275     0.997656         9969       426.67
       5.347     0.998047         9973       512.00
       5.411     0.998242         9975       568.89
       5.527     0.998437         9977       640.00
       5.803     0.998633         9979       731.43
       5.907     0.998828         9981       853.33
       6.659     0.999023         9983      1024.00
       6.707     0.999121         9984      1137.78
       6.711     0.999219         9985      1280.00
       6.979     0.999316         9986      1462.86
       7.371     0.999414         9987      1706.67
       8.471     0.999512         9988      2048.00
       8.471     0.999561         9988      2275.56
       8.847     0.999609         9989      2560.00
       8.847     0.999658         9989      2925.71
       9.231     0.999707         9990      3413.33
       9.231     0.999756         9990      4096.00
       9.231     0.999780         9990      4551.11
      10.615     0.999805         9991      5120.00
      10.615     0.999829         9991      5851.43
      10.615     0.999854         9991      6826.67
      10.615     0.999878         9991      8192.00
      10.615     0.999890         9991      9102.22
      10.967     0.999902         9992     10240.00
      10.967     1.000000         9992          inf
#[Mean    =        1.269, StdDeviation   =        0.640]
#[Max     =       10.960, Total count    =         9992]
#[Buckets =           27, SubBuckets     =         2048]
----------------------------------------------------------
  9994 requests in 10.00s, 1.67MB read
Requests/sec:    999.22
Transfer/sec:    170.77KB
