Running 10s test @ http://localhost
  2 threads and 10 connections
  Thread Stats   Avg      Stdev     Max   +/- Stdev
    Latency     1.23ms  623.95us   7.93ms   75.27%
    Req/Sec       -nan      -nan   0.00      0.00%
  Latency Distribution (HdrHistogram - Recorded Latency)
 50.000%    1.19ms
 75.000%    1.56ms
 90.000%    1.88ms
 99.000%    3.37ms
 99.900%    6.30ms
 99.990%    7.87ms
 99.999%    7.93ms
100.000%    7.93ms

  Detailed Percentile spectrum:
       Value   Percentile   TotalCount 1/(1-Percentile)

       0.147     0.000000            1         1.00
       0.531     0.100000         1004         1.11
       0.716     0.200000         2001         1.25
       0.880     0.300000         3001         1.43
       1.038     0.400000         4003         1.67
       1.190     0.500000         4996         2.00
       1.260     0.550000         5504         2.22
       1.330     0.600000         5997         2.50
       1.394     0.650000         6498         2.86
       1.470     0.700000         6999         3.33
       1.557     0.750000         7494         4.00
       1.605     0.775000         7749         4.44
       1.649     0.800000         8001         5.00
       1.699     0.825000         8249         5.71
       1.752     0.850000         8495         6.67
       1.814     0.875000         8745         8.00
       1.845     0.887500         8868         8.89
       1.880     0.900000         8993        10.00
       1.922     0.912500         9118        11.43
       1.964     0.925000         9244        13.33
       2.022     0.937500         9368        16.00
       2.057     0.943750         9430        17.78
       2.105     0.950000         9493        20.00
       2.153     0.956250         9555        22.86
       2.223     0.962500         9618        26.67
       2.291     0.968750         9680        32.00
       2.349     0.971875         9712        35.56
       2.415     0.975000         9744        40.00
       2.519     0.978125         9774        45.71
       2.637     0.981250         9805        53.33
       2.803     0.984375         9837        64.00
       2.935     0.985938         9852        71.11
       3.103     0.987500         9868        80.00
       3.269     0.989062         9883        91.43
       3.465     0.990625         9899       106.67
       3.749     0.992188         9914       128.00
       3.919     0.992969         9922       142.22
       4.065     0.993750         9931       160.00
       4.215     0.994531         9938       182.86
       4.387     0.995313         9946       213.33
       4.535     0.996094         9953       256.00
       4.683     0.996484         9957       284.44
       4.847     0.996875         9961       320.00
       4.999     0.997266         9965       365.71
       5.187     0.997656         9969       426.67
       5.311     0.998047         9973       512.00
       5.371     0.998242         9975       568.89
       5.455     0.998437         9977       640.00
       5.683     0.998633         9979       731.43
       5.875     0.998828         9981       853.33
       6.355     0.999023         9983      1024.00
       6.747     0.999121         9984      1137.78
       6.783     0.999219         9985      1280.00
       7.075     0.999316         9986      1462.86
       7.339     0.999414         9987      1706.67
       7.423     0.999512         9988      2048.00
       7.423     0.999561         9988      2275.56
       7.491     0.999609         9989      2560.00
       7.491     0.999658         9989      2925.71
       7.567     0.999707         9990      3413.33
       7.567     0.999756         9990      4096.00
       7.567     0.999780         9990      4551.11
       7.867     0.999805         9991      5120.00
       7.867     0.999829         9991      5851.43
       7.867     0.999854         9991      6826.67
       7.867     0.999878         9991      8192.00
       7.867     0.999890         9991      9102.22
       7.931     0.999902         9992     10240.00
       7.931     1.000000         9992          inf
#[Mean    =        1.232, StdDeviation   =        0.624]
#[Max     =        7.928, Total count    =         9992]
#[Buckets =           27, SubBuckets     =         2048]
----------------------------------------------------------
  9997 requests in 10.00s, 1.67MB read
Requests/sec:    999.48
Transfer/sec:    170.81KB
